Score=0.0950868789325
[0.082448435488493649, -0.012364198531397292, 0.053367973176188861, 1.4075167150378689, 1.504117819410151, 1.5407479478200512, 1.5260117164157418, 1.5504619387413845, 1.6, 0.08576828125475444, 0.005060265470645975, 0.2308733398716758, 0.20403859353546228, 0.34400695596603215, 0.47970247579329695]

Score=0.10323624393
[0.082065248215296607, -0.010883086493950212, 0.053367973176188861, 1.4051069692157101, 1.5002966204176311, 1.5407479478200512, 1.5249388860406308, 1.5504619387413845, 1.6, 0.08576828125475444, 0.005060265470645975, 0.2308733398716758, 0.20403859353546228, 0.34400695596603215, 0.47970247579329695]

Score=0.132644482962
[0.08423153415578477, -0.013451154552194595, 0.053367973176188861, 1.4075167150378689, 1.5002966204176311, 1.5407479478200512, 1.5260117164157418, 1.5504619387413845, 1.6, 0.08576828125475444, 0.005060265470645975, 0.2308733398716758, 0.20403859353546228, 0.34400695596603215, 0.47970247579329695]

Score=0.164450955166
[0.082448435488493649, -0.010883086493950212, 0.053367973176188861, 1.4075167150378689, 1.504117819410151, 1.5457272175571821, 1.5260117164157418, 1.5504619387413845, 1.6, 0.08576828125475444, 0.005060265470645975, 0.2308733398716758, 0.20403859353546228, 0.34400695596603215, 0.47970247579329695]

Score=0.197669230399
[0.082448435488493649, -0.013451154552194595, 0.053367973176188861, 1.4075167150378689, 1.5002966204176311, 1.5407479478200512, 1.5260117164157418, 1.5504619387413845, 1.6, 0.08576828125475444, 0.005060265470645975, 0.2308733398716758, 0.20403859353546228, 0.34400695596603215, 0.47970247579329695]

Score=0.134155844931
[0.082065248215296607, -0.013451154552194595, 0.053367973176188861, 1.4051069692157101, 1.5002966204176311, 1.5457272175571821, 1.5249388860406308, 1.5504619387413845, 1.5959005497485688, 0.08576828125475444, 0.005060265470645975, 0.2308733398716758, 0.20403859353546228, 0.34400695596603215, 0.47970247579329695]

Score=0.223725153146
[0.08423153415578477, -0.013451154552194595, 0.053367973176188861, 1.4051069692157101, 1.5002966204176311, 1.5457272175571821, 1.5249388860406308, 1.5576935731587651, 1.5959005497485688, 1, 0.005060265470645975, 0.2308733398716758, 0.20403859353546228, 1, 0.47970247579329695]

Score=0.0635464113865
[0.082065248215296607, -0.013451154552194595, 0.053367973176188861, 1.4051069692157101, 1.5002966204176311, 1.5457272175571821, 1.5249388860406308, 1.5504619387413845, 1.5959005497485688, 0.08576828125475444, 0.005060265470645975, 0.2308733398716758, 0.20403859353546228, 0.34400695596603215, 0.47970247579329695]

Score=0.165357080884
[0.082448435488493649, -0.013451154552194595, 0.053367973176188861, 1.4075167150378689, 1.5002966204176311, 1.5457272175571821, 1.5249388860406308, 1.5504619387413845, 1.5959005497485688, 0.08576828125475444, 0.005060265470645975, 0.2308733398716758, 0.20403859353546228, 0.34400695596603215, 0.47970247579329695]

Score=0.109602147364
[0.082065248215296607, -0.011792473069070129, 0.053367973176188861, 1.4051069692157101, 1.5002966204176311, 1.5457272175571821, 1.5249388860406308, 1.5504619387413845, 1.5959005497485688, 0.08576828125475444, 0.005060265470645975, 0.2308733398716758, 0.20403859353546228, 0.34400695596603215, 0.47970247579329695]

Score=0.242007467154
[0.082448435488493649, -0.013451154552194595, 0.053367973176188861, 1.4075167150378689, 1.5002966204176311, 1.5407479478200512, 1.5249388860406308, 1.5504619387413845, 1.5959005497485688, 0.08576828125475444, 0.005060265470645975, 0.2308733398716758, 0.20403859353546228, 0.34400695596603215, 0.47970247579329695]

Score=0.105024243442
[0.082065248215296607, -0.012744391673638507, 0.05133299672563011, 1.4075167150378689, 1.5055039951655482, 1.5407479478200512, 1.5289300371320074, 1.5567135310864244, 1.5959005497485688, 0.08576828125475444, 0.005060265470645975, 0.2308733398716758, 0.20403859353546228, 0.34400695596603215, 0.47970247579329695]

Score=0.0901850973773
[0.082065248215296607, -0.013451154552194595, 0.05133299672563011, 1.4075167150378689, 1.5002966204176311, 1.5457272175571821, 1.5249388860406308, 1.5504619387413845, 1.5959005497485688, 0.08576828125475444, 0.005060265470645975, 0.2308733398716758, 0.20403859353546228, 0.34400695596603215, 0.47970247579329695]

Score=0.16146095371
[0.082065248215296607, -0.013451154552194595, 0.05133299672563011, 1.4051069692157101, 1.5002966204176311, 1.5457272175571821, 1.5249388860406308, 1.5504619387413845, 1.5959005497485688, 0.08576828125475444, 0.005060265470645975, 0.2308733398716758, 0.20403859353546228, 0.34400695596603215, 0.47970247579329695]

Score=0.103717464177
[0.082065248215296607, -0.012364198531397292, 0.05133299672563011, 1.4075167150378689, 1.5055039951655482, 1.5407479478200512, 1.5249388860406308, 1.5504619387413845, 1.5959005497485688, 0.08576828125475444, 0.005060265470645975, 0.2308733398716758, 0.20403859353546228, 0.34400695596603215, 0.47970247579329695]

Score=0.069311315169
[0.082448435488493649, -0.012364198531397292, 0.054320913974988456, 1.4075167150378689, 1.5002966204176311, 1.5407479478200512, 1.5249388860406308, 1.5504619387413845, 1.5959005497485688, 0.08576828125475444, 0.005060265470645975, 0.2308733398716758, 0.20403859353546228, 0.34400695596603215, 0.47970247579329695]

Score=0.148945951404
[0.082448435488493649, -0.012364198531397292, 0.053367973176188861, 1.4075167150378689, 1.5032944890223896, 1.5407479478200512, 1.5289300371320074, 1.5567135310864244, 1.5959005497485688, 0.08576828125475444, 0.005060265470645975, 0.2308733398716758, 0.20403859353546228, 0.34400695596603215, 0.47970247579329695]

Score=0.0562638318802
[0.082065248215296607, -0.012364198531397292, 0.053367973176188861, 1.4075167150378689, 1.5055039951655482, 1.5457272175571821, 1.5249388860406308, 1.5504619387413845, 1.5959005497485688, 0.08576828125475444, 0.005060265470645975, 0.2308733398716758, 0.20403859353546228, 0.34400695596603215, 0.47970247579329695]

Score=0.135754133884
[0.082065248215296607, -0.012364198531397292, 0.054320913974988456, 1.4133743204124529, 1.4890294332501386, 1.5407479478200512, 1.5249388860406308, 1.5504619387413845, 1.5959005497485688, 0.08576828125475444, 0.005060265470645975, 0.2308733398716758, 0.20403859353546228, 0.34400695596603215, 0.47970247579329695]

Score=0.350017989271
[0.082448435488493649, -0.012364198531397292, 0.053367973176188861, 1.4051069692157101, 1.4890294332501386, 1.5407479478200512, 1.5260117164157418, 1.5504619387413845, 1.5959005497485688, 1, 0.005060265470645975, 0.2308733398716758, 0.20403859353546228, 0.34400695596603215, 0.47970247579329695]

Score=0.160511586641
[0.082448435488493649, -0.012364198531397292, 0.053367973176188861, 1.4051069692157101, 1.5055039951655482, 1.5457272175571821, 1.5249388860406308, 1.5504619387413845, 1.5959005497485688, 0.08576828125475444, 0.005060265470645975, 0.2308733398716758, 0.20403859353546228, 0.34400695596603215, 0.47970247579329695]

Score=0.046875952259
[0.082448435488493649, -0.012364198531397292, 0.053367973176188861, 1.4051069692157101, 1.4890294332501386, 1.5407479478200512, 1.5260117164157418, 1.5504619387413845, 1.5959005497485688, 0.08576828125475444, 0.005060265470645975, 0.2308733398716758, 0.20403859353546228, 0.34400695596603215, 0.47970247579329695]

Score=0.0999587648594
[0.082065248215296607, -0.012364198531397292, 0.053367973176188861, 1.4075167150378689, 1.5055039951655482, 1.5457272175571821, 1.5249388860406308, 1.5504619387413845, 1.5959005497485688, 0.08576828125475444, 0.005060265470645975, 0.2308733398716758, 0.20403859353546228, 0.34400695596603215, 0.47970247579329695]

Score=0.146203884317
[0.082448435488493649, -0.012364198531397292, 0.053367973176188861, 1.4110163712577026, 1.5055039951655482, 1.5407479478200512, 1.5260117164157418, 1.5504619387413845, 1.5959005497485688, 0.08576828125475444, 0.005060265470645975, 0.2308733398716758, 0.20403859353546228, 0.34400695596603215, 0.47970247579329695]

Score=0.099191232835
[0.082448435488493649, -0.012364198531397292, 0.052359456938768464, 1.4110163712577026, 1.4890294332501386, 1.5407479478200512, 1.5260117164157418, 1.5504619387413845, 1.5959005497485688, 0.08576828125475444, 0.005060265470645975, 0.2308733398716758, 0.20403859353546228, 0.34400695596603215, 0.47970247579329695]

Score=0.422645990309
[0.082065248215296607, -0.012558247914456684, 0.053367973176188861, 1.4075167150378689, 1.504117819410151, 1.5407479478200512, 1.5260117164157418, 1.5504619387413845, 1.5959005497485688, 0.08576828125475444, 0.005060265470645975, 0.2308733398716758, 1, 0.34400695596603215, 0.47970247579329695]

Score=0.0997519325293
[0.082065248215296607, -0.012364198531397292, 0.053367973176188861, 1.4075167150378689, 1.4890294332501386, 1.5407479478200512, 1.5260117164157418, 1.5504619387413845, 1.5959005497485688, 0.08576828125475444, 0.005060265470645975, 0.2308733398716758, 0.20403859353546228, 0.34400695596603215, 0.47970247579329695]

Score=0.0580490634647
[0.082448435488493649, -0.012364198531397292, 0.053367973176188861, 1.4110163712577026, 1.4890294332501386, 1.5407479478200512, 1.5260117164157418, 1.5504619387413845, 1.6, 0.08576828125475444, 0.005060265470645975, 0.2308733398716758, 0.20403859353546228, 0.34400695596603215, 0.47970247579329695]

Score=0.0592049559644
[0.082448435488493649, -0.010883086493950212, 0.053367973176188861, 1.4075167150378689, 1.504117819410151, 1.5457272175571821, 1.5260117164157418, 1.5504619387413845, 1.6, 0.08576828125475444, 0.005060265470645975, 0.2308733398716758, 0.20403859353546228, 0.34400695596603215, 0.47970247579329695]

Score=0.161848228492
[0.082448435488493649, -0.010883086493950212, 0.052359456938768464, 1.4110163712577026, 1.5058649042081143, 1.5407479478200512, 1.5260117164157418, 1.5504619387413845, 1.5959005497485688, 0.08576828125475444, 0.005060265470645975, 0.2308733398716758, 0.20403859353546228, 0.34400695596603215, 0.47970247579329695]




Final Population
[0.082448435488493649, -0.012364198531397292, 0.053367973176188861, 1.4075167150378689, 1.504117819410151, 1.5407479478200512, 1.5260117164157418, 1.5504619387413845, 1.6, 0.08576828125475444, 0.005060265470645975, 0.2308733398716758, 0.20403859353546228, 0.34400695596603215, 0.47970247579329695]
[0.082065248215296607, -0.010883086493950212, 0.053367973176188861, 1.4051069692157101, 1.5002966204176311, 1.5407479478200512, 1.5249388860406308, 1.5504619387413845, 1.6, 0.08576828125475444, 0.005060265470645975, 0.2308733398716758, 0.20403859353546228, 0.34400695596603215, 0.47970247579329695]
[0.08423153415578477, -0.013451154552194595, 0.053367973176188861, 1.4075167150378689, 1.5002966204176311, 1.5407479478200512, 1.5260117164157418, 1.5504619387413845, 1.6, 0.08576828125475444, 0.005060265470645975, 0.2308733398716758, 0.20403859353546228, 0.34400695596603215, 0.47970247579329695]
[0.082448435488493649, -0.010883086493950212, 0.053367973176188861, 1.4075167150378689, 1.504117819410151, 1.5457272175571821, 1.5260117164157418, 1.5504619387413845, 1.6, 0.08576828125475444, 0.005060265470645975, 0.2308733398716758, 0.20403859353546228, 0.34400695596603215, 0.47970247579329695]
[0.082448435488493649, -0.013451154552194595, 0.053367973176188861, 1.4075167150378689, 1.5002966204176311, 1.5407479478200512, 1.5260117164157418, 1.5504619387413845, 1.6, 0.08576828125475444, 0.005060265470645975, 0.2308733398716758, 0.20403859353546228, 0.34400695596603215, 0.47970247579329695]
[0.082065248215296607, -0.013451154552194595, 0.053367973176188861, 1.4051069692157101, 1.5002966204176311, 1.5457272175571821, 1.5249388860406308, 1.5504619387413845, 1.5959005497485688, 0.08576828125475444, 0.005060265470645975, 0.2308733398716758, 0.20403859353546228, 0.34400695596603215, 0.47970247579329695]
[0.08423153415578477, -0.013451154552194595, 0.053367973176188861, 1.4051069692157101, 1.5002966204176311, 1.5457272175571821, 1.5249388860406308, 1.5576935731587651, 1.5959005497485688, 1, 0.005060265470645975, 0.2308733398716758, 0.20403859353546228, 1, 0.47970247579329695]
[0.082065248215296607, -0.013451154552194595, 0.053367973176188861, 1.4051069692157101, 1.5002966204176311, 1.5457272175571821, 1.5249388860406308, 1.5504619387413845, 1.5959005497485688, 0.08576828125475444, 0.005060265470645975, 0.2308733398716758, 0.20403859353546228, 0.34400695596603215, 0.47970247579329695]
[0.082448435488493649, -0.013451154552194595, 0.053367973176188861, 1.4075167150378689, 1.5002966204176311, 1.5457272175571821, 1.5249388860406308, 1.5504619387413845, 1.5959005497485688, 0.08576828125475444, 0.005060265470645975, 0.2308733398716758, 0.20403859353546228, 0.34400695596603215, 0.47970247579329695]
[0.082065248215296607, -0.011792473069070129, 0.053367973176188861, 1.4051069692157101, 1.5002966204176311, 1.5457272175571821, 1.5249388860406308, 1.5504619387413845, 1.5959005497485688, 0.08576828125475444, 0.005060265470645975, 0.2308733398716758, 0.20403859353546228, 0.34400695596603215, 0.47970247579329695]
[0.082448435488493649, -0.013451154552194595, 0.053367973176188861, 1.4075167150378689, 1.5002966204176311, 1.5407479478200512, 1.5249388860406308, 1.5504619387413845, 1.5959005497485688, 0.08576828125475444, 0.005060265470645975, 0.2308733398716758, 0.20403859353546228, 0.34400695596603215, 0.47970247579329695]
[0.082065248215296607, -0.012744391673638507, 0.05133299672563011, 1.4075167150378689, 1.5055039951655482, 1.5407479478200512, 1.5289300371320074, 1.5567135310864244, 1.5959005497485688, 0.08576828125475444, 0.005060265470645975, 0.2308733398716758, 0.20403859353546228, 0.34400695596603215, 0.47970247579329695]
[0.082065248215296607, -0.013451154552194595, 0.05133299672563011, 1.4075167150378689, 1.5002966204176311, 1.5457272175571821, 1.5249388860406308, 1.5504619387413845, 1.5959005497485688, 0.08576828125475444, 0.005060265470645975, 0.2308733398716758, 0.20403859353546228, 0.34400695596603215, 0.47970247579329695]
[0.082065248215296607, -0.013451154552194595, 0.05133299672563011, 1.4051069692157101, 1.5002966204176311, 1.5457272175571821, 1.5249388860406308, 1.5504619387413845, 1.5959005497485688, 0.08576828125475444, 0.005060265470645975, 0.2308733398716758, 0.20403859353546228, 0.34400695596603215, 0.47970247579329695]
[0.082065248215296607, -0.012364198531397292, 0.05133299672563011, 1.4075167150378689, 1.5055039951655482, 1.5407479478200512, 1.5249388860406308, 1.5504619387413845, 1.5959005497485688, 0.08576828125475444, 0.005060265470645975, 0.2308733398716758, 0.20403859353546228, 0.34400695596603215, 0.47970247579329695]
[0.082448435488493649, -0.012364198531397292, 0.054320913974988456, 1.4075167150378689, 1.5002966204176311, 1.5407479478200512, 1.5249388860406308, 1.5504619387413845, 1.5959005497485688, 0.08576828125475444, 0.005060265470645975, 0.2308733398716758, 0.20403859353546228, 0.34400695596603215, 0.47970247579329695]
[0.082448435488493649, -0.012364198531397292, 0.053367973176188861, 1.4075167150378689, 1.5032944890223896, 1.5407479478200512, 1.5289300371320074, 1.5567135310864244, 1.5959005497485688, 0.08576828125475444, 0.005060265470645975, 0.2308733398716758, 0.20403859353546228, 0.34400695596603215, 0.47970247579329695]
[0.082065248215296607, -0.012364198531397292, 0.053367973176188861, 1.4075167150378689, 1.5055039951655482, 1.5457272175571821, 1.5249388860406308, 1.5504619387413845, 1.5959005497485688, 0.08576828125475444, 0.005060265470645975, 0.2308733398716758, 0.20403859353546228, 0.34400695596603215, 0.47970247579329695]
[0.082065248215296607, -0.012364198531397292, 0.054320913974988456, 1.4133743204124529, 1.4890294332501386, 1.5407479478200512, 1.5249388860406308, 1.5504619387413845, 1.5959005497485688, 0.08576828125475444, 0.005060265470645975, 0.2308733398716758, 0.20403859353546228, 0.34400695596603215, 0.47970247579329695]
[0.082448435488493649, -0.012364198531397292, 0.053367973176188861, 1.4051069692157101, 1.4890294332501386, 1.5407479478200512, 1.5260117164157418, 1.5504619387413845, 1.5959005497485688, 1, 0.005060265470645975, 0.2308733398716758, 0.20403859353546228, 0.34400695596603215, 0.47970247579329695]
[0.082448435488493649, -0.012364198531397292, 0.053367973176188861, 1.4051069692157101, 1.5055039951655482, 1.5457272175571821, 1.5249388860406308, 1.5504619387413845, 1.5959005497485688, 0.08576828125475444, 0.005060265470645975, 0.2308733398716758, 0.20403859353546228, 0.34400695596603215, 0.47970247579329695]
[0.082448435488493649, -0.012364198531397292, 0.053367973176188861, 1.4051069692157101, 1.4890294332501386, 1.5407479478200512, 1.5260117164157418, 1.5504619387413845, 1.5959005497485688, 0.08576828125475444, 0.005060265470645975, 0.2308733398716758, 0.20403859353546228, 0.34400695596603215, 0.47970247579329695]
[0.082065248215296607, -0.012364198531397292, 0.053367973176188861, 1.4075167150378689, 1.5055039951655482, 1.5457272175571821, 1.5249388860406308, 1.5504619387413845, 1.5959005497485688, 0.08576828125475444, 0.005060265470645975, 0.2308733398716758, 0.20403859353546228, 0.34400695596603215, 0.47970247579329695]
[0.082448435488493649, -0.012364198531397292, 0.053367973176188861, 1.4110163712577026, 1.5055039951655482, 1.5407479478200512, 1.5260117164157418, 1.5504619387413845, 1.5959005497485688, 0.08576828125475444, 0.005060265470645975, 0.2308733398716758, 0.20403859353546228, 0.34400695596603215, 0.47970247579329695]
[0.082448435488493649, -0.012364198531397292, 0.052359456938768464, 1.4110163712577026, 1.4890294332501386, 1.5407479478200512, 1.5260117164157418, 1.5504619387413845, 1.5959005497485688, 0.08576828125475444, 0.005060265470645975, 0.2308733398716758, 0.20403859353546228, 0.34400695596603215, 0.47970247579329695]
[0.082065248215296607, -0.012558247914456684, 0.053367973176188861, 1.4075167150378689, 1.504117819410151, 1.5407479478200512, 1.5260117164157418, 1.5504619387413845, 1.5959005497485688, 0.08576828125475444, 0.005060265470645975, 0.2308733398716758, 1, 0.34400695596603215, 0.47970247579329695]
[0.082065248215296607, -0.012364198531397292, 0.053367973176188861, 1.4075167150378689, 1.4890294332501386, 1.5407479478200512, 1.5260117164157418, 1.5504619387413845, 1.5959005497485688, 0.08576828125475444, 0.005060265470645975, 0.2308733398716758, 0.20403859353546228, 0.34400695596603215, 0.47970247579329695]
[0.082448435488493649, -0.012364198531397292, 0.053367973176188861, 1.4110163712577026, 1.4890294332501386, 1.5407479478200512, 1.5260117164157418, 1.5504619387413845, 1.6, 0.08576828125475444, 0.005060265470645975, 0.2308733398716758, 0.20403859353546228, 0.34400695596603215, 0.47970247579329695]
[0.082448435488493649, -0.010883086493950212, 0.053367973176188861, 1.4075167150378689, 1.504117819410151, 1.5457272175571821, 1.5260117164157418, 1.5504619387413845, 1.6, 0.08576828125475444, 0.005060265470645975, 0.2308733398716758, 0.20403859353546228, 0.34400695596603215, 0.47970247579329695]
[0.082448435488493649, -0.010883086493950212, 0.052359456938768464, 1.4110163712577026, 1.5058649042081143, 1.5407479478200512, 1.5260117164157418, 1.5504619387413845, 1.5959005497485688, 0.08576828125475444, 0.005060265470645975, 0.2308733398716758, 0.20403859353546228, 0.34400695596603215, 0.47970247579329695]
