Score=0.112816877276
[0.018223866023727088, -0.001013544619620147, -0.010462982970055094, 1.5453697965045676, 1.4347594501601697, 1.5057964070117764, 1.4377335723536688, 1.5770010702690178, 1.4343043155469966, 1, 0.8671140037277658, 0.5993954830663658, 0.10327636391044115, 0.3735067938879093, 1]

Score=0.0974364378601
[0.018223866023727088, -0.001013544619620147, -0.010462982970055094, 1.5326592322713919, 1.4347594501601697, 1.5289358463004876, 1.4377335723536688, 1.5770010702690178, 1.413815278282049, 1, 0.8671140037277658, 0.5993954830663658, 0.10327636391044115, 0.3735067938879093, 1]

Score=0.131250177997
[0.017518570782834385, -0.001013544619620147, -0.010462982970055094, 1.5396208674715186, 1.4380705101994204, 1.5057964070117764, 1.4362688240472452, 1.5770010702690178, 1.4343043155469966, 1, 0.8671140037277658, 0.5993954830663658, 0.10327636391044115, 0.3735067938879093, 1]

Score=0.0934073962897
[0.018223866023727088, -0.001013544619620147, -0.010462982970055094, 1.5496196944490781, 1.4347594501601697, 1.5289358463004876, 1.4377335723536688, 1.5770010702690178, 1.4343043155469966, 1, 0.8671140037277658, 0.5993954830663658, 0.10327636391044115, 0.3735067938879093, 1]

Score=0.0894770820145
[0.017518570782834385, -0.001013544619620147, -0.010462982970055094, 1.5496196944490781, 1.4347594501601697, 1.5289358463004876, 1.4377335723536688, 1.5770010702690178, 1.4343043155469966, 1, 0.8671140037277658, 0.5993954830663658, 0.10327636391044115, 0.3735067938879093, 1]

Score=0.0383256499023
[0.018223866023727088, -0.001013544619620147, -0.010462982970055094, 1.5453697965045676, 1.4361821951770055, 1.5289358463004876, 1.4377335723536688, 1.5770010702690178, 1.4343043155469966, 1, 0.8671140037277658, 0.5993954830663658, 0.10327636391044115, 0.3735067938879093, 1]

Score=0.0392995435008
[0.018223866023727088, -0.001013544619620147, -0.010462982970055094, 1.5496196944490781, 1.4347594501601697, 1.5289358463004876, 1.4377335723536688, 1.5770010702690178, 1.413815278282049, 1, 0.8671140037277658, 0.5993954830663658, 0.10327636391044115, 0.3735067938879093, 1]

Score=0.0972178870559
[0.017518570782834385, -0.001013544619620147, -0.010462982970055094, 1.5496196944490781, 1.4347594501601697, 1.5289358463004876, 1.4377335723536688, 1.5770010702690178, 1.413815278282049, 1, 0.8671140037277658, 0.5993954830663658, 0.10327636391044115, 0.3735067938879093, 1]

Score=0.187737469437
[0.017518570782834385, -0.001013544619620147, -0.010462982970055094, 1.5496196944490781, 1.4345611903846964, 1.5057964070117764, 1.4362688240472452, 1.5770010702690178, 1.4335957260404353, 1, 0.8671140037277658, 0.5993954830663658, 0.10327636391044115, 0.3735067938879093, 1]

Score=0.086396787934
[0.018223866023727088, -0.001013544619620147, -0.010462982970055094, 1.5453697965045676, 1.4347594501601697, 1.5057964070117764, 1.4362688240472452, 1.5814044503905049, 1.413815278282049, 1, 0.8671140037277658, 0.5993954830663658, 0.10327636391044115, 0.3735067938879093, 1]

Score=0.0390629887535
[0.017518570782834385, -0.001013544619620147, -0.010462982970055094, 1.5496196944490781, 1.4345611903846964, 1.5057964070117764, 1.4377335723536688, 1.5770010702690178, 1.413815278282049, 1, 0.8671140037277658, 0.5993954830663658, 0.10327636391044115, 0.3735067938879093, 1]

Score=0.0390637603269
[0.017518570782834385, -0.001013544619620147, -0.010462982970055094, 1.5496196944490781, 1.4345611903846964, 1.5057964070117764, 1.4362688240472452, 1.5770010702690178, 1.413815278282049, 1, 0.8671140037277658, 0.5993954830663658, 0.10327636391044115, 0.3735067938879093, 1]

Score=0.0392297487279
[0.017518570782834385, -0.001013544619620147, -0.010462982970055094, 1.5496196944490781, 1.4345611903846964, 1.5057964070117764, 1.4362688240472452, 1.5770010702690178, 1.4335957260404353, 1, 0.8671140037277658, 0.5993954830663658, 0.10327636391044115, 0.3735067938879093, 1]

Score=0.0853483729837
[0.017518570782834385, -0.001013544619620147, -0.010462982970055094, 1.5496196944490781, 1.4345611903846964, 1.5076796989120065, 1.4362688240472452, 1.5770010702690178, 1.413815278282049, 1, 0.8671140037277658, 0.5993954830663658, 0.10327636391044115, 0.3735067938879093, 1]

Score=0.214371044512
[0.017518570782834385, -0.001013544619620147, -0.010462982970055094, 1.5496196944490781, 1.4345611903846964, 1.5034923302480763, 1.4362688240472452, 1.5770010702690178, 1.413815278282049, 1, 0.8671140037277658, 0.5993954830663658, 0.10327636391044115, 0.3735067938879093, 1]

Score=0.0389054085608
[0.018223866023727088, -0.001013544619620147, -0.010462982970055094, 1.5453697965045676, 1.4347594501601697, 1.5057964070117764, 1.4362688240472452, 1.5770010702690178, 1.413815278282049, 1, 0.8671140037277658, 0.5993954830663658, 0.10327636391044115, 0.3735067938879093, 1]

Score=0.228034385717
[0.017518570782834385, -0.001013544619620147, -0.010462982970055094, 1.5496196944490781, 1.4345611903846964, 1.5057964070117764, 1.4362688240472452, 1.5770010702690178, 1.4335957260404353, 1, 0.8671140037277658, 0.5993954830663658, 0.10327636391044115, 0.3735067938879093, 1]

Score=0.0389049569538
[0.018223866023727088, -0.001013544619620147, -0.010462982970055094, 1.5496196944490781, 1.4347594501601697, 1.5057964070117764, 1.4362688240472452, 1.5770010702690178, 1.413815278282049, 1, 0.8671140037277658, 0.5993954830663658, 0.10327636391044115, 0.3735067938879093, 1]

Score=0.122241697045
[0.017518570782834385, -0.001013544619620147, -0.010462982970055094, 1.5496196944490781, 1.4345611903846964, 1.5057964070117764, 1.4362688240472452, 1.5770010702690178, 1.413815278282049, 1, 0.8671140037277658, 0.5993954830663658, 0.10327636391044115, 0.3735067938879093, 1]

Score=0.0390336912207
[0.017518570782834385, -0.001013544619620147, -0.010462982970055094, 1.5320246396462347, 1.4345611903846964, 1.5057964070117764, 1.4362688240472452, 1.5770010702690178, 1.4335957260404353, 1, 0.8671140037277658, 0.5993954830663658, 0.10327636391044115, 0.3735067938879093, 1]

Score=0.181186671707
[0.018223866023727088, -0.001013544619620147, -0.010462982970055094, 1.5496196944490781, 1.4345611903846964, 1.5057964070117764, 1.4666730757973752, 1.5770010702690178, 1.4343043155469966, 1, 0.8671140037277658, 0.5993954830663658, 0.10327636391044115, 0.3735067938879093, 1]

Score=0.210641305548
[0.018223866023727088, -0.001013544619620147, -0.010462982970055094, 1.5496196944490781, 1.4345611903846964, 1.5057964070117764, 1.4362688240472452, 1.5720142289045025, 1.413815278282049, 1, 0.8671140037277658, 0.5993954830663658, 0.10327636391044115, 0.3735067938879093, 1]

Score=0.131168168864
[0.017518570782834385, -0.001013544619620147, -0.010462982970055094, 1.5496196944490781, 1.4345611903846964, 1.5203785403130037, 1.4666730757973752, 1.572129983507889, 1.4, 1, 0.8671140037277658, 0.5993954830663658, 0.10327636391044115, 0.3735067938879093, 1]

Score=0.0388806533075
[0.017518570782834385, -0.001013544619620147, -0.010462982970055094, 1.5496196944490781, 1.4345611903846964, 1.5203785403130037, 1.4362688240472452, 1.572129983507889, 1.413815278282049, 1, 0.8671140037277658, 0.5993954830663658, 0.10327636391044115, 0.3735067938879093, 1]

Score=0.143571720286
[0.017518570782834385, -0.001013544619620147, -0.010462982970055094, 1.5496196944490781, 1.4345611903846964, 1.5057964070117764, 1.4362688240472452, 1.5770010702690178, 1.4343043155469966, 1, 0.8671140037277658, 0.5993954830663658, 0.10327636391044115, 0.3735067938879093, 1]

Score=0.0552037810363
[0.018223866023727088, -0.001013544619620147, -0.010462982970055094, 1.5396208674715186, 1.4345611903846964, 1.5203785403130037, 1.4362688240472452, 1.572129983507889, 1.4343043155469966, 1, 0.8671140037277658, 0.5993954830663658, 0.10327636391044115, 0.3735067938879093, 1]

Score=0.4999227387
[0.018223866023727088, -0.001013544619620147, -0.010462982970055094, 1.5496196944490781, 1.4347594501601697, 1.5203785403130037, 1.4666730757973752, 1.5770010702690178, 1.4, 1, 0.8671140037277658, 1, 0.10327636391044115, 0.3735067938879093, 1]

Score=0.183139981494
[0.018223866023727088, -0.001013544619620147, -0.010462982970055094, 1.5396208674715186, 1.4409961061196512, 1.5057964070117764, 1.4362688240472452, 1.5770010702690178, 1.4343043155469966, 1, 0.8671140037277658, 0.5993954830663658, 0.10327636391044115, 0.3735067938879093, 1]

Score=0.276319887825
[0.018223866023727088, -0.001013544619620147, -0.010462982970055094, 1.5453697965045676, 1.4347594501601697, 1.5057964070117764, 1.4377335723536688, 1.572129983507889, 1.4343043155469966, 1, 0.8671140037277658, 0.5993954830663658, 0.10327636391044115, 0.3735067938879093, 1]

Score=0.0376870899855
[0.017518570782834385, -0.001013544619620147, -0.010462982970055094, 1.5396208674715186, 1.4347594501601697, 1.5057964070117764, 1.4362688240472452, 1.5770010702690178, 1.4343043155469966, 1, 0.8671140037277658, 0.5993954830663658, 0.10327636391044115, 0.3735067938879093, 1]




Final Population
[0.018223866023727088, -0.001013544619620147, -0.010462982970055094, 1.5453697965045676, 1.4347594501601697, 1.5057964070117764, 1.4377335723536688, 1.5770010702690178, 1.4343043155469966, 1, 0.8671140037277658, 0.5993954830663658, 0.10327636391044115, 0.3735067938879093, 1]
[0.018223866023727088, -0.001013544619620147, -0.010462982970055094, 1.5326592322713919, 1.4347594501601697, 1.5289358463004876, 1.4377335723536688, 1.5770010702690178, 1.413815278282049, 1, 0.8671140037277658, 0.5993954830663658, 0.10327636391044115, 0.3735067938879093, 1]
[0.017518570782834385, -0.001013544619620147, -0.010462982970055094, 1.5396208674715186, 1.4380705101994204, 1.5057964070117764, 1.4362688240472452, 1.5770010702690178, 1.4343043155469966, 1, 0.8671140037277658, 0.5993954830663658, 0.10327636391044115, 0.3735067938879093, 1]
[0.018223866023727088, -0.001013544619620147, -0.010462982970055094, 1.5496196944490781, 1.4347594501601697, 1.5289358463004876, 1.4377335723536688, 1.5770010702690178, 1.4343043155469966, 1, 0.8671140037277658, 0.5993954830663658, 0.10327636391044115, 0.3735067938879093, 1]
[0.017518570782834385, -0.001013544619620147, -0.010462982970055094, 1.5496196944490781, 1.4347594501601697, 1.5289358463004876, 1.4377335723536688, 1.5770010702690178, 1.4343043155469966, 1, 0.8671140037277658, 0.5993954830663658, 0.10327636391044115, 0.3735067938879093, 1]
[0.018223866023727088, -0.001013544619620147, -0.010462982970055094, 1.5453697965045676, 1.4361821951770055, 1.5289358463004876, 1.4377335723536688, 1.5770010702690178, 1.4343043155469966, 1, 0.8671140037277658, 0.5993954830663658, 0.10327636391044115, 0.3735067938879093, 1]
[0.018223866023727088, -0.001013544619620147, -0.010462982970055094, 1.5496196944490781, 1.4347594501601697, 1.5289358463004876, 1.4377335723536688, 1.5770010702690178, 1.413815278282049, 1, 0.8671140037277658, 0.5993954830663658, 0.10327636391044115, 0.3735067938879093, 1]
[0.017518570782834385, -0.001013544619620147, -0.010462982970055094, 1.5496196944490781, 1.4347594501601697, 1.5289358463004876, 1.4377335723536688, 1.5770010702690178, 1.413815278282049, 1, 0.8671140037277658, 0.5993954830663658, 0.10327636391044115, 0.3735067938879093, 1]
[0.017518570782834385, -0.001013544619620147, -0.010462982970055094, 1.5496196944490781, 1.4345611903846964, 1.5057964070117764, 1.4362688240472452, 1.5770010702690178, 1.4335957260404353, 1, 0.8671140037277658, 0.5993954830663658, 0.10327636391044115, 0.3735067938879093, 1]
[0.018223866023727088, -0.001013544619620147, -0.010462982970055094, 1.5453697965045676, 1.4347594501601697, 1.5057964070117764, 1.4362688240472452, 1.5814044503905049, 1.413815278282049, 1, 0.8671140037277658, 0.5993954830663658, 0.10327636391044115, 0.3735067938879093, 1]
[0.017518570782834385, -0.001013544619620147, -0.010462982970055094, 1.5496196944490781, 1.4345611903846964, 1.5057964070117764, 1.4377335723536688, 1.5770010702690178, 1.413815278282049, 1, 0.8671140037277658, 0.5993954830663658, 0.10327636391044115, 0.3735067938879093, 1]
[0.017518570782834385, -0.001013544619620147, -0.010462982970055094, 1.5496196944490781, 1.4345611903846964, 1.5057964070117764, 1.4362688240472452, 1.5770010702690178, 1.413815278282049, 1, 0.8671140037277658, 0.5993954830663658, 0.10327636391044115, 0.3735067938879093, 1]
[0.017518570782834385, -0.001013544619620147, -0.010462982970055094, 1.5496196944490781, 1.4345611903846964, 1.5057964070117764, 1.4362688240472452, 1.5770010702690178, 1.4335957260404353, 1, 0.8671140037277658, 0.5993954830663658, 0.10327636391044115, 0.3735067938879093, 1]
[0.017518570782834385, -0.001013544619620147, -0.010462982970055094, 1.5496196944490781, 1.4345611903846964, 1.5076796989120065, 1.4362688240472452, 1.5770010702690178, 1.413815278282049, 1, 0.8671140037277658, 0.5993954830663658, 0.10327636391044115, 0.3735067938879093, 1]
[0.017518570782834385, -0.001013544619620147, -0.010462982970055094, 1.5496196944490781, 1.4345611903846964, 1.5034923302480763, 1.4362688240472452, 1.5770010702690178, 1.413815278282049, 1, 0.8671140037277658, 0.5993954830663658, 0.10327636391044115, 0.3735067938879093, 1]
[0.018223866023727088, -0.001013544619620147, -0.010462982970055094, 1.5453697965045676, 1.4347594501601697, 1.5057964070117764, 1.4362688240472452, 1.5770010702690178, 1.413815278282049, 1, 0.8671140037277658, 0.5993954830663658, 0.10327636391044115, 0.3735067938879093, 1]
[0.017518570782834385, -0.001013544619620147, -0.010462982970055094, 1.5496196944490781, 1.4345611903846964, 1.5057964070117764, 1.4362688240472452, 1.5770010702690178, 1.4335957260404353, 1, 0.8671140037277658, 0.5993954830663658, 0.10327636391044115, 0.3735067938879093, 1]
[0.018223866023727088, -0.001013544619620147, -0.010462982970055094, 1.5496196944490781, 1.4347594501601697, 1.5057964070117764, 1.4362688240472452, 1.5770010702690178, 1.413815278282049, 1, 0.8671140037277658, 0.5993954830663658, 0.10327636391044115, 0.3735067938879093, 1]
[0.017518570782834385, -0.001013544619620147, -0.010462982970055094, 1.5496196944490781, 1.4345611903846964, 1.5057964070117764, 1.4362688240472452, 1.5770010702690178, 1.413815278282049, 1, 0.8671140037277658, 0.5993954830663658, 0.10327636391044115, 0.3735067938879093, 1]
[0.017518570782834385, -0.001013544619620147, -0.010462982970055094, 1.5320246396462347, 1.4345611903846964, 1.5057964070117764, 1.4362688240472452, 1.5770010702690178, 1.4335957260404353, 1, 0.8671140037277658, 0.5993954830663658, 0.10327636391044115, 0.3735067938879093, 1]
[0.018223866023727088, -0.001013544619620147, -0.010462982970055094, 1.5496196944490781, 1.4345611903846964, 1.5057964070117764, 1.4666730757973752, 1.5770010702690178, 1.4343043155469966, 1, 0.8671140037277658, 0.5993954830663658, 0.10327636391044115, 0.3735067938879093, 1]
[0.018223866023727088, -0.001013544619620147, -0.010462982970055094, 1.5496196944490781, 1.4345611903846964, 1.5057964070117764, 1.4362688240472452, 1.5720142289045025, 1.413815278282049, 1, 0.8671140037277658, 0.5993954830663658, 0.10327636391044115, 0.3735067938879093, 1]
[0.017518570782834385, -0.001013544619620147, -0.010462982970055094, 1.5496196944490781, 1.4345611903846964, 1.5203785403130037, 1.4666730757973752, 1.572129983507889, 1.4, 1, 0.8671140037277658, 0.5993954830663658, 0.10327636391044115, 0.3735067938879093, 1]
[0.017518570782834385, -0.001013544619620147, -0.010462982970055094, 1.5496196944490781, 1.4345611903846964, 1.5203785403130037, 1.4362688240472452, 1.572129983507889, 1.413815278282049, 1, 0.8671140037277658, 0.5993954830663658, 0.10327636391044115, 0.3735067938879093, 1]
[0.017518570782834385, -0.001013544619620147, -0.010462982970055094, 1.5496196944490781, 1.4345611903846964, 1.5057964070117764, 1.4362688240472452, 1.5770010702690178, 1.4343043155469966, 1, 0.8671140037277658, 0.5993954830663658, 0.10327636391044115, 0.3735067938879093, 1]
[0.018223866023727088, -0.001013544619620147, -0.010462982970055094, 1.5396208674715186, 1.4345611903846964, 1.5203785403130037, 1.4362688240472452, 1.572129983507889, 1.4343043155469966, 1, 0.8671140037277658, 0.5993954830663658, 0.10327636391044115, 0.3735067938879093, 1]
[0.018223866023727088, -0.001013544619620147, -0.010462982970055094, 1.5496196944490781, 1.4347594501601697, 1.5203785403130037, 1.4666730757973752, 1.5770010702690178, 1.4, 1, 0.8671140037277658, 1, 0.10327636391044115, 0.3735067938879093, 1]
[0.018223866023727088, -0.001013544619620147, -0.010462982970055094, 1.5396208674715186, 1.4409961061196512, 1.5057964070117764, 1.4362688240472452, 1.5770010702690178, 1.4343043155469966, 1, 0.8671140037277658, 0.5993954830663658, 0.10327636391044115, 0.3735067938879093, 1]
[0.018223866023727088, -0.001013544619620147, -0.010462982970055094, 1.5453697965045676, 1.4347594501601697, 1.5057964070117764, 1.4377335723536688, 1.572129983507889, 1.4343043155469966, 1, 0.8671140037277658, 0.5993954830663658, 0.10327636391044115, 0.3735067938879093, 1]
[0.017518570782834385, -0.001013544619620147, -0.010462982970055094, 1.5396208674715186, 1.4347594501601697, 1.5057964070117764, 1.4362688240472452, 1.5770010702690178, 1.4343043155469966, 1, 0.8671140037277658, 0.5993954830663658, 0.10327636391044115, 0.3735067938879093, 1]
