Score=0.0942732904814
alpha=[0.011779025528643806, -0.04208637551368025, -0.042756789089886782]
beta=[1.417448491117264, 1.5755285734970612, 1.516566785378601, 1.5127381225056868, 1.4868410504346463, 1.5429344636325484]
gamma=[1, 0.7707293381437466, 0.006784361946556516, 0.29674661281405434, 0.27627174766626295, 0.7932965534811212]

Score=0.0947672627005
alpha=[0.011779025528643806, -0.04208637551368025, -0.0426589238481842]
beta=[1.4136538732493038, 1.5787245087109787, 1.516566785378601, 1.5127381225056868, 1.4972871015429507, 1.5429344636325484]
gamma=[0.8811603718581528, 0.7707293381437466, 0.006784361946556516, 0.4848757942636367, 0.27627174766626295, 0.7932965534811212]

Score=0.0857276242024
alpha=[0.011779025528643806, -0.04208637551368025, -0.0426589238481842]
beta=[1.417448491117264, 1.5787245087109787, 1.516566785378601, 1.5127381225056868, 1.4972871015429507, 1.5429344636325484]
gamma=[1, 0.7707293381437466, 0.006784361946556516, 0.4848757942636367, 0.27627174766626295, 0.7932965534811212]

Score=0.0974880510407
alpha=[0.011779025528643806, -0.041542183300135947, -0.0426589238481842]
beta=[1.417448491117264, 1.5787245087109787, 1.524138642968897, 1.5127381225056868, 1.4972871015429507, 1.5429344636325484]
gamma=[1, 0.7707293381437466, 0.006784361946556516, 0.4848757942636367, 0.27627174766626295, 0.7932965534811212]

Score=0.087797269367
alpha=[0.011779025528643806, -0.04208637551368025, -0.042756789089886782]
beta=[1.484780221777413, 1.5787245087109787, 1.516566785378601, 1.5127381225056868, 1.4972871015429507, 1.5429344636325484]
gamma=[1, 0.1671631116314709, 0.006784361946556516, 0.4848757942636367, 0.27627174766626295, 0.7932965534811212]

Score=0.0922175519737
alpha=[0.011779025528643806, -0.041542183300135947, -0.0426589238481842]
beta=[1.417448491117264, 1.5787245087109787, 1.524138642968897, 1.5127381225056868, 1.4972871015429507, 1.5429344636325484]
gamma=[1, 0.7707293381437466, 0.006784361946556516, 0.4848757942636367, 0.27627174766626295, 0.7932965534811212]

Score=0.0972311303687
alpha=[0.011779025528643806, -0.04208637551368025, -0.042756789089886782]
beta=[1.417448491117264, 1.5787245087109787, 1.516566785378601, 1.5127381225056868, 1.4972871015429507, 1.5543110516618233]
gamma=[0.8811603718581528, 0.7707293381437466, 0.006784361946556516, 0.4848757942636367, 0.27627174766626295, 0.7932965534811212]

Score=0.0900913183571
alpha=[0.007046281402881549, -0.05724481829641375, -0.05511070869572935]
beta=[1.5660654069041076, 1.5575765561869783, 1.524138642968897, 1.478986131340688, 1.4972871015429507, 1.5517193936574376]
gamma=[0.49876454211073995, 0.7707293381437466, 0.006784361946556516, 0.4848757942636367, 0.44486995758617964, 0.8251311242286362]

Score=0.098171483356
alpha=[0.011779025528643806, -0.041542183300135947, -0.0426589238481842]
beta=[1.417448491117264, 1.563803832950267, 1.524138642968897, 1.5127381225056868, 1.4972871015429507, 1.5541550269567177]
gamma=[1, 0.7707293381437466, 0.006784361946556516, 0.4848757942636367, 0.27627174766626295, 0.7932965534811212]

Score=0.0935873902648
alpha=[0.011779025528643806, -0.05724481829641375, -0.05511070869572935]
beta=[1.5660654069041076, 1.5575765561869783, 1.524138642968897, 1.5127381225056868, 1.4972871015429507, 1.5517193936574376]
gamma=[0.8811603718581528, 0.7707293381437466, 0.006784361946556516, 0.4848757942636367, 0.44486995758617964, 0.8251311242286362]

Score=0.0860112536142
alpha=[0.011779025528643806, -0.04208637551368025, -0.0426589238481842]
beta=[1.417448491117264, 1.5787245087109787, 1.524138642968897, 1.5045760515797062, 1.4950846912603482, 1.5429344636325484]
gamma=[1, 0.1671631116314709, 0.006784361946556516, 0.4848757942636367, 0.27627174766626295, 0.7932965534811212]

Score=0.0986250279273
alpha=[0.0066645964624608535, -0.04208637551368025, -0.042756789089886782]
beta=[1.4473843448520509, 1.5787245087109787, 1.525242403148104, 1.4922681121472168, 1.4972871015429507, 1.5543110516618233]
gamma=[0.8811603718581528, 0.1671631116314709, 0.006784361946556516, 0.4848757942636367, 0.27627174766626295, 0.7932965534811212]

Score=0.0960881582125
alpha=[0.007046281402881549, -0.05724481829641375, -0.05511070869572935]
beta=[1.4265865025979361, 1.5787245087109787, 1.503009192609603, 1.5127381225056868, 1.4972871015429507, 1.5429344636325484]
gamma=[1, 0.7707293381437466, 0.006784361946556516, 0.4848757942636367, 0.44486995758617964, 0.8251311242286362]

Score=0.0873276584415
alpha=[0.007046281402881549, -0.042611366627785335, -0.042756789089886782]
beta=[1.5660654069041076, 1.5575765561869783, 1.503009192609603, 1.5127381225056868, 1.4972871015429507, 1.5517193936574376]
gamma=[0.8811603718581528, 0.7707293381437466, 0.006784361946556516, 0.4848757942636367, 0.27627174766626295, 1]

Score=0.0957357550749
alpha=[0.011779025528643806, -0.041542183300135947, -0.0426589238481842]
beta=[1.417448491117264, 1.563803832950267, 1.524138642968897, 1.5127381225056868, 1.4972871015429507, 1.5541550269567177]
gamma=[1, 0.7707293381437466, 0.006784361946556516, 0.4848757942636367, 0.27627174766626295, 0.7932965534811212]

Score=0.0865384969754
alpha=[0.0066645964624608535, -0.042611366627785335, -0.042756789089886782]
beta=[1.5660654069041076, 1.5787245087109787, 1.503009192609603, 1.5127381225056868, 1.4972871015429507, 1.5517193936574376]
gamma=[0.8811603718581528, 0.7707293381437466, 0.006784361946556516, 0.4848757942636367, 0.27627174766626295, 1]

Score=0.0944404994845
alpha=[0.007046281402881549, -0.042611366627785335, -0.042756789089886782]
beta=[1.5660654069041076, 1.5787245087109787, 1.524138642968897, 1.5127381225056868, 1.4972871015429507, 1.5517193936574376]
gamma=[0.49876454211073995, 0.7707293381437466, 0.006784361946556516, 0.4848757942636367, 0.27627174766626295, 1]

Score=0.0853138454807
alpha=[0.0066645964624608535, -0.042611366627785335, -0.042756789089886782]
beta=[1.5660654069041076, 1.5787245087109787, 1.525242403148104, 1.5179669027043385, 1.5075665941709089, 1.5543110516618233]
gamma=[0.8811603718581528, 0.7707293381437466, 0.006784361946556516, 0.4848757942636367, 0.27627174766626295, 1]

Score=0.0772728467711
alpha=[0.0066645964624608535, -0.04208637551368025, -0.042756789089886782]
beta=[1.5660654069041076, 1.5787245087109787, 1.516566785378601, 1.4999643108139966, 1.5075665941709089, 1.5517193936574376]
gamma=[0.8811603718581528, 0.1671631116314709, 0.006784361946556516, 0.4848757942636367, 0.27627174766626295, 1]

Score=0.0956471609903
alpha=[0.0066645964624608535, -0.042611366627785335, -0.042756789089886782]
beta=[1.5660654069041076, 1.5787245087109787, 1.525242403148104, 1.4922681121472168, 1.5075665941709089, 1.5543110516618233]
gamma=[0.8811603718581528, 0.1671631116314709, 0.006784361946556516, 0.4848757942636367, 0.27627174766626295, 1]

Score=0.0966407592993
alpha=[0.007046281402881549, -0.042611366627785335, -0.042756789089886782]
beta=[1.5660654069041076, 1.5787245087109787, 1.525242403148104, 1.5127381225056868, 1.4972871015429507, 1.5541550269567177]
gamma=[0.49876454211073995, 0.7707293381437466, 0.006784361946556516, 0.4848757942636367, 0.27627174766626295, 1]

Score=0.086432781003
alpha=[0.013116889947481239, -0.041542183300135947, -0.042756789089886782]
beta=[1.5660654069041076, 1.563803832950267, 1.524138642968897, 1.5127381225056868, 1.4972871015429507, 1.5541550269567177]
gamma=[0.49876454211073995, 1, 0.006784361946556516, 0.4848757942636367, 0.27627174766626295, 0.7932965534811212]

Score=0.0693931439684
alpha=[0.007046281402881549, -0.042611366627785335, -0.042756789089886782]
beta=[1.5660654069041076, 1.5575765561869783, 1.516566785378601, 1.4999643108139966, 1.4972871015429507, 1.5517193936574376]
gamma=[0.8811603718581528, 1, 0.006784361946556516, 0.4848757942636367, 0.27627174766626295, 0.7932965534811212]

Score=0.0696475695657
alpha=[0.011779025528643806, -0.041542183300135947, -0.042756789089886782]
beta=[1.4306322965230012, 1.563803832950267, 1.525242403148104, 1.5127381225056868, 1.4950831837085634, 1.5541550269567177]
gamma=[0.8811603718581528, 0.7707293381437466, 0.006784361946556516, 0.4848757942636367, 0.27627174766626295, 1]

Score=0.0914863527014
alpha=[0.007046281402881549, -0.041542183300135947, -0.042756789089886782]
beta=[1.5660654069041076, 1.5787245087109787, 1.4983816668587675, 1.5127381225056868, 1.4972871015429507, 1.5541550269567177]
gamma=[0.49876454211073995, 1, 0.006784361946556516, 0.4848757942636367, 0.27627174766626295, 0.7932965534811212]

Score=0.0694164398863
alpha=[0.0066645964624608535, -0.042611366627785335, -0.042756789089886782]
beta=[1.4306322965230012, 1.563803832950267, 1.524138642968897, 1.5127381225056868, 1.4972871015429507, 1.5541550269567177]
gamma=[1, 0.7707293381437466, 0.006784361946556516, 0.4848757942636367, 0.27627174766626295, 1]

Score=0.065501056384
alpha=[0.0066645964624608535, -0.04208637551368025, -0.042756789089886782]
beta=[1.417448491117264, 1.5792953948402815, 1.516566785378601, 1.4999643108139966, 1.4972871015429507, 1.5517193936574376]
gamma=[0.8811603718581528, 1, 0.006784361946556516, 0.4848757942636367, 0.27627174766626295, 0.7932965534811212]

Score=0.0922085116741
alpha=[0.0066645964624608535, -0.04208637551368025, -0.042756789089886782]
beta=[1.5660654069041076, 1.5787245087109787, 1.516566785378601, 1.4999643108139966, 1.4972871015429507, 1.5517193936574376]
gamma=[1, 0.1671631116314709, 0.006784361946556516, 0.4848757942636367, 0.27627174766626295, 1]

Score=0.0840380590008
alpha=[0.0066645964624608535, -0.042611366627785335, -0.042814601746108606]
beta=[1.5660654069041076, 1.5787245087109787, 1.516566785378601, 1.4999643108139966, 1.482998336630287, 1.5541550269567177]
gamma=[0.8811603718581528, 0.1671631116314709, 0.006784361946556516, 1, 0.27627174766626295, 1]

Score=0.0868936369976
alpha=[0.0066645964624608535, -0.04208637551368025, -0.042756789089886782]
beta=[1.417448491117264, 1.5575765561869783, 1.516566785378601, 1.4999643108139966, 1.4972871015429507, 1.5517193936574376]
gamma=[0.8811603718581528, 1, 0.006784361946556516, 0.4848757942636367, 0.27627174766626295, 0.7932965534811212]

Score=0.0919501261622
alpha=[0.013116889947481239, -0.04208637551368025, -0.042756789089886782]
beta=[1.5660654069041076, 1.5787245087109787, 1.5062870562461956, 1.5127381225056868, 1.4972871015429507, 1.5517193936574376]
gamma=[0.8811603718581528, 0.7707293381437466, 0.006784361946556516, 0.4848757942636367, 0.27627174766626295, 0.7932965534811212]

Score=0.0966438477633
alpha=[0.011779025528643806, -0.04208637551368025, -0.042398217289582409]
beta=[1.5660654069041076, 1.5787245087109787, 1.5062870562461956, 1.5127381225056868, 1.4972871015429507, 1.5517193936574376]
gamma=[0.8811603718581528, 0.7707293381437466, 0.006784361946556516, 0.4848757942636367, 0.27627174766626295, 0.7932965534811212]

Score=0.0881395888146
alpha=[0.011779025528643806, -0.041542183300135947, -0.042756789089886782]
beta=[1.5660654069041076, 1.5787245087109787, 1.516566785378601, 1.5127381225056868, 1.4972871015429507, 1.5517193936574376]
gamma=[1, 1, 0.006784361946556516, 0.4848757942636367, 0.27627174766626295, 0.7932965534811212]

Score=0.0982338997423
alpha=[0.011779025528643806, -0.04208637551368025, -0.043355295837120125]
beta=[1.5660654069041076, 1.563803832950267, 1.4983816668587675, 1.4999643108139966, 1.4972871015429507, 1.5541550269567177]
gamma=[0.8811603718581528, 0.1671631116314709, 0.006784361946556516, 0.4848757942636367, 0.27627174766626295, 0.7932965534811212]

Score=0.0541390711523
alpha=[0.007046281402881549, -0.042611366627785335, -0.042756789089886782]
beta=[1.417448491117264, 1.563803832950267, 1.516566785378601, 1.4820287792698765, 1.4972871015429507, 1.5517193936574376]
gamma=[0.49876454211073995, 1, 0.006784361946556516, 0.4848757942636367, 0.27627174766626295, 0.7932965534811212]

Score=0.0982170127676
alpha=[0.007046281402881549, -0.04208637551368025, -0.042756789089886782]
beta=[1.5660654069041076, 1.563803832950267, 1.516566785378601, 1.4820287792698765, 1.4972871015429507, 1.5517193936574376]
gamma=[0.49876454211073995, 0.7707293381437466, 0.006784361946556516, 0.4848757942636367, 0.27627174766626295, 0.7932965534811212]

Score=0.0861805631354
alpha=[0.010870078138848343, -0.04208637551368025, -0.042756789089886782]
beta=[1.4321435981671589, 1.5787245087109787, 1.4983816668587675, 1.4999643108139966, 1.4972871015429507, 1.5437805597665581]
gamma=[0.8811603718581528, 0.1671631116314709, 0.006784361946556516, 0.4848757942636367, 0.27627174766626295, 0.7932965534811212]

Score=0.0682663191085
alpha=[0.011779025528643806, -0.042611366627785335, -0.042756789089886782]
beta=[1.4306322965230012, 1.563803832950267, 1.524138642968897, 1.5127381225056868, 1.4972871015429507, 1.5517193936574376]
gamma=[1, 0.7707293381437466, 0.006784361946556516, 0.4848757942636367, 0.27627174766626295, 1]

Score=0.0958960601361
alpha=[0.011779025528643806, -0.041542183300135947, -0.042756789089886782]
beta=[1.5660654069041076, 1.5834473242500711, 1.516566785378601, 1.5127381225056868, 1.4972871015429507, 1.5517193936574376]
gamma=[1, 0.7707293381437466, 0.006784361946556516, 1, 0.27627174766626295, 0.7932965534811212]

Score=0.0667086587116
alpha=[0.011779025528643806, -0.04208637551368025, -0.042756789089886782]
beta=[1.4306322965230012, 1.563803832950267, 1.524138642968897, 1.4999643108139966, 1.4972871015429507, 1.5437805597665581]
gamma=[1, 0.7707293381437466, 0.006784361946556516, 0.4848757942636367, 0.27627174766626295, 1]

Score=0.0665810385809
alpha=[0.010870078138848343, -0.04208637551368025, -0.042756789089886782]
beta=[1.5565123428112111, 1.5787245087109787, 1.4983816668587675, 1.5127381225056868, 1.4972871015429507, 1.5437805597665581]
gamma=[1, 0.7707293381437466, 0.006784361946556516, 1, 0.27627174766626295, 0.7932965534811212]

Score=0.0816900489968
alpha=[0.007046281402881549, -0.042611366627785335, -0.041921172631609036]
beta=[1.417448491117264, 1.563803832950267, 1.516566785378601, 1.4820287792698765, 1.4972871015429507, 1.5517193936574376]
gamma=[0.49876454211073995, 0.7707293381437466, 0.006784361946556516, 0.4848757942636367, 0.27627174766626295, 0.7932965534811212]

Score=0.0924970508025
alpha=[0.007046281402881549, -0.042899870996446793, -0.042756789089886782]
beta=[1.4306322965230012, 1.563803832950267, 1.516566785378601, 1.5127381225056868, 1.4972871015429507, 1.5517193936574376]
gamma=[1, 0.7707293381437466, 0.006784361946556516, 0.4848757942636367, 0.27627174766626295, 1]

Score=0.0821316490261
alpha=[0.011779025528643806, -0.042899870996446793, -0.042756789089886782]
beta=[1.417448491117264, 1.5980934744576365, 1.5102566680025777, 1.4820287792698765, 1.4972871015429507, 1.5403997839216466]
gamma=[1, 0.7707293381437466, 0.006784361946556516, 0.4848757942636367, 0.27627174766626295, 0.7932965534811212]

Score=0.0880605510517
alpha=[0.007046281402881549, -0.042899870996446793, -0.042756789089886782]
beta=[1.5660654069041076, 1.5980934744576365, 1.516566785378601, 1.4747741490623196, 1.4972871015429507, 1.5320005574118081]
gamma=[0.49876454211073995, 0.7707293381437466, 0.006784361946556516, 0.4848757942636367, 0.27627174766626295, 0.7932965534811212]

Score=0.095950746568
alpha=[0.007046281402881549, -0.042899870996446793, -0.042756789089886782]
beta=[1.417448491117264, 1.5980934744576365, 1.516566785378601, 1.4820287792698765, 1.4972871015429507, 1.5320005574118081]
gamma=[0.49876454211073995, 0.7707293381437466, 0.006784361946556516, 0.4848757942636367, 0.27627174766626295, 0.7932965534811212]

Score=0.0898193914157
alpha=[0.007046281402881549, -0.042899870996446793, -0.042756789089886782]
beta=[1.5660654069041076, 1.5787245087109787, 1.516566785378601, 1.4747741490623196, 1.4972871015429507, 1.5517193936574376]
gamma=[1, 1, 0.006784361946556516, 0.4848757942636367, 0.27627174766626295, 1]

