Score=0.300156574244
[0.0040269189899275991, -0.012463997924331784, -0.037418853012659833, 1.4287642304826909, 1.4900455464286788, 1.5364379288835581, 1.6, 1.504625013260367, 1.4124670788827625, 0.06048251301915242, 0.06656240920291556, 1, 1, 1, 1]

Score=0.201182000893
[0.0040269189899275991, 0.014171356441250045, -0.037852502749832387, 1.4287642304826909, 1.4900455464286788, 1.5364379288835581, 1.6, 1.4975561917089091, 1.4233600324477076, 0.06048251301915242, 0.06656240920291556, 1, 1, 1, 1]

Score=0.16542529316
[0.0040269189899275991, 0.012533358680383301, -0.037418853012659833, 1.4287642304826909, 1.4900455464286788, 1.5518452686771436, 1.6, 1.504625013260367, 1.4124670788827625, 0.06048251301915242, 0.06656240920291556, 1, 1, 1, 1]

Score=0.0948852418508
[0.0040269189899275991, -0.012463997924331784, -0.037418853012659833, 1.4287642304826909, 1.4900455464286788, 1.5043318561434507, 1.6, 1.4975561917089091, 1.4233600324477076, 0.06048251301915242, 0.06656240920291556, 1, 1, 1, 1]

Score=0.105452518214
[0.0040269189899275991, -0.013326093022870772, -0.037418853012659833, 1.4287642304826909, 1.4900455464286788, 1.5315558657771904, 1.6, 1.4965277599344182, 1.4124670788827625, 0.06048251301915242, 0.06656240920291556, 1, 1, 1, 1]

Score=0.0334889584121
[0.0040269189899275991, -0.013326093022870772, -0.037418853012659833, 1.4223150122091488, 1.4900455464286788, 1.5315558657771904, 1.6, 1.504625013260367, 1.4124670788827625, 0.06048251301915242, 0.06656240920291556, 1, 1, 1, 1]

Score=0.00546300822049
[0.0040269189899275991, 0.014171356441250045, -0.037852502749832387, 1.4287642304826909, 1.4900455464286788, 1.5364379288835581, 1.6, 1.504625013260367, 1.4124670788827625, 0.06048251301915242, 0.06656240920291556, 1, 1, 1, 1]

Score=0.129864480983
[0.0020200529195649572, 0.012533358680383301, -0.037418853012659833, 1.4287642304826909, 1.4923840266451138, 1.5315558657771904, 1.6, 1.504625013260367, 1.4124670788827625, 0.06048251301915242, 0.06656240920291556, 1, 1, 1, 1]

Score=0.337296275914
[0.0040269189899275991, -0.012463997924331784, -0.037418853012659833, 1.4223150122091488, 1.4900455464286788, 1.5518452686771436, 1.6, 1.504625013260367, 1.4124670788827625, 0.06048251301915242, 0.06656240920291556, 1, 1, 1, 1]

Score=0.0754026877223
[0.0040269189899275991, -0.012463997924331784, -0.036845588558697497, 1.4223150122091488, 1.4900455464286788, 1.5315558657771904, 1.6, 1.504625013260367, 1.4233600324477076, 0.06048251301915242, 0.06656240920291556, 1, 1, 1, 1]

Score=0.103967773592
[-0.0043225474401533143, 0.014171356441250045, 0.037594614065004694, 1.4287642304826909, 1.4900455464286788, 1.5315558657771904, 1.6, 1.504625013260367, 1.4034769761946986, 0.06048251301915242, 0.06656240920291556, 1, 1, 1, 1]

Score=0.080080513217
[0.0040269189899275991, -0.012463997924331784, -0.036845588558697497, 1.4223150122091488, 1.4900455464286788, 1.5315558657771904, 1.6, 1.504625013260367, 1.4124670788827625, 0.06048251301915242, 0.06656240920291556, 0.6546070366390603, 1, 1, 1]

Score=0.203036072333
[-0.0043225474401533143, -0.012463997924331784, -0.036845588558697497, 1.430105541482326, 1.4900455464286788, 1.5315558657771904, 1.6, 1.504625013260367, 1.4124670788827625, 0.06048251301915242, 0.06656240920291556, 1, 1, 1, 1]

Score=0.16645262891
[0.0044198238958210248, 0.014171356441250045, -0.037500742141615848, 1.4254246029257107, 1.4900455464286788, 1.5518452686771436, 1.6, 1.504625013260367, 1.4124670788827625, 0.06048251301915242, 0.06656240920291556, 0.6546070366390603, 1, 1, 1]

Score=0.0847176233477
[0.0044198238958210248, -0.012463997924331784, -0.036845588558697497, 1.4223150122091488, 1.4900455464286788, 1.5315558657771904, 1.6, 1.504625013260367, 1.4124670788827625, 0.06048251301915242, 0.06656240920291556, 0.6546070366390603, 1, 1, 1]

Score=0.0121648589764
[0.0044198238958210248, 0.014171356441250045, -0.037500742141615848, 1.4223150122091488, 1.4900455464286788, 1.5518452686771436, 1.6, 1.504625013260367, 1.4124670788827625, 0.06048251301915242, 0.06656240920291556, 0.6546070366390603, 1, 1, 1]

Score=0.156830531378
[0.0032342292910928624, 0.014171356441250045, -0.036845588558697497, 1.430105541482326, 1.4900455464286788, 1.5315558657771904, 1.6, 1.504625013260367, 1.4124670788827625, 0.06048251301915242, 0.06656240920291556, 1, 1, 1, 1]

Score=0.17002422193
[0.0032342292910928624, 0.014171356441250045, -0.037500742141615848, 1.4254246029257107, 1.4900455464286788, 1.5518452686771436, 1.6, 1.504625013260367, 1.4124670788827625, 0.06048251301915242, 0.06656240920291556, 1, 1, 1, 1]

Score=0.174795876419
[0.0032342292910928624, 0.014171356441250045, -0.036845588558697497, 1.430105541482326, 1.4900455464286788, 1.5518452686771436, 1.6, 1.504625013260367, 1.4124670788827625, 0.06048251301915242, 0.06656240920291556, 0.6546070366390603, 1, 1, 1]

Score=0.0549964086275
[0.0044198238958210248, 0.012533358680383301, -0.036845588558697497, 1.4447607670533722, 1.4900455464286788, 1.5315558657771904, 1.6, 1.504625013260367, 1.4124670788827625, 0.06048251301915242, 0.06656240920291556, 1, 1, 1, 1]

Score=0.233427184992
[0.0040269189899275991, 0.012533358680383301, -0.036845588558697497, 1.430105541482326, 1.4900455464286788, 1.5315558657771904, 1.6, 1.504625013260367, 1.4124670788827625, 0.06048251301915242, 0.06656240920291556, 1, 1, 1, 1]

Score=0.269533521486
[0.0044198238958210248, 0.012533358680383301, -0.036845588558697497, 1.4287642304826909, 1.4900455464286788, 1.5315558657771904, 1.6, 1.504625013260367, 1.4233600324477076, 0.06048251301915242, 0.06656240920291556, 0.6546070366390603, 1, 1, 1]

Score=0.15876745388
[0.0032342292910928624, 0.014171356441250045, -0.036845588558697497, 1.4287642304826909, 1.518373341785578, 1.5315558657771904, 1.6, 1.4985920065603204, 1.4124670788827625, 0.06048251301915242, 0.06656240920291556, 0.6546070366390603, 1, 1, 1]

Score=0.114834975889
[0.0040269189899275991, 0.012533358680383301, -0.036845588558697497, 1.4287642304826909, 1.4900455464286788, 1.5315558657771904, 1.6, 1.504625013260367, 1.4124670788827625, 0.06048251301915242, 0.06656240920291556, 1, 1, 1, 1]

Score=0.0175396648633
[0.0044198238958210248, 0.012533358680383301, -0.036845588558697497, 1.4287642304826909, 1.518373341785578, 1.5315558657771904, 1.6, 1.504625013260367, 1.4233600324477076, 0.06048251301915242, 0.06656240920291556, 1, 1, 1, 1]

Score=0.147994817086
[0.0044198238958210248, 0.012533358680383301, -0.036845588558697497, 1.4287642304826909, 1.4900455464286788, 1.5364379288835581, 1.6, 1.504625013260367, 1.4124670788827625, 0.06048251301915242, 0.06656240920291556, 0.6546070366390603, 1, 1, 1]

Score=0.00893728119911
[0.0044198238958210248, 0.012533358680383301, -0.037418853012659833, 1.4287642304826909, 1.518373341785578, 1.5315558657771904, 1.6, 1.504625013260367, 1.4233600324477076, 0.06048251301915242, 0.06656240920291556, 1, 1, 1, 1]

Score=0.123617419095
[0.0040269189899275991, 0.012533358680383301, -0.037418853012659833, 1.4287642304826909, 1.4900455464286788, 1.5364379288835581, 1.6, 1.504625013260367, 1.4124670788827625, 0.06048251301915242, 0.06656240920291556, 1, 1, 1, 1]

Score=0.358853123819
[0.0040269189899275991, 0.012533358680383301, -0.037418853012659833, 1.4359483868773124, 1.4900455464286788, 1.5315558657771904, 1.6, 1.4975561917089091, 1.4233600324477076, 1, 0.06656240920291556, 1, 1, 1, 1]

Score=0.251722395924
[0.0040269189899275991, 0.012533358680383301, -0.037418853012659833, 1.4245238278813959, 1.4900455464286788, 1.5364379288835581, 1.6, 1.504625013260367, 1.4124670788827625, 0.06048251301915242, 0.06656240920291556, 1, 1, 1, 1]




Final Population
[0.0040269189899275991, -0.012463997924331784, -0.037418853012659833, 1.4287642304826909, 1.4900455464286788, 1.5364379288835581, 1.6, 1.504625013260367, 1.4124670788827625, 0.06048251301915242, 0.06656240920291556, 1, 1, 1, 1]
[0.0040269189899275991, 0.014171356441250045, -0.037852502749832387, 1.4287642304826909, 1.4900455464286788, 1.5364379288835581, 1.6, 1.4975561917089091, 1.4233600324477076, 0.06048251301915242, 0.06656240920291556, 1, 1, 1, 1]
[0.0040269189899275991, 0.012533358680383301, -0.037418853012659833, 1.4287642304826909, 1.4900455464286788, 1.5518452686771436, 1.6, 1.504625013260367, 1.4124670788827625, 0.06048251301915242, 0.06656240920291556, 1, 1, 1, 1]
[0.0040269189899275991, -0.012463997924331784, -0.037418853012659833, 1.4287642304826909, 1.4900455464286788, 1.5043318561434507, 1.6, 1.4975561917089091, 1.4233600324477076, 0.06048251301915242, 0.06656240920291556, 1, 1, 1, 1]
[0.0040269189899275991, -0.013326093022870772, -0.037418853012659833, 1.4287642304826909, 1.4900455464286788, 1.5315558657771904, 1.6, 1.4965277599344182, 1.4124670788827625, 0.06048251301915242, 0.06656240920291556, 1, 1, 1, 1]
[0.0040269189899275991, -0.013326093022870772, -0.037418853012659833, 1.4223150122091488, 1.4900455464286788, 1.5315558657771904, 1.6, 1.504625013260367, 1.4124670788827625, 0.06048251301915242, 0.06656240920291556, 1, 1, 1, 1]
[0.0040269189899275991, 0.014171356441250045, -0.037852502749832387, 1.4287642304826909, 1.4900455464286788, 1.5364379288835581, 1.6, 1.504625013260367, 1.4124670788827625, 0.06048251301915242, 0.06656240920291556, 1, 1, 1, 1]
[0.0020200529195649572, 0.012533358680383301, -0.037418853012659833, 1.4287642304826909, 1.4923840266451138, 1.5315558657771904, 1.6, 1.504625013260367, 1.4124670788827625, 0.06048251301915242, 0.06656240920291556, 1, 1, 1, 1]
[0.0040269189899275991, -0.012463997924331784, -0.037418853012659833, 1.4223150122091488, 1.4900455464286788, 1.5518452686771436, 1.6, 1.504625013260367, 1.4124670788827625, 0.06048251301915242, 0.06656240920291556, 1, 1, 1, 1]
[0.0040269189899275991, -0.012463997924331784, -0.036845588558697497, 1.4223150122091488, 1.4900455464286788, 1.5315558657771904, 1.6, 1.504625013260367, 1.4233600324477076, 0.06048251301915242, 0.06656240920291556, 1, 1, 1, 1]
[-0.0043225474401533143, 0.014171356441250045, 0.037594614065004694, 1.4287642304826909, 1.4900455464286788, 1.5315558657771904, 1.6, 1.504625013260367, 1.4034769761946986, 0.06048251301915242, 0.06656240920291556, 1, 1, 1, 1]
[0.0040269189899275991, -0.012463997924331784, -0.036845588558697497, 1.4223150122091488, 1.4900455464286788, 1.5315558657771904, 1.6, 1.504625013260367, 1.4124670788827625, 0.06048251301915242, 0.06656240920291556, 0.6546070366390603, 1, 1, 1]
[-0.0043225474401533143, -0.012463997924331784, -0.036845588558697497, 1.430105541482326, 1.4900455464286788, 1.5315558657771904, 1.6, 1.504625013260367, 1.4124670788827625, 0.06048251301915242, 0.06656240920291556, 1, 1, 1, 1]
[0.0044198238958210248, 0.014171356441250045, -0.037500742141615848, 1.4254246029257107, 1.4900455464286788, 1.5518452686771436, 1.6, 1.504625013260367, 1.4124670788827625, 0.06048251301915242, 0.06656240920291556, 0.6546070366390603, 1, 1, 1]
[0.0044198238958210248, -0.012463997924331784, -0.036845588558697497, 1.4223150122091488, 1.4900455464286788, 1.5315558657771904, 1.6, 1.504625013260367, 1.4124670788827625, 0.06048251301915242, 0.06656240920291556, 0.6546070366390603, 1, 1, 1]
[0.0044198238958210248, 0.014171356441250045, -0.037500742141615848, 1.4223150122091488, 1.4900455464286788, 1.5518452686771436, 1.6, 1.504625013260367, 1.4124670788827625, 0.06048251301915242, 0.06656240920291556, 0.6546070366390603, 1, 1, 1]
[0.0032342292910928624, 0.014171356441250045, -0.036845588558697497, 1.430105541482326, 1.4900455464286788, 1.5315558657771904, 1.6, 1.504625013260367, 1.4124670788827625, 0.06048251301915242, 0.06656240920291556, 1, 1, 1, 1]
[0.0032342292910928624, 0.014171356441250045, -0.037500742141615848, 1.4254246029257107, 1.4900455464286788, 1.5518452686771436, 1.6, 1.504625013260367, 1.4124670788827625, 0.06048251301915242, 0.06656240920291556, 1, 1, 1, 1]
[0.0032342292910928624, 0.014171356441250045, -0.036845588558697497, 1.430105541482326, 1.4900455464286788, 1.5518452686771436, 1.6, 1.504625013260367, 1.4124670788827625, 0.06048251301915242, 0.06656240920291556, 0.6546070366390603, 1, 1, 1]
[0.0044198238958210248, 0.012533358680383301, -0.036845588558697497, 1.4447607670533722, 1.4900455464286788, 1.5315558657771904, 1.6, 1.504625013260367, 1.4124670788827625, 0.06048251301915242, 0.06656240920291556, 1, 1, 1, 1]
[0.0040269189899275991, 0.012533358680383301, -0.036845588558697497, 1.430105541482326, 1.4900455464286788, 1.5315558657771904, 1.6, 1.504625013260367, 1.4124670788827625, 0.06048251301915242, 0.06656240920291556, 1, 1, 1, 1]
[0.0044198238958210248, 0.012533358680383301, -0.036845588558697497, 1.4287642304826909, 1.4900455464286788, 1.5315558657771904, 1.6, 1.504625013260367, 1.4233600324477076, 0.06048251301915242, 0.06656240920291556, 0.6546070366390603, 1, 1, 1]
[0.0032342292910928624, 0.014171356441250045, -0.036845588558697497, 1.4287642304826909, 1.518373341785578, 1.5315558657771904, 1.6, 1.4985920065603204, 1.4124670788827625, 0.06048251301915242, 0.06656240920291556, 0.6546070366390603, 1, 1, 1]
[0.0040269189899275991, 0.012533358680383301, -0.036845588558697497, 1.4287642304826909, 1.4900455464286788, 1.5315558657771904, 1.6, 1.504625013260367, 1.4124670788827625, 0.06048251301915242, 0.06656240920291556, 1, 1, 1, 1]
[0.0044198238958210248, 0.012533358680383301, -0.036845588558697497, 1.4287642304826909, 1.518373341785578, 1.5315558657771904, 1.6, 1.504625013260367, 1.4233600324477076, 0.06048251301915242, 0.06656240920291556, 1, 1, 1, 1]
[0.0044198238958210248, 0.012533358680383301, -0.036845588558697497, 1.4287642304826909, 1.4900455464286788, 1.5364379288835581, 1.6, 1.504625013260367, 1.4124670788827625, 0.06048251301915242, 0.06656240920291556, 0.6546070366390603, 1, 1, 1]
[0.0044198238958210248, 0.012533358680383301, -0.037418853012659833, 1.4287642304826909, 1.518373341785578, 1.5315558657771904, 1.6, 1.504625013260367, 1.4233600324477076, 0.06048251301915242, 0.06656240920291556, 1, 1, 1, 1]
[0.0040269189899275991, 0.012533358680383301, -0.037418853012659833, 1.4287642304826909, 1.4900455464286788, 1.5364379288835581, 1.6, 1.504625013260367, 1.4124670788827625, 0.06048251301915242, 0.06656240920291556, 1, 1, 1, 1]
[0.0040269189899275991, 0.012533358680383301, -0.037418853012659833, 1.4359483868773124, 1.4900455464286788, 1.5315558657771904, 1.6, 1.4975561917089091, 1.4233600324477076, 1, 0.06656240920291556, 1, 1, 1, 1]
[0.0040269189899275991, 0.012533358680383301, -0.037418853012659833, 1.4245238278813959, 1.4900455464286788, 1.5364379288835581, 1.6, 1.504625013260367, 1.4124670788827625, 0.06048251301915242, 0.06656240920291556, 1, 1, 1, 1]
