Score=0.00832621760649
[0.0025574748130064552, -0.058198930649166113, 0.015193460317492594, 1.4621131498795943, 1.46579547868898, 1.5187652349521954, 1.4876903742974312, 1.5645979891095334, 1.4472023202263418, 0.5924515047516463, 0.2247123734843115, 1, 0.2739044468963129, 0.2250648495940878, 0.7327187510009169]

Score=0.00811869284905
[0.0029789056462782059, -0.058198930649166113, 0.01588671393545003, 1.4621131498795943, 1.46579547868898, 1.5187652349521954, 1.4876903742974312, 1.5736921757428306, 1.4472023202263418, 0.5924515047516463, 0.2247123734843115, 1, 0.2739044468963129, 0.2250648495940878, 0.7327187510009169]

Score=0.00353116231705
[0.0029789056462782059, -0.058198930649166113, 0.015193460317492594, 1.4621131498795943, 1.46579547868898, 1.5115519629570791, 1.4876903742974312, 1.5736921757428306, 1.4448122308178506, 0.5924515047516463, 0.2247123734843115, 1, 0.13215381771550772, 0.2250648495940878, 0.7327187510009169]

Score=0.208493555072
[0.0025574748130064552, -0.058198930649166113, 0.015043792949014863, 1.4621131498795943, 1.46579547868898, 1.5187652349521954, 1.4876903742974312, 1.5645979891095334, 1.4472023202263418, 0.5924515047516463, 0.2247123734843115, 1, 0.2739044468963129, 0.2250648495940878, 0.7327187510009169]

Score=0.076027452702
[0.0029789056462782059, -0.058198930649166113, 0.015193460317492594, 1.4621131498795943, 1.46579547868898, 1.5115519629570791, 1.4876903742974312, 1.5736921757428306, 1.4448122308178506, 0.5924515047516463, 0.2247123734843115, 1, 0.2739044468963129, 0.2250648495940878, 0.7327187510009169]

Score=0.0177667884412
[0.0025574748130064552, -0.058198930649166113, 0.015043792949014863, 1.4621131498795943, 1.46579547868898, 1.5187652349521954, 1.4876903742974312, 1.5645979891095334, 1.4472023202263418, 0.5924515047516463, 0.2247123734843115, 1, 0.2739044468963129, 0.2250648495940878, 0.7327187510009169]

Score=0.242313465738
[0.0025574748130064552, -0.058198930649166113, 0.015193460317492594, 1.4621131498795943, 1.46579547868898, 1.5187652349521954, 1.4856219342701824, 1.5736921757428306, 1.4472023202263418, 0.5924515047516463, 1, 1, 0.2739044468963129, 0.2250648495940878, 0.7327187510009169]

Score=0.0794505844857
[0.0025574748130064552, -0.058198930649166113, 0.015193460317492594, 1.4621131498795943, 1.46579547868898, 1.5115519629570791, 1.4880363452261318, 1.5736921757428306, 1.4448122308178506, 0.5924515047516463, 0.2247123734843115, 1, 0.2739044468963129, 0.2250648495940878, 0.7327187510009169]

Score=0.0509047873559
[0.0025574748130064552, -0.058198930649166113, 0.015193460317492594, 1.4621131498795943, 1.46579547868898, 1.5115519629570791, 1.4876903742974312, 1.5645979891095334, 1.4448122308178506, 0.5924515047516463, 0.2247123734843115, 1, 0.2739044468963129, 0.2250648495940878, 0.7327187510009169]

Score=0.108841791393
[0.0025574748130064552, -0.058198930649166113, 0.01588671393545003, 1.4621131498795943, 1.46579547868898, 1.5115519629570791, 1.4864110411249738, 1.5645979891095334, 1.4448122308178506, 0.5924515047516463, 0.2247123734843115, 1, 0.2739044468963129, 0.2250648495940878, 0.7327187510009169]

Score=0.0136581954009
[0.0025574748130064552, -0.058198930649166113, 0.01588671393545003, 1.4621131498795943, 1.46579547868898, 1.5225360677476498, 1.4856219342701824, 1.5645979891095334, 1.4448122308178506, 0.5924515047516463, 0.2247123734843115, 1, 0.2739044468963129, 0.2250648495940878, 0.7327187510009169]

Score=0.00865907437032
[0.0025574748130064552, -0.058198930649166113, 0.01588671393545003, 1.4621131498795943, 1.46579547868898, 1.5115519629570791, 1.4864110411249738, 1.5645979891095334, 1.4448122308178506, 0.5924515047516463, 0.2247123734843115, 1, 0.2739044468963129, 0.2250648495940878, 0.7327187510009169]

Score=0.0160694528767
[0.0025574748130064552, -0.058991596811770498, 0.01588671393545003, 1.4621131498795943, 1.46579547868898, 1.5187652349521954, 1.4856219342701824, 1.5645979891095334, 1.4448122308178506, 0.5924515047516463, 0.2247123734843115, 1, 0.2739044468963129, 0.2250648495940878, 0.7327187510009169]

Score=0.0453897987886
[0.0025574748130064552, -0.058198930649166113, 0.01588671393545003, 1.4621131498795943, 1.46579547868898, 1.5225360677476498, 1.4876903742974312, 1.5645979891095334, 1.4472023202263418, 0.5924515047516463, 0.2247123734843115, 1, 0.2739044468963129, 0.2250648495940878, 1]

Score=0.106711301239
[0.0013259208995199639, -0.058198930649166113, 0.01588671393545003, 1.4621131498795943, 1.46579547868898, 1.5225360677476498, 1.4876903742974312, 1.5433801747725722, 1.4666167880407077, 0.5924515047516463, 0.2247123734843115, 1, 0.2739044468963129, 0.2250648495940878, 0.7327187510009169]

Score=0.0164359939647
[0.0025574748130064552, -0.058198930649166113, 0.01588671393545003, 1.4621131498795943, 1.46579547868898, 1.5225360677476498, 1.4876903742974312, 1.5645979891095334, 1.4666167880407077, 0.5924515047516463, 0.2247123734843115, 1, 0.2739044468963129, 0.2250648495940878, 0.7327187510009169]

Score=0.00611228343302
[0.0025574748130064552, -0.057456555894000859, 0.01588671393545003, 1.4621131498795943, 1.46579547868898, 1.5225360677476498, 1.4864110411249738, 1.5645979891095334, 1.4448122308178506, 0.5924515047516463, 0.2247123734843115, 1, 0.2739044468963129, 0.2250648495940878, 0.7327187510009169]

Score=0.00488524639083
[0.0025574748130064552, -0.058198930649166113, 0.01588671393545003, 1.4621131498795943, 1.46579547868898, 1.5187652349521954, 1.4876903742974312, 1.5645979891095334, 1.4666167880407077, 0.5924515047516463, 0.2247123734843115, 1, 0.2739044468963129, 0.2250648495940878, 0.7327187510009169]

Score=0.0965952240996
[0.0025574748130064552, -0.057197550760216098, 0.015193460317492594, 1.4621131498795943, 1.46579547868898, 1.5272463106775378, 1.4856219342701824, 1.5645979891095334, 1.4472023202263418, 0.5924515047516463, 0.2247123734843115, 1, 0.2739044468963129, 0.2250648495940878, 0.7327187510009169]

Score=0.154571519267
[0.0013259208995199639, -0.058491737298203041, 0.01588671393545003, 1.4621131498795943, 1.46579547868898, 1.5187652349521954, 1.4876903742974312, 1.5589800717785531, 1.4472023202263418, 0.5924515047516463, 0.2247123734843115, 1, 0.13215381771550772, 0.2250648495940878, 0.7327187510009169]

Score=0.0128775580939
[0.0025574748130064552, -0.058198930649166113, 0.014936202332553066, 1.4621131498795943, 1.46579547868898, 1.5225360677476498, 1.4876903742974312, 1.5645979891095334, 1.4666167880407077, 0.5924515047516463, 0.2247123734843115, 1, 0.2739044468963129, 0.2250648495940878, 0.7327187510009169]

Score=0.00550059803112
[0.0025574748130064552, -0.058198930649166113, 0.015193460317492594, 1.4621131498795943, 1.46579547868898, 1.5272463106775378, 1.4856219342701824, 1.5645979891095334, 1.4472023202263418, 0.5924515047516463, 0.2247123734843115, 1, 0.2739044468963129, 0.2250648495940878, 0.7327187510009169]

Score=0.00584777458932
[0.0025574748130064552, -0.057197550760216098, 0.01588671393545003, 1.4621131498795943, 1.46579547868898, 1.5272463106775378, 1.4856219342701824, 1.5645979891095334, 1.4472023202263418, 0.5924515047516463, 0.2247123734843115, 1, 0.2739044468963129, 0.2250648495940878, 0.7327187510009169]

Score=0.00491574496657
[0.0025574748130064552, -0.057197550760216098, 0.015193460317492594, 1.4621131498795943, 1.46579547868898, 1.5272463106775378, 1.4856219342701824, 1.5645979891095334, 1.4472023202263418, 0.5924515047516463, 0.2247123734843115, 1, 0.2739044468963129, 0.2250648495940878, 0.7327187510009169]

Score=0.0091633963707
[0.0025574748130064552, -0.057197550760216098, 0.01588671393545003, 1.4621131498795943, 1.46579547868898, 1.5054013596689997, 1.4876903742974312, 1.5736921757428306, 1.4472023202263418, 0.5924515047516463, 0.2247123734843115, 1, 0.2739044468963129, 0.2250648495940878, 0.7327187510009169]

Score=0.400059168314
[0.0025574748130064552, -0.058198930649166113, 0.015193460317492594, 1.4621131498795943, 1.46579547868898, 1.5187652349521954, 1.4856219342701824, 1.5645979891095334, 1.4472023202263418, 0.5924515047516463, 0.2247123734843115, 1, 1, 0.2250648495940878, 1]

Score=0.326558364838
[0.0025574748130064552, -0.058198930649166113, 0.01588671393545003, 1.4621131498795943, 1.46579547868898, 1.5187652349521954, 1.4876903742974312, 1.5645979891095334, 1.4472023202263418, 0.5924515047516463, 1, 1, 0.2739044468963129, 0.2250648495940878, 0.7327187510009169]

Score=0.0674174545568
[0.0029789056462782059, -0.057197550760216098, 0.015193460317492594, 1.4621131498795943, 1.46579547868898, 1.5187652349521954, 1.4876903742974312, 1.5736921757428306, 1.4448122308178506, 0.5924515047516463, 0.2247123734843115, 1, 0.13215381771550772, 0.2250648495940878, 0.7327187510009169]

Score=0.112181837151
[0.0025574748130064552, -0.058198930649166113, 0.015193460317492594, 1.4621131498795943, 1.46579547868898, 1.5187652349521954, 1.4876903742974312, 1.5645979891095334, 1.4472023202263418, 0.5924515047516463, 0.2247123734843115, 1, 0.2739044468963129, 0.2250648495940878, 0.7327187510009169]

Score=0.0126979589891
[0.0029789056462782059, -0.058198930649166113, 0.01588671393545003, 1.4621131498795943, 1.46579547868898, 1.5187652349521954, 1.4876903742974312, 1.5736921757428306, 1.4472023202263418, 0.5924515047516463, 0.2247123734843115, 1, 0.2739044468963129, 0.2250648495940878, 0.7327187510009169]




Final Population
[0.0025574748130064552, -0.058198930649166113, 0.015193460317492594, 1.4621131498795943, 1.46579547868898, 1.5187652349521954, 1.4876903742974312, 1.5645979891095334, 1.4472023202263418, 0.5924515047516463, 0.2247123734843115, 1, 0.2739044468963129, 0.2250648495940878, 0.7327187510009169]
[0.0029789056462782059, -0.058198930649166113, 0.01588671393545003, 1.4621131498795943, 1.46579547868898, 1.5187652349521954, 1.4876903742974312, 1.5736921757428306, 1.4472023202263418, 0.5924515047516463, 0.2247123734843115, 1, 0.2739044468963129, 0.2250648495940878, 0.7327187510009169]
[0.0029789056462782059, -0.058198930649166113, 0.015193460317492594, 1.4621131498795943, 1.46579547868898, 1.5115519629570791, 1.4876903742974312, 1.5736921757428306, 1.4448122308178506, 0.5924515047516463, 0.2247123734843115, 1, 0.13215381771550772, 0.2250648495940878, 0.7327187510009169]
[0.0025574748130064552, -0.058198930649166113, 0.015043792949014863, 1.4621131498795943, 1.46579547868898, 1.5187652349521954, 1.4876903742974312, 1.5645979891095334, 1.4472023202263418, 0.5924515047516463, 0.2247123734843115, 1, 0.2739044468963129, 0.2250648495940878, 0.7327187510009169]
[0.0029789056462782059, -0.058198930649166113, 0.015193460317492594, 1.4621131498795943, 1.46579547868898, 1.5115519629570791, 1.4876903742974312, 1.5736921757428306, 1.4448122308178506, 0.5924515047516463, 0.2247123734843115, 1, 0.2739044468963129, 0.2250648495940878, 0.7327187510009169]
[0.0025574748130064552, -0.058198930649166113, 0.015043792949014863, 1.4621131498795943, 1.46579547868898, 1.5187652349521954, 1.4876903742974312, 1.5645979891095334, 1.4472023202263418, 0.5924515047516463, 0.2247123734843115, 1, 0.2739044468963129, 0.2250648495940878, 0.7327187510009169]
[0.0025574748130064552, -0.058198930649166113, 0.015193460317492594, 1.4621131498795943, 1.46579547868898, 1.5187652349521954, 1.4856219342701824, 1.5736921757428306, 1.4472023202263418, 0.5924515047516463, 1, 1, 0.2739044468963129, 0.2250648495940878, 0.7327187510009169]
[0.0025574748130064552, -0.058198930649166113, 0.015193460317492594, 1.4621131498795943, 1.46579547868898, 1.5115519629570791, 1.4880363452261318, 1.5736921757428306, 1.4448122308178506, 0.5924515047516463, 0.2247123734843115, 1, 0.2739044468963129, 0.2250648495940878, 0.7327187510009169]
[0.0025574748130064552, -0.058198930649166113, 0.015193460317492594, 1.4621131498795943, 1.46579547868898, 1.5115519629570791, 1.4876903742974312, 1.5645979891095334, 1.4448122308178506, 0.5924515047516463, 0.2247123734843115, 1, 0.2739044468963129, 0.2250648495940878, 0.7327187510009169]
[0.0025574748130064552, -0.058198930649166113, 0.01588671393545003, 1.4621131498795943, 1.46579547868898, 1.5115519629570791, 1.4864110411249738, 1.5645979891095334, 1.4448122308178506, 0.5924515047516463, 0.2247123734843115, 1, 0.2739044468963129, 0.2250648495940878, 0.7327187510009169]
[0.0025574748130064552, -0.058198930649166113, 0.01588671393545003, 1.4621131498795943, 1.46579547868898, 1.5225360677476498, 1.4856219342701824, 1.5645979891095334, 1.4448122308178506, 0.5924515047516463, 0.2247123734843115, 1, 0.2739044468963129, 0.2250648495940878, 0.7327187510009169]
[0.0025574748130064552, -0.058198930649166113, 0.01588671393545003, 1.4621131498795943, 1.46579547868898, 1.5115519629570791, 1.4864110411249738, 1.5645979891095334, 1.4448122308178506, 0.5924515047516463, 0.2247123734843115, 1, 0.2739044468963129, 0.2250648495940878, 0.7327187510009169]
[0.0025574748130064552, -0.058991596811770498, 0.01588671393545003, 1.4621131498795943, 1.46579547868898, 1.5187652349521954, 1.4856219342701824, 1.5645979891095334, 1.4448122308178506, 0.5924515047516463, 0.2247123734843115, 1, 0.2739044468963129, 0.2250648495940878, 0.7327187510009169]
[0.0025574748130064552, -0.058198930649166113, 0.01588671393545003, 1.4621131498795943, 1.46579547868898, 1.5225360677476498, 1.4876903742974312, 1.5645979891095334, 1.4472023202263418, 0.5924515047516463, 0.2247123734843115, 1, 0.2739044468963129, 0.2250648495940878, 1]
[0.0013259208995199639, -0.058198930649166113, 0.01588671393545003, 1.4621131498795943, 1.46579547868898, 1.5225360677476498, 1.4876903742974312, 1.5433801747725722, 1.4666167880407077, 0.5924515047516463, 0.2247123734843115, 1, 0.2739044468963129, 0.2250648495940878, 0.7327187510009169]
[0.0025574748130064552, -0.058198930649166113, 0.01588671393545003, 1.4621131498795943, 1.46579547868898, 1.5225360677476498, 1.4876903742974312, 1.5645979891095334, 1.4666167880407077, 0.5924515047516463, 0.2247123734843115, 1, 0.2739044468963129, 0.2250648495940878, 0.7327187510009169]
[0.0025574748130064552, -0.057456555894000859, 0.01588671393545003, 1.4621131498795943, 1.46579547868898, 1.5225360677476498, 1.4864110411249738, 1.5645979891095334, 1.4448122308178506, 0.5924515047516463, 0.2247123734843115, 1, 0.2739044468963129, 0.2250648495940878, 0.7327187510009169]
[0.0025574748130064552, -0.058198930649166113, 0.01588671393545003, 1.4621131498795943, 1.46579547868898, 1.5187652349521954, 1.4876903742974312, 1.5645979891095334, 1.4666167880407077, 0.5924515047516463, 0.2247123734843115, 1, 0.2739044468963129, 0.2250648495940878, 0.7327187510009169]
[0.0025574748130064552, -0.057197550760216098, 0.015193460317492594, 1.4621131498795943, 1.46579547868898, 1.5272463106775378, 1.4856219342701824, 1.5645979891095334, 1.4472023202263418, 0.5924515047516463, 0.2247123734843115, 1, 0.2739044468963129, 0.2250648495940878, 0.7327187510009169]
[0.0013259208995199639, -0.058491737298203041, 0.01588671393545003, 1.4621131498795943, 1.46579547868898, 1.5187652349521954, 1.4876903742974312, 1.5589800717785531, 1.4472023202263418, 0.5924515047516463, 0.2247123734843115, 1, 0.13215381771550772, 0.2250648495940878, 0.7327187510009169]
[0.0025574748130064552, -0.058198930649166113, 0.014936202332553066, 1.4621131498795943, 1.46579547868898, 1.5225360677476498, 1.4876903742974312, 1.5645979891095334, 1.4666167880407077, 0.5924515047516463, 0.2247123734843115, 1, 0.2739044468963129, 0.2250648495940878, 0.7327187510009169]
[0.0025574748130064552, -0.058198930649166113, 0.015193460317492594, 1.4621131498795943, 1.46579547868898, 1.5272463106775378, 1.4856219342701824, 1.5645979891095334, 1.4472023202263418, 0.5924515047516463, 0.2247123734843115, 1, 0.2739044468963129, 0.2250648495940878, 0.7327187510009169]
[0.0025574748130064552, -0.057197550760216098, 0.01588671393545003, 1.4621131498795943, 1.46579547868898, 1.5272463106775378, 1.4856219342701824, 1.5645979891095334, 1.4472023202263418, 0.5924515047516463, 0.2247123734843115, 1, 0.2739044468963129, 0.2250648495940878, 0.7327187510009169]
[0.0025574748130064552, -0.057197550760216098, 0.015193460317492594, 1.4621131498795943, 1.46579547868898, 1.5272463106775378, 1.4856219342701824, 1.5645979891095334, 1.4472023202263418, 0.5924515047516463, 0.2247123734843115, 1, 0.2739044468963129, 0.2250648495940878, 0.7327187510009169]
[0.0025574748130064552, -0.057197550760216098, 0.01588671393545003, 1.4621131498795943, 1.46579547868898, 1.5054013596689997, 1.4876903742974312, 1.5736921757428306, 1.4472023202263418, 0.5924515047516463, 0.2247123734843115, 1, 0.2739044468963129, 0.2250648495940878, 0.7327187510009169]
[0.0025574748130064552, -0.058198930649166113, 0.015193460317492594, 1.4621131498795943, 1.46579547868898, 1.5187652349521954, 1.4856219342701824, 1.5645979891095334, 1.4472023202263418, 0.5924515047516463, 0.2247123734843115, 1, 1, 0.2250648495940878, 1]
[0.0025574748130064552, -0.058198930649166113, 0.01588671393545003, 1.4621131498795943, 1.46579547868898, 1.5187652349521954, 1.4876903742974312, 1.5645979891095334, 1.4472023202263418, 0.5924515047516463, 1, 1, 0.2739044468963129, 0.2250648495940878, 0.7327187510009169]
[0.0029789056462782059, -0.057197550760216098, 0.015193460317492594, 1.4621131498795943, 1.46579547868898, 1.5187652349521954, 1.4876903742974312, 1.5736921757428306, 1.4448122308178506, 0.5924515047516463, 0.2247123734843115, 1, 0.13215381771550772, 0.2250648495940878, 0.7327187510009169]
[0.0025574748130064552, -0.058198930649166113, 0.015193460317492594, 1.4621131498795943, 1.46579547868898, 1.5187652349521954, 1.4876903742974312, 1.5645979891095334, 1.4472023202263418, 0.5924515047516463, 0.2247123734843115, 1, 0.2739044468963129, 0.2250648495940878, 0.7327187510009169]
[0.0029789056462782059, -0.058198930649166113, 0.01588671393545003, 1.4621131498795943, 1.46579547868898, 1.5187652349521954, 1.4876903742974312, 1.5736921757428306, 1.4472023202263418, 0.5924515047516463, 0.2247123734843115, 1, 0.2739044468963129, 0.2250648495940878, 0.7327187510009169]
