Score=0.129897981059
[0.068535857827483795, -0.0996305176166755, 0.018887149836120817, 1.4686711536702302, 1.4439331682030796, 1.4571160691140506, 1.4929273925143847, 1.5086201599623275, 1.4745247059514737, 1, 0.8601508263094073, 0.5420745586126082, 0.7016780085846206, 0.03497084561406216, 0.7201810852064822]

Score=0.118998889857
[0.067363436109426661, -0.0996305176166755, 0.017449142445166328, 1.4827678222011615, 1.4439331682030796, 1.4571160691140506, 1.4929273925143847, 1.5137752183373134, 1.462639097847465, 0.8607983557535314, 0.8601508263094073, 0.5420745586126082, 0.7016780085846206, 0.03497084561406216, 0.7201810852064822]

Score=0.0461471924963
[0.068535857827483795, -0.0996305176166755, 0.017449142445166328, 1.4827678222011615, 1.4439331682030796, 1.4423961527457689, 1.4929273925143847, 1.5086201599623275, 1.4710064657373598, 0.8607983557535314, 0.8601508263094073, 0.5420745586126082, 0.7016780085846206, 0.03497084561406216, 0.7201810852064822]

Score=0.117302436331
[0.068535857827483795, -0.0996305176166755, 0.017449142445166328, 1.4827678222011615, 1.453036790757825, 1.4571160691140506, 1.4929273925143847, 1.5086201599623275, 1.4710064657373598, 0.8607983557535314, 0.8601508263094073, 0.5420745586126082, 0.7016780085846206, 0.03497084561406216, 0.7201810852064822]

Score=0.430822594439
[0.068535857827483795, -0.0996305176166755, 0.017449142445166328, 1.4827678222011615, 1.453036790757825, 1.4571160691140506, 1.4929273925143847, 1.5137752183373134, 1.462639097847465, 0.8607983557535314, 0.8601508263094073, 0.5420745586126082, 1, 0.03497084561406216, 0.7201810852064822]

Score=0.0513667621508
[0.068535857827483795, -0.0996305176166755, 0.017449142445166328, 1.4827678222011615, 1.4439331682030796, 1.4423961527457689, 1.4929273925143847, 1.5086201599623275, 1.4710064657373598, 0.8607983557535314, 0.8601508263094073, 0.5420745586126082, 0.7016780085846206, 0.03497084561406216, 0.7201810852064822]

Score=0.0584624902882
[0.068535857827483795, -0.0996305176166755, 0.018887149836120817, 1.4827678222011615, 1.4573108796820202, 1.4571160691140506, 1.4929273925143847, 1.5086201599623275, 1.4666330289681426, 0.8607983557535314, 0.8601508263094073, 0.5420745586126082, 0.7016780085846206, 0.03497084561406216, 0.7201810852064822]

Score=0.0851232520582
[0.068535857827483795, -0.0996305176166755, 0.017449142445166328, 1.4827678222011615, 1.4439331682030796, 1.4423961527457689, 1.4929273925143847, 1.5086201599623275, 1.4738150143659987, 0.8607983557535314, 0.8601508263094073, 0.5420745586126082, 0.7016780085846206, 0.03497084561406216, 0.7201810852064822]

Score=0.0724649455064
[0.068516913558782505, -0.0996305176166755, 0.019180710690050746, 1.5262508188493529, 1.4439331682030796, 1.4571160691140506, 1.4928074158095328, 1.5086201599623275, 1.4738150143659987, 0.8607983557535314, 0.8601508263094073, 0.5420745586126082, 0.7016780085846206, 0.03497084561406216, 0.7201810852064822]

Score=0.0480688285116
[0.068535857827483795, -0.0996305176166755, 0.018887149836120817, 1.5261944140442154, 1.429631448057487, 1.4571160691140506, 1.4928074158095328, 1.5185983002222618, 1.4666330289681426, 0.8607983557535314, 1, 0.5420745586126082, 0.7016780085846206, 0.03497084561406216, 0.7201810852064822]

Score=0.0608667091792
[0.068535857827483795, -0.0996305176166755, 0.017449142445166328, 1.4827678222011615, 1.4439331682030796, 1.4571160691140506, 1.4928074158095328, 1.5086201599623275, 1.4710064657373598, 0.8607983557535314, 0.8601508263094073, 0.5420745586126082, 0.7016780085846206, 0.03497084561406216, 0.7201810852064822]

Score=0.0688964663546
[0.068535857827483795, -0.0996305176166755, 0.018887149836120817, 1.4827678222011615, 1.4573108796820202, 1.4571160691140506, 1.4929273925143847, 1.5086201599623275, 1.4666330289681426, 1, 0.8601508263094073, 0.5420745586126082, 0.7016780085846206, 0.03497084561406216, 0.7201810852064822]

Score=0.0469612539388
[0.068535857827483795, -0.0996305176166755, 0.019180710690050746, 1.5262508188493529, 1.453036790757825, 1.4571160691140506, 1.4928074158095328, 1.5086201599623275, 1.4738150143659987, 0.8607983557535314, 0.8601508263094073, 0.5420745586126082, 0.7016780085846206, 0.03497084561406216, 0.7201810852064822]

Score=0.0533536472902
[0.068535857827483795, -0.0996305176166755, 0.019180710690050746, 1.5261944140442154, 1.4439331682030796, 1.4571160691140506, 1.4928074158095328, 1.5185983002222618, 1.4747662952501099, 0.8607983557535314, 0.8601508263094073, 0.5420745586126082, 0.7016780085846206, 0.07758387752017815, 0.7201810852064822]

Score=0.0504719211238
[0.068535857827483795, -0.0996305176166755, 0.019180710690050746, 1.5261944140442154, 1.453036790757825, 1.4571160691140506, 1.4928074158095328, 1.5185983002222618, 1.4738150143659987, 0.8607983557535314, 0.8601508263094073, 0.5420745586126082, 0.7016780085846206, 0.03497084561406216, 0.7201810852064822]

Score=0.0888397353391
[0.068535857827483795, -0.0996305176166755, 0.019180710690050746, 1.5261944140442154, 1.4439331682030796, 1.4571160691140506, 1.4928074158095328, 1.5185983002222618, 1.4747662952501099, 0.8607983557535314, 0.8601508263094073, 0.5420745586126082, 0.7016780085846206, 0.07758387752017815, 0.7201810852064822]

Score=0.088426542389
[0.068112818796677091, -0.0996305176166755, 0.017449142445166328, 1.4827678222011615, 1.4169430878145473, 1.4620383445447866, 1.4929273925143847, 1.5137752183373134, 1.4738150143659987, 0.8607983557535314, 0.8601508263094073, 0.5420745586126082, 0.7016780085846206, 0.03497084561406216, 0.7201810852064822]

Score=0.0691058576209
[0.067363436109426661, -0.0996305176166755, 0.018887149836120817, 1.5262508188493529, 1.453036790757825, 1.4571160691140506, 1.4928074158095328, 1.5086201599623275, 1.4738150143659987, 1, 0.8601508263094073, 0.5420745586126082, 0.7016780085846206, 0.03497084561406216, 0.7201810852064822]

Score=0.0507929529261
[0.068535857827483795, -0.0996305176166755, 0.017449142445166328, 1.5262508188493529, 1.4439331682030796, 1.4571160691140506, 1.4929273925143847, 1.5137752183373134, 1.4666330289681426, 0.8607983557535314, 0.8601508263094073, 0.5420745586126082, 0.7016780085846206, 0.03497084561406216, 0.7201810852064822]

Score=0.0992516351779
[0.068575670187087642, -0.0996305176166755, 0.018887149836120817, 1.5261944140442154, 1.453036790757825, 1.4571160691140506, 1.4929273925143847, 1.5086201599623275, 1.4738150143659987, 1, 0.8601508263094073, 0.5420745586126082, 0.7016780085846206, 0.03497084561406216, 0.7201810852064822]

Score=0.0883515362844
[0.068535857827483795, -0.0996305176166755, 0.017449142445166328, 1.4827678222011615, 1.4184345641816887, 1.4423961527457689, 1.4929273925143847, 1.5137752183373134, 1.4666330289681426, 0.8607983557535314, 0.8601508263094073, 0.5420745586126082, 0.7016780085846206, 0.03497084561406216, 0.7201810852064822]

Score=0.0513223498196
[0.067363436109426661, -0.0996305176166755, 0.017449142445166328, 1.4967476708187064, 1.4169430878145473, 1.4620383445447866, 1.4929273925143847, 1.5137752183373134, 1.4745247059514737, 0.8607983557535314, 0.8601508263094073, 0.5420745586126082, 0.7016780085846206, 0.03497084561406216, 0.7201810852064822]

Score=0.0490556169011
[0.068575670187087642, -0.0996305176166755, 0.019180710690050746, 1.5262508188493529, 1.4169430878145473, 1.4620383445447866, 1.4929273925143847, 1.5137752183373134, 1.4666330289681426, 0.8607983557535314, 0.8601508263094073, 0.5420745586126082, 0.7016780085846206, 0.03497084561406216, 0.7201810852064822]

Score=0.0764552939633
[0.068575670187087642, -0.0996305176166755, 0.019180710690050746, 1.5261944140442154, 1.4169430878145473, 1.4423961527457689, 1.4929273925143847, 1.5137752183373134, 1.4666330289681426, 0.8607983557535314, 0.8601508263094073, 0.5420745586126082, 0.7016780085846206, 0.03497084561406216, 0.7201810852064822]

Score=0.0480964441452
[0.068575670187087642, -0.0996305176166755, 0.019180710690050746, 1.5261944140442154, 1.453036790757825, 1.4620383445447866, 1.4929273925143847, 1.5137752183373134, 1.4738150143659987, 0.8607983557535314, 0.8601508263094073, 0.5420745586126082, 0.7016780085846206, 0.03497084561406216, 0.7201810852064822]

Score=0.079165099107
[0.068575670187087642, -0.0996305176166755, 0.019180710690050746, 1.5261944140442154, 1.4169430878145473, 1.4620383445447866, 1.4929273925143847, 1.5086201599623275, 1.4666330289681426, 0.8607983557535314, 0.8601508263094073, 0.5420745586126082, 0.7016780085846206, 0.03497084561406216, 0.7201810852064822]

Score=0.499984817621
[0.068535857827483795, -0.0996305176166755, 0.017449142445166328, 1.4827678222011615, 1.453036790757825, 1.4620383445447866, 1.4929273925143847, 1.5137752183373134, 1.462639097847465, 1, 0.8601508263094073, 1, 0.7016780085846206, 0.03497084561406216, 0.7201810852064822]

Score=0.0569133533024
[0.067363436109426661, -0.0996305176166755, 0.016953348969482012, 1.4827678222011615, 1.453036790757825, 1.4620383445447866, 1.4929273925143847, 1.5137752183373134, 1.462639097847465, 0.8607983557535314, 0.8601508263094073, 0.5420745586126082, 0.7016780085846206, 0.03497084561406216, 0.7201810852064822]

Score=0.0715787596281
[0.067363436109426661, -0.0996305176166755, 0.018887149836120817, 1.4686711536702302, 1.4169430878145473, 1.4620383445447866, 1.4929273925143847, 1.5086201599623275, 1.4745247059514737, 1, 0.8601508263094073, 0.5420745586126082, 0.7016780085846206, 0.03497084561406216, 0.7201810852064822]

Score=0.0459430269484
[0.068535857827483795, -0.0996305176166755, 0.017449142445166328, 1.4827678222011615, 1.453036790757825, 1.4571160691140506, 1.4929273925143847, 1.5137752183373134, 1.462639097847465, 0.8607983557535314, 0.8601508263094073, 0.5420745586126082, 0.7016780085846206, 0.03497084561406216, 0.7201810852064822]




Final Population
[0.068535857827483795, -0.0996305176166755, 0.018887149836120817, 1.4686711536702302, 1.4439331682030796, 1.4571160691140506, 1.4929273925143847, 1.5086201599623275, 1.4745247059514737, 1, 0.8601508263094073, 0.5420745586126082, 0.7016780085846206, 0.03497084561406216, 0.7201810852064822]
[0.067363436109426661, -0.0996305176166755, 0.017449142445166328, 1.4827678222011615, 1.4439331682030796, 1.4571160691140506, 1.4929273925143847, 1.5137752183373134, 1.462639097847465, 0.8607983557535314, 0.8601508263094073, 0.5420745586126082, 0.7016780085846206, 0.03497084561406216, 0.7201810852064822]
[0.068535857827483795, -0.0996305176166755, 0.017449142445166328, 1.4827678222011615, 1.4439331682030796, 1.4423961527457689, 1.4929273925143847, 1.5086201599623275, 1.4710064657373598, 0.8607983557535314, 0.8601508263094073, 0.5420745586126082, 0.7016780085846206, 0.03497084561406216, 0.7201810852064822]
[0.068535857827483795, -0.0996305176166755, 0.017449142445166328, 1.4827678222011615, 1.453036790757825, 1.4571160691140506, 1.4929273925143847, 1.5086201599623275, 1.4710064657373598, 0.8607983557535314, 0.8601508263094073, 0.5420745586126082, 0.7016780085846206, 0.03497084561406216, 0.7201810852064822]
[0.068535857827483795, -0.0996305176166755, 0.017449142445166328, 1.4827678222011615, 1.453036790757825, 1.4571160691140506, 1.4929273925143847, 1.5137752183373134, 1.462639097847465, 0.8607983557535314, 0.8601508263094073, 0.5420745586126082, 1, 0.03497084561406216, 0.7201810852064822]
[0.068535857827483795, -0.0996305176166755, 0.017449142445166328, 1.4827678222011615, 1.4439331682030796, 1.4423961527457689, 1.4929273925143847, 1.5086201599623275, 1.4710064657373598, 0.8607983557535314, 0.8601508263094073, 0.5420745586126082, 0.7016780085846206, 0.03497084561406216, 0.7201810852064822]
[0.068535857827483795, -0.0996305176166755, 0.018887149836120817, 1.4827678222011615, 1.4573108796820202, 1.4571160691140506, 1.4929273925143847, 1.5086201599623275, 1.4666330289681426, 0.8607983557535314, 0.8601508263094073, 0.5420745586126082, 0.7016780085846206, 0.03497084561406216, 0.7201810852064822]
[0.068535857827483795, -0.0996305176166755, 0.017449142445166328, 1.4827678222011615, 1.4439331682030796, 1.4423961527457689, 1.4929273925143847, 1.5086201599623275, 1.4738150143659987, 0.8607983557535314, 0.8601508263094073, 0.5420745586126082, 0.7016780085846206, 0.03497084561406216, 0.7201810852064822]
[0.068516913558782505, -0.0996305176166755, 0.019180710690050746, 1.5262508188493529, 1.4439331682030796, 1.4571160691140506, 1.4928074158095328, 1.5086201599623275, 1.4738150143659987, 0.8607983557535314, 0.8601508263094073, 0.5420745586126082, 0.7016780085846206, 0.03497084561406216, 0.7201810852064822]
[0.068535857827483795, -0.0996305176166755, 0.018887149836120817, 1.5261944140442154, 1.429631448057487, 1.4571160691140506, 1.4928074158095328, 1.5185983002222618, 1.4666330289681426, 0.8607983557535314, 1, 0.5420745586126082, 0.7016780085846206, 0.03497084561406216, 0.7201810852064822]
[0.068535857827483795, -0.0996305176166755, 0.017449142445166328, 1.4827678222011615, 1.4439331682030796, 1.4571160691140506, 1.4928074158095328, 1.5086201599623275, 1.4710064657373598, 0.8607983557535314, 0.8601508263094073, 0.5420745586126082, 0.7016780085846206, 0.03497084561406216, 0.7201810852064822]
[0.068535857827483795, -0.0996305176166755, 0.018887149836120817, 1.4827678222011615, 1.4573108796820202, 1.4571160691140506, 1.4929273925143847, 1.5086201599623275, 1.4666330289681426, 1, 0.8601508263094073, 0.5420745586126082, 0.7016780085846206, 0.03497084561406216, 0.7201810852064822]
[0.068535857827483795, -0.0996305176166755, 0.019180710690050746, 1.5262508188493529, 1.453036790757825, 1.4571160691140506, 1.4928074158095328, 1.5086201599623275, 1.4738150143659987, 0.8607983557535314, 0.8601508263094073, 0.5420745586126082, 0.7016780085846206, 0.03497084561406216, 0.7201810852064822]
[0.068535857827483795, -0.0996305176166755, 0.019180710690050746, 1.5261944140442154, 1.4439331682030796, 1.4571160691140506, 1.4928074158095328, 1.5185983002222618, 1.4747662952501099, 0.8607983557535314, 0.8601508263094073, 0.5420745586126082, 0.7016780085846206, 0.07758387752017815, 0.7201810852064822]
[0.068535857827483795, -0.0996305176166755, 0.019180710690050746, 1.5261944140442154, 1.453036790757825, 1.4571160691140506, 1.4928074158095328, 1.5185983002222618, 1.4738150143659987, 0.8607983557535314, 0.8601508263094073, 0.5420745586126082, 0.7016780085846206, 0.03497084561406216, 0.7201810852064822]
[0.068535857827483795, -0.0996305176166755, 0.019180710690050746, 1.5261944140442154, 1.4439331682030796, 1.4571160691140506, 1.4928074158095328, 1.5185983002222618, 1.4747662952501099, 0.8607983557535314, 0.8601508263094073, 0.5420745586126082, 0.7016780085846206, 0.07758387752017815, 0.7201810852064822]
[0.068112818796677091, -0.0996305176166755, 0.017449142445166328, 1.4827678222011615, 1.4169430878145473, 1.4620383445447866, 1.4929273925143847, 1.5137752183373134, 1.4738150143659987, 0.8607983557535314, 0.8601508263094073, 0.5420745586126082, 0.7016780085846206, 0.03497084561406216, 0.7201810852064822]
[0.067363436109426661, -0.0996305176166755, 0.018887149836120817, 1.5262508188493529, 1.453036790757825, 1.4571160691140506, 1.4928074158095328, 1.5086201599623275, 1.4738150143659987, 1, 0.8601508263094073, 0.5420745586126082, 0.7016780085846206, 0.03497084561406216, 0.7201810852064822]
[0.068535857827483795, -0.0996305176166755, 0.017449142445166328, 1.5262508188493529, 1.4439331682030796, 1.4571160691140506, 1.4929273925143847, 1.5137752183373134, 1.4666330289681426, 0.8607983557535314, 0.8601508263094073, 0.5420745586126082, 0.7016780085846206, 0.03497084561406216, 0.7201810852064822]
[0.068575670187087642, -0.0996305176166755, 0.018887149836120817, 1.5261944140442154, 1.453036790757825, 1.4571160691140506, 1.4929273925143847, 1.5086201599623275, 1.4738150143659987, 1, 0.8601508263094073, 0.5420745586126082, 0.7016780085846206, 0.03497084561406216, 0.7201810852064822]
[0.068535857827483795, -0.0996305176166755, 0.017449142445166328, 1.4827678222011615, 1.4184345641816887, 1.4423961527457689, 1.4929273925143847, 1.5137752183373134, 1.4666330289681426, 0.8607983557535314, 0.8601508263094073, 0.5420745586126082, 0.7016780085846206, 0.03497084561406216, 0.7201810852064822]
[0.067363436109426661, -0.0996305176166755, 0.017449142445166328, 1.4967476708187064, 1.4169430878145473, 1.4620383445447866, 1.4929273925143847, 1.5137752183373134, 1.4745247059514737, 0.8607983557535314, 0.8601508263094073, 0.5420745586126082, 0.7016780085846206, 0.03497084561406216, 0.7201810852064822]
[0.068575670187087642, -0.0996305176166755, 0.019180710690050746, 1.5262508188493529, 1.4169430878145473, 1.4620383445447866, 1.4929273925143847, 1.5137752183373134, 1.4666330289681426, 0.8607983557535314, 0.8601508263094073, 0.5420745586126082, 0.7016780085846206, 0.03497084561406216, 0.7201810852064822]
[0.068575670187087642, -0.0996305176166755, 0.019180710690050746, 1.5261944140442154, 1.4169430878145473, 1.4423961527457689, 1.4929273925143847, 1.5137752183373134, 1.4666330289681426, 0.8607983557535314, 0.8601508263094073, 0.5420745586126082, 0.7016780085846206, 0.03497084561406216, 0.7201810852064822]
[0.068575670187087642, -0.0996305176166755, 0.019180710690050746, 1.5261944140442154, 1.453036790757825, 1.4620383445447866, 1.4929273925143847, 1.5137752183373134, 1.4738150143659987, 0.8607983557535314, 0.8601508263094073, 0.5420745586126082, 0.7016780085846206, 0.03497084561406216, 0.7201810852064822]
[0.068575670187087642, -0.0996305176166755, 0.019180710690050746, 1.5261944140442154, 1.4169430878145473, 1.4620383445447866, 1.4929273925143847, 1.5086201599623275, 1.4666330289681426, 0.8607983557535314, 0.8601508263094073, 0.5420745586126082, 0.7016780085846206, 0.03497084561406216, 0.7201810852064822]
[0.068535857827483795, -0.0996305176166755, 0.017449142445166328, 1.4827678222011615, 1.453036790757825, 1.4620383445447866, 1.4929273925143847, 1.5137752183373134, 1.462639097847465, 1, 0.8601508263094073, 1, 0.7016780085846206, 0.03497084561406216, 0.7201810852064822]
[0.067363436109426661, -0.0996305176166755, 0.016953348969482012, 1.4827678222011615, 1.453036790757825, 1.4620383445447866, 1.4929273925143847, 1.5137752183373134, 1.462639097847465, 0.8607983557535314, 0.8601508263094073, 0.5420745586126082, 0.7016780085846206, 0.03497084561406216, 0.7201810852064822]
[0.067363436109426661, -0.0996305176166755, 0.018887149836120817, 1.4686711536702302, 1.4169430878145473, 1.4620383445447866, 1.4929273925143847, 1.5086201599623275, 1.4745247059514737, 1, 0.8601508263094073, 0.5420745586126082, 0.7016780085846206, 0.03497084561406216, 0.7201810852064822]
[0.068535857827483795, -0.0996305176166755, 0.017449142445166328, 1.4827678222011615, 1.453036790757825, 1.4571160691140506, 1.4929273925143847, 1.5137752183373134, 1.462639097847465, 0.8607983557535314, 0.8601508263094073, 0.5420745586126082, 0.7016780085846206, 0.03497084561406216, 0.7201810852064822]
