Score=0.0036759728134
[0.056192728814867483, -0.00024288475134068288, 0.0005701604735023347, 1.4800316288636166, 1.5768955569936178, 1.5843161805277581, 1.4643333327771848, 1.5524542693430194, 1.447095610788734, 1, 0.10017673527110627, 0.03897144709078315, 0.9494889277828344, 0.26807616227637154, 0.16466357136313703]

Score=0.00135010058078
[0.05750058316487839, -0.00024288475134068288, 0.0005701604735023347, 1.4876910651743112, 1.5952559574600502, 1.5843161805277581, 1.4643333327771848, 1.5524542693430194, 1.447095610788734, 1, 0.10017673527110627, 0.03897144709078315, 0.9494889277828344, 0.26807616227637154, 0.16466357136313703]

Score=0.012151008714
[0.05750058316487839, -0.00024288475134068288, 0.0005701604735023347, 1.4788075334115516, 1.5952559574600502, 1.5488425886134825, 1.4643333327771848, 1.5524542693430194, 1.447095610788734, 1, 0.10017673527110627, 0.03897144709078315, 0.9494889277828344, 0.26807616227637154, 0.16466357136313703]

Score=0.0049477431928
[0.05750058316487839, -0.00024288475134068288, 0.0011079769333699157, 1.4800316288636166, 1.5952559574600502, 1.5843161805277581, 1.4707135208811046, 1.5524542693430194, 1.447095610788734, 1, 0.10017673527110627, 0.03897144709078315, 0.9494889277828344, 0.26807616227637154, 0.16466357136313703]

Score=0.0112168453247
[0.05750058316487839, -0.00024288475134068288, 0.0005701604735023347, 1.4876910651743112, 1.5952559574600502, 1.5488425886134825, 1.4643333327771848, 1.5524542693430194, 1.447095610788734, 1, 0.10017673527110627, 0.03897144709078315, 0.9494889277828344, 0.26807616227637154, 0.16466357136313703]

Score=0.00338939308494
[0.05750058316487839, -0.00024288475134068288, 0.0005701604735023347, 1.4876910651743112, 1.5952559574600502, 1.5843161805277581, 1.4643333327771848, 1.5524542693430194, 1.447095610788734, 1, 0.10017673527110627, 0.03897144709078315, 0.9494889277828344, 0.26807616227637154, 0.16466357136313703]

Score=0.00170996110318
[0.05750058316487839, -0.00024288475134068288, 0.0005701604735023347, 1.4788075334115516, 1.5952559574600502, 1.5488425886134825, 1.4643333327771848, 1.5524542693430194, 1.447095610788734, 1, 0.10017673527110627, 0.03897144709078315, 0.9494889277828344, 0.26807616227637154, 0.16466357136313703]

Score=0.00256379966053
[0.05750058316487839, -0.00019524079547497862, 0.0005701604735023347, 1.4800316288636166, 1.5952559574600502, 1.5488425886134825, 1.4643333327771848, 1.5524542693430194, 1.447095610788734, 1, 0.10017673527110627, 0.03897144709078315, 0.9494889277828344, 0.26807616227637154, 0.16466357136313703]

Score=0.339386927577
[0.05750058316487839, -0.00011501187228915813, 0.0005701604735023347, 1.4800316288636166, 1.5952559574600502, 1.5488425886134825, 1.4643333327771848, 1.5524542693430194, 1.447095610788734, 1, 0.10017673527110627, 0.03897144709078315, 0.9494889277828344, 1, 0.16466357136313703]

Score=0.00240079027472
[0.05750058316487839, -0.00024288475134068288, 0.0005701604735023347, 1.4876910651743112, 1.5952559574600502, 1.5313295569014513, 1.4678998605194693, 1.5524542693430194, 1.447095610788734, 1, 0.10017673527110627, 0.03897144709078315, 0.9494889277828344, 0.26807616227637154, 0.16466357136313703]

Score=0.0895982604444
[0.05750058316487839, -0.00024288475134068288, 0.0005701604735023347, 1.4800316288636166, 1.5952559574600502, 1.5488425886134825, 1.4643333327771848, 1.5524542693430194, 1.447095610788734, 1, 0.10017673527110627, 0.03897144709078315, 0.9494889277828344, 0.26807616227637154, 1]

Score=0.00461431120461
[0.05750058316487839, -0.00091722489806594562, 0.0005701604735023347, 1.4788075334115516, 1.5952559574600502, 1.5313295569014513, 1.4643333327771848, 1.5524542693430194, 1.447095610788734, 1, 0.10017673527110627, 0.03897144709078315, 0.9494889277828344, 0.26807616227637154, 0.16466357136313703]

Score=0.0831318843104
[0.05750058316487839, -0.00024288475134068288, 0.0005701604735023347, 1.4788075334115516, 1.5959124435751533, 1.5264576168197177, 1.4643333327771848, 1.5524542693430194, 1.4417983575757334, 1, 0.10017673527110627, 0.03897144709078315, 0.9494889277828344, 0.26807616227637154, 0.16466357136313703]

Score=0.00777618736511
[0.055915469241136051, -0.00024288475134068288, 0.0005701604735023347, 1.4876910651743112, 1.5952559574600502, 1.5313295569014513, 1.4643333327771848, 1.5524542693430194, 1.447095610788734, 1, 0.10017673527110627, 0.03897144709078315, 0.9494889277828344, 0.26807616227637154, 0.16466357136313703]

Score=0.00138844912509
[0.05750058316487839, -0.00024288475134068288, 0.0005701604735023347, 1.4788075334115516, 1.5952559574600502, 1.5313295569014513, 1.4678998605194693, 1.5524542693430194, 1.447095610788734, 1, 0.10017673527110627, 0.03897144709078315, 0.9494889277828344, 0.26807616227637154, 0.16466357136313703]

Score=0.00903138381407
[0.05750058316487839, -0.00024288475134068288, 0.0005701604735023347, 1.4788075334115516, 1.5952559574600502, 1.5189078524202329, 1.4643333327771848, 1.5524542693430194, 1.4443753781840869, 1, 0.10017673527110627, 0.03897144709078315, 0.9494889277828344, 0.26807616227637154, 0.16466357136313703]

Score=0.00103785905088
[0.05750058316487839, -0.00024288475134068288, 0.0005701604735023347, 1.4788075334115516, 1.5952559574600502, 1.5313295569014513, 1.4643333327771848, 1.5524542693430194, 1.4443753781840869, 1, 0.10017673527110627, 0.03897144709078315, 0.9494889277828344, 0.26807616227637154, 0.16466357136313703]

Score=0.348946525278
[0.05750058316487839, -0.00024288475134068288, 0.0005701604735023347, 1.4876910651743112, 1.5952559574600502, 1.5488425886134825, 1.4643333327771848, 1.5524542693430194, 1.447095610788734, 1, 0.10017673527110627, 0.03897144709078315, 0.9494889277828344, 0.26807616227637154, 1]

Score=0.173937285721
[0.05750058316487839, -0.00024288475134068288, 0.0005701604735023347, 1.4803490504399814, 1.5970621326578014, 1.5313295569014513, 1.4643333327771848, 1.5524542693430194, 1.4443753781840869, 1, 0.10017673527110627, 0.03897144709078315, 0.9494889277828344, 1, 0.16466357136313703]

Score=0.00855412981267
[0.05750058316487839, -0.00024288475134068288, 0.0005701604735023347, 1.4876910651743112, 1.5970621326578014, 1.5313295569014513, 1.4707865917903742, 1.5524542693430194, 1.4443753781840869, 1, 0.10017673527110627, 0.03897144709078315, 0.9494889277828344, 0.26807616227637154, 0.16466357136313703]

Score=0.00531723531821
[0.055915469241136051, -0.00024288475134068288, 0.0005701604735023347, 1.4876910651743112, 1.5952559574600502, 1.5488425886134825, 1.4643333327771848, 1.5524542693430194, 1.447095610788734, 1, 0.10017673527110627, 0.03897144709078315, 0.9494889277828344, 0.26807616227637154, 0.16466357136313703]

Score=0.0114392321015
[0.055915469241136051, -0.00024288475134068288, 0.0005701604735023347, 1.4788075334115516, 1.5952559574600502, 1.5313295569014513, 1.4643333327771848, 1.5524542693430194, 1.4443753781840869, 1, 0.10017673527110627, 0.03897144709078315, 0.9494889277828344, 0.26807616227637154, 0.16466357136313703]

Score=0.00260774450052
[0.05750058316487839, -0.00024288475134068288, 0.0005701604735023347, 1.4788075334115516, 1.5952559574600502, 1.5313295569014513, 1.4643333327771848, 1.5524542693430194, 1.4443753781840869, 1, 0.10017673527110627, 0.03897144709078315, 0.9494889277828344, 0.26807616227637154, 0.16466357136313703]

Score=0.00633835280886
[0.05750058316487839, 0.00054277309797797337, 0.0005701604735023347, 1.4788075334115516, 1.5952559574600502, 1.5313295569014513, 1.4643333327771848, 1.5524542693430194, 1.4213128424709238, 1, 0.10017673527110627, 0.03897144709078315, 0.9494889277828344, 0.26807616227637154, 0.16466357136313703]

Score=0.00230946030857
[0.05750058316487839, -0.00024288475134068288, 0.0005701604735023347, 1.4788075334115516, 1.5952559574600502, 1.5313295569014513, 1.4643333327771848, 1.5524542693430194, 1.4443753781840869, 1, 0.10017673527110627, 0.03897144709078315, 0.9494889277828344, 0.26807616227637154, 0.16466357136313703]

Score=0.00985058378495
[0.05750058316487839, -0.0011755600170739494, 0.0005701604735023347, 1.4788075334115516, 1.5952559574600502, 1.5313295569014513, 1.4882444501388297, 1.5524542693430194, 1.4443753781840869, 1, 0.10017673527110627, 0.03897144709078315, 0.9494889277828344, 0.26807616227637154, 0.16466357136313703]

Score=0.00819014816273
[0.05750058316487839, -0.0011755600170739494, 0.0005701604735023347, 1.4800316288636166, 1.5952559574600502, 1.5843161805277581, 1.4882444501388297, 1.557462982812144, 1.447095610788734, 1, 0.10017673527110627, 0.03897144709078315, 0.9494889277828344, 0.26807616227637154, 0.16466357136313703]

Score=0.00643855765293
[0.05750058316487839, -0.00024288475134068288, 0.0005701604735023347, 1.4738881723456378, 1.5952559574600502, 1.5843161805277581, 1.4882444501388297, 1.5524542693430194, 1.4213128424709238, 1, 0.10017673527110627, 0.03897144709078315, 0.9494889277828344, 0.26807616227637154, 0.16466357136313703]

Score=0.0134961507007
[0.05750058316487839, -0.00024288475134068288, 0.0005701604735023347, 1.4788075334115516, 1.5952559574600502, 1.5488425886134825, 1.4643333327771848, 1.5524542693430194, 1.447095610788734, 1, 0.10017673527110627, 0.03897144709078315, 0.9494889277828344, 0.26807616227637154, 0.16466357136313703]

Score=0.00535358152796
[0.056192728814867483, -0.00024288475134068288, 0.0005701604735023347, 1.4800316288636166, 1.5768955569936178, 1.5843161805277581, 1.4643333327771848, 1.5524542693430194, 1.447095610788734, 1, 0.10017673527110627, 0.03897144709078315, 0.9494889277828344, 0.26807616227637154, 0.16466357136313703]




Final Population
[0.056192728814867483, -0.00024288475134068288, 0.0005701604735023347, 1.4800316288636166, 1.5768955569936178, 1.5843161805277581, 1.4643333327771848, 1.5524542693430194, 1.447095610788734, 1, 0.10017673527110627, 0.03897144709078315, 0.9494889277828344, 0.26807616227637154, 0.16466357136313703]
[0.05750058316487839, -0.00024288475134068288, 0.0005701604735023347, 1.4876910651743112, 1.5952559574600502, 1.5843161805277581, 1.4643333327771848, 1.5524542693430194, 1.447095610788734, 1, 0.10017673527110627, 0.03897144709078315, 0.9494889277828344, 0.26807616227637154, 0.16466357136313703]
[0.05750058316487839, -0.00024288475134068288, 0.0005701604735023347, 1.4788075334115516, 1.5952559574600502, 1.5488425886134825, 1.4643333327771848, 1.5524542693430194, 1.447095610788734, 1, 0.10017673527110627, 0.03897144709078315, 0.9494889277828344, 0.26807616227637154, 0.16466357136313703]
[0.05750058316487839, -0.00024288475134068288, 0.0011079769333699157, 1.4800316288636166, 1.5952559574600502, 1.5843161805277581, 1.4707135208811046, 1.5524542693430194, 1.447095610788734, 1, 0.10017673527110627, 0.03897144709078315, 0.9494889277828344, 0.26807616227637154, 0.16466357136313703]
[0.05750058316487839, -0.00024288475134068288, 0.0005701604735023347, 1.4876910651743112, 1.5952559574600502, 1.5488425886134825, 1.4643333327771848, 1.5524542693430194, 1.447095610788734, 1, 0.10017673527110627, 0.03897144709078315, 0.9494889277828344, 0.26807616227637154, 0.16466357136313703]
[0.05750058316487839, -0.00024288475134068288, 0.0005701604735023347, 1.4876910651743112, 1.5952559574600502, 1.5843161805277581, 1.4643333327771848, 1.5524542693430194, 1.447095610788734, 1, 0.10017673527110627, 0.03897144709078315, 0.9494889277828344, 0.26807616227637154, 0.16466357136313703]
[0.05750058316487839, -0.00024288475134068288, 0.0005701604735023347, 1.4788075334115516, 1.5952559574600502, 1.5488425886134825, 1.4643333327771848, 1.5524542693430194, 1.447095610788734, 1, 0.10017673527110627, 0.03897144709078315, 0.9494889277828344, 0.26807616227637154, 0.16466357136313703]
[0.05750058316487839, -0.00019524079547497862, 0.0005701604735023347, 1.4800316288636166, 1.5952559574600502, 1.5488425886134825, 1.4643333327771848, 1.5524542693430194, 1.447095610788734, 1, 0.10017673527110627, 0.03897144709078315, 0.9494889277828344, 0.26807616227637154, 0.16466357136313703]
[0.05750058316487839, -0.00011501187228915813, 0.0005701604735023347, 1.4800316288636166, 1.5952559574600502, 1.5488425886134825, 1.4643333327771848, 1.5524542693430194, 1.447095610788734, 1, 0.10017673527110627, 0.03897144709078315, 0.9494889277828344, 1, 0.16466357136313703]
[0.05750058316487839, -0.00024288475134068288, 0.0005701604735023347, 1.4876910651743112, 1.5952559574600502, 1.5313295569014513, 1.4678998605194693, 1.5524542693430194, 1.447095610788734, 1, 0.10017673527110627, 0.03897144709078315, 0.9494889277828344, 0.26807616227637154, 0.16466357136313703]
[0.05750058316487839, -0.00024288475134068288, 0.0005701604735023347, 1.4800316288636166, 1.5952559574600502, 1.5488425886134825, 1.4643333327771848, 1.5524542693430194, 1.447095610788734, 1, 0.10017673527110627, 0.03897144709078315, 0.9494889277828344, 0.26807616227637154, 1]
[0.05750058316487839, -0.00091722489806594562, 0.0005701604735023347, 1.4788075334115516, 1.5952559574600502, 1.5313295569014513, 1.4643333327771848, 1.5524542693430194, 1.447095610788734, 1, 0.10017673527110627, 0.03897144709078315, 0.9494889277828344, 0.26807616227637154, 0.16466357136313703]
[0.05750058316487839, -0.00024288475134068288, 0.0005701604735023347, 1.4788075334115516, 1.5959124435751533, 1.5264576168197177, 1.4643333327771848, 1.5524542693430194, 1.4417983575757334, 1, 0.10017673527110627, 0.03897144709078315, 0.9494889277828344, 0.26807616227637154, 0.16466357136313703]
[0.055915469241136051, -0.00024288475134068288, 0.0005701604735023347, 1.4876910651743112, 1.5952559574600502, 1.5313295569014513, 1.4643333327771848, 1.5524542693430194, 1.447095610788734, 1, 0.10017673527110627, 0.03897144709078315, 0.9494889277828344, 0.26807616227637154, 0.16466357136313703]
[0.05750058316487839, -0.00024288475134068288, 0.0005701604735023347, 1.4788075334115516, 1.5952559574600502, 1.5313295569014513, 1.4678998605194693, 1.5524542693430194, 1.447095610788734, 1, 0.10017673527110627, 0.03897144709078315, 0.9494889277828344, 0.26807616227637154, 0.16466357136313703]
[0.05750058316487839, -0.00024288475134068288, 0.0005701604735023347, 1.4788075334115516, 1.5952559574600502, 1.5189078524202329, 1.4643333327771848, 1.5524542693430194, 1.4443753781840869, 1, 0.10017673527110627, 0.03897144709078315, 0.9494889277828344, 0.26807616227637154, 0.16466357136313703]
[0.05750058316487839, -0.00024288475134068288, 0.0005701604735023347, 1.4788075334115516, 1.5952559574600502, 1.5313295569014513, 1.4643333327771848, 1.5524542693430194, 1.4443753781840869, 1, 0.10017673527110627, 0.03897144709078315, 0.9494889277828344, 0.26807616227637154, 0.16466357136313703]
[0.05750058316487839, -0.00024288475134068288, 0.0005701604735023347, 1.4876910651743112, 1.5952559574600502, 1.5488425886134825, 1.4643333327771848, 1.5524542693430194, 1.447095610788734, 1, 0.10017673527110627, 0.03897144709078315, 0.9494889277828344, 0.26807616227637154, 1]
[0.05750058316487839, -0.00024288475134068288, 0.0005701604735023347, 1.4803490504399814, 1.5970621326578014, 1.5313295569014513, 1.4643333327771848, 1.5524542693430194, 1.4443753781840869, 1, 0.10017673527110627, 0.03897144709078315, 0.9494889277828344, 1, 0.16466357136313703]
[0.05750058316487839, -0.00024288475134068288, 0.0005701604735023347, 1.4876910651743112, 1.5970621326578014, 1.5313295569014513, 1.4707865917903742, 1.5524542693430194, 1.4443753781840869, 1, 0.10017673527110627, 0.03897144709078315, 0.9494889277828344, 0.26807616227637154, 0.16466357136313703]
[0.055915469241136051, -0.00024288475134068288, 0.0005701604735023347, 1.4876910651743112, 1.5952559574600502, 1.5488425886134825, 1.4643333327771848, 1.5524542693430194, 1.447095610788734, 1, 0.10017673527110627, 0.03897144709078315, 0.9494889277828344, 0.26807616227637154, 0.16466357136313703]
[0.055915469241136051, -0.00024288475134068288, 0.0005701604735023347, 1.4788075334115516, 1.5952559574600502, 1.5313295569014513, 1.4643333327771848, 1.5524542693430194, 1.4443753781840869, 1, 0.10017673527110627, 0.03897144709078315, 0.9494889277828344, 0.26807616227637154, 0.16466357136313703]
[0.05750058316487839, -0.00024288475134068288, 0.0005701604735023347, 1.4788075334115516, 1.5952559574600502, 1.5313295569014513, 1.4643333327771848, 1.5524542693430194, 1.4443753781840869, 1, 0.10017673527110627, 0.03897144709078315, 0.9494889277828344, 0.26807616227637154, 0.16466357136313703]
[0.05750058316487839, 0.00054277309797797337, 0.0005701604735023347, 1.4788075334115516, 1.5952559574600502, 1.5313295569014513, 1.4643333327771848, 1.5524542693430194, 1.4213128424709238, 1, 0.10017673527110627, 0.03897144709078315, 0.9494889277828344, 0.26807616227637154, 0.16466357136313703]
[0.05750058316487839, -0.00024288475134068288, 0.0005701604735023347, 1.4788075334115516, 1.5952559574600502, 1.5313295569014513, 1.4643333327771848, 1.5524542693430194, 1.4443753781840869, 1, 0.10017673527110627, 0.03897144709078315, 0.9494889277828344, 0.26807616227637154, 0.16466357136313703]
[0.05750058316487839, -0.0011755600170739494, 0.0005701604735023347, 1.4788075334115516, 1.5952559574600502, 1.5313295569014513, 1.4882444501388297, 1.5524542693430194, 1.4443753781840869, 1, 0.10017673527110627, 0.03897144709078315, 0.9494889277828344, 0.26807616227637154, 0.16466357136313703]
[0.05750058316487839, -0.0011755600170739494, 0.0005701604735023347, 1.4800316288636166, 1.5952559574600502, 1.5843161805277581, 1.4882444501388297, 1.557462982812144, 1.447095610788734, 1, 0.10017673527110627, 0.03897144709078315, 0.9494889277828344, 0.26807616227637154, 0.16466357136313703]
[0.05750058316487839, -0.00024288475134068288, 0.0005701604735023347, 1.4738881723456378, 1.5952559574600502, 1.5843161805277581, 1.4882444501388297, 1.5524542693430194, 1.4213128424709238, 1, 0.10017673527110627, 0.03897144709078315, 0.9494889277828344, 0.26807616227637154, 0.16466357136313703]
[0.05750058316487839, -0.00024288475134068288, 0.0005701604735023347, 1.4788075334115516, 1.5952559574600502, 1.5488425886134825, 1.4643333327771848, 1.5524542693430194, 1.447095610788734, 1, 0.10017673527110627, 0.03897144709078315, 0.9494889277828344, 0.26807616227637154, 0.16466357136313703]
[0.056192728814867483, -0.00024288475134068288, 0.0005701604735023347, 1.4800316288636166, 1.5768955569936178, 1.5843161805277581, 1.4643333327771848, 1.5524542693430194, 1.447095610788734, 1, 0.10017673527110627, 0.03897144709078315, 0.9494889277828344, 0.26807616227637154, 0.16466357136313703]
