Score=0.499990673357
[0.082958759735741572, -0.0063564701508408566, 0.030772733718544828, 1.5216608211593756, 1.4750511425743165, 1.5056225260048988, 1.4660338057967059, 1.5076036040718119, 1.5818441710110642, 0.5579777148052204, 0.45914033261576703, 1, 0.19748497434253087, 1, 1]

Score=0.0262734062175
[0.082259283769446287, -0.0063564701508408566, 0.030772733718544828, 1.5216608211593756, 1.4750511425743165, 1.5056225260048988, 1.4660338057967059, 1.5076036040718119, 1.5818441710110642, 1, 0.45914033261576703, 0.002495393994200956, 0.19748497434253087, 1, 1]

Score=0.00686490225556
[0.083809689740848792, -0.0063564701508408566, 0.030772733718544828, 1.5216608211593756, 1.4750511425743165, 1.4965232927156848, 1.4660338057967059, 1.5076036040718119, 1.5818441710110642, 0.5579777148052204, 0.45914033261576703, 0.002495393994200956, 0.19748497434253087, 1, 1]

Score=0.280193438993
[0.082958759735741572, -0.0081216273279123685, 0.029006003693849335, 1.5216608211593756, 1.4750511425743165, 1.5056225260048988, 1.4660338057967059, 1.5161938609632162, 1.5818441710110642, 0.5579777148052204, 0.45914033261576703, 0.002495393994200956, 0.19748497434253087, 1, 1]

Score=0.0122294210786
[0.082958759735741572, -0.0063564701508408566, 0.030772733718544828, 1.5216608211593756, 1.4750511425743165, 1.5056225260048988, 1.4660338057967059, 1.5076036040718119, 1.5818441710110642, 0.5579777148052204, 0.45914033261576703, 0.002495393994200956, 0.19748497434253087, 1, 1]

Score=0.0973649060438
[0.082958759735741572, -0.0063564701508408566, 0.030772733718544828, 1.5216608211593756, 1.4750511425743165, 1.5056225260048988, 1.4660338057967059, 1.5110215168127143, 1.5818441710110642, 0.5579777148052204, 0.45914033261576703, 0.002495393994200956, 0.19748497434253087, 1, 1]

Score=0.066720320513
[0.083809689740848792, -0.0063564701508408566, 0.030772733718544828, 1.5216608211593756, 1.4750511425743165, 1.4965232927156848, 1.4660338057967059, 1.5076036040718119, 1.5818441710110642, 0.5579777148052204, 0.45914033261576703, 0.002495393994200956, 0.19748497434253087, 1, 1]

Score=0.163021037364
[0.082958759735741572, -0.0063564701508408566, 0.030096022637733127, 1.5354952339131922, 1.4828724856058635, 1.4998359532533099, 1.4660338057967059, 1.4989231582864135, 1.5804256629828817, 1, 0.45914033261576703, 0.002495393994200956, 0.19748497434253087, 1, 1]

Score=0.0562028512982
[0.082958759735741572, -0.0063564701508408566, 0.030772733718544828, 1.5216608211593756, 1.4750511425743165, 1.5056225260048988, 1.4660338057967059, 1.5110215168127143, 1.5804256629828817, 0.5579777148052204, 0.45914033261576703, 0.002495393994200956, 0.19748497434253087, 1, 1]

Score=0.00586282298945
[0.082958759735741572, -0.0063564701508408566, 0.029009485617840072, 1.5216608211593756, 1.4750511425743165, 1.5056225260048988, 1.4660338057967059, 1.4989231582864135, 1.5818441710110642, 0.5579777148052204, 0.45914033261576703, 0.002495393994200956, 0.19748497434253087, 1, 1]

Score=0.343703574235
[0.082958759735741572, -0.0063564701508408566, 0.029009485617840072, 1.5216608211593756, 1.4758285438421002, 1.5056225260048988, 1.4660338057967059, 1.4989231582864135, 1.5818441710110642, 0.5579777148052204, 0.45914033261576703, 0.002495393994200956, 1, 1, 1]

Score=0.00660181603681
[0.082958759735741572, -0.0063564701508408566, 0.029009485617840072, 1.5216608211593756, 1.4750511425743165, 1.5056225260048988, 1.4660338057967059, 1.4989231582864135, 1.5804256629828817, 0.5579777148052204, 0.45914033261576703, 0.002495393994200956, 0.19748497434253087, 1, 1]

Score=0.0119420182578
[0.082958759735741572, -0.0063564701508408566, 0.030096022637733127, 1.5121429573446605, 1.4828724856058635, 1.5056225260048988, 1.4660338057967059, 1.4989231582864135, 1.5804256629828817, 0.5579777148052204, 0.45914033261576703, 0.002495393994200956, 0.19748497434253087, 1, 1]

Score=0.0120647759148
[0.082958759735741572, -0.0063564701508408566, 0.03154396453213976, 1.5216608211593756, 1.4758285438421002, 1.5056225260048988, 1.4660338057967059, 1.5110215168127143, 1.5818441710110642, 0.5579777148052204, 0.45914033261576703, 0.002495393994200956, 0.19748497434253087, 1, 1]

Score=0.0876217279977
[0.081999938062233588, -0.0063564701508408566, 0.03154396453213976, 1.5216608211593756, 1.4750511425743165, 1.5056225260048988, 1.4660338057967059, 1.4989231582864135, 1.5818441710110642, 0.5579777148052204, 0.45914033261576703, 0.002495393994200956, 0.19748497434253087, 1, 1]

Score=0.00570303736062
[0.082724524143447192, -0.0063564701508408566, 0.030096022637733127, 1.5121429573446605, 1.4828724856058635, 1.5056225260048988, 1.4660338057967059, 1.4989231582864135, 1.5636855067849973, 0.5579777148052204, 0.45914033261576703, 0.002495393994200956, 0.19748497434253087, 1, 1]

Score=0.0545476905011
[0.082958759735741572, -0.0063564701508408566, 0.030096022637733127, 1.5121429573446605, 1.4972824670375566, 1.5056225260048988, 1.4660338057967059, 1.5110215168127143, 1.5818441710110642, 0.5579777148052204, 0.45914033261576703, 0.002495393994200956, 0.19748497434253087, 1, 1]

Score=0.00789651952318
[0.082958759735741572, -0.0063564701508408566, 0.03154396453213976, 1.5121429573446605, 1.4972824670375566, 1.5056225260048988, 1.4660338057967059, 1.5110215168127143, 1.5818441710110642, 0.5579777148052204, 0.45914033261576703, 0.002495393994200956, 0.19748497434253087, 1, 1]

Score=0.0294584302327
[0.081999938062233588, -0.0063564701508408566, 0.03154396453213976, 1.5121429573446605, 1.5022440957260472, 1.5056225260048988, 1.4660338057967059, 1.4989231582864135, 1.5804256629828817, 0.5579777148052204, 0.45914033261576703, 0.002495393994200956, 0.19748497434253087, 1, 1]

Score=0.00498704812032
[0.081999938062233588, -0.0063564701508408566, 0.03154396453213976, 1.5121429573446605, 1.4972824670375566, 1.5056225260048988, 1.4660338057967059, 1.4989231582864135, 1.5804256629828817, 0.5579777148052204, 0.45914033261576703, 0.002495393994200956, 0.19748497434253087, 1, 1]

Score=0.00900642411792
[0.082724524143447192, -0.0063564701508408566, 0.03154396453213976, 1.5216608211593756, 1.4828724856058635, 1.5056225260048988, 1.4660338057967059, 1.5110215168127143, 1.5804256629828817, 0.5579777148052204, 0.45914033261576703, 0.002495393994200956, 0.19748497434253087, 1, 1]

Score=0.0338238086233
[0.082958759735741572, -0.0063564701508408566, 0.029006003693849335, 1.5121429573446605, 1.4972824670375566, 1.5056225260048988, 1.4660338057967059, 1.5110215168127143, 1.5804256629828817, 0.5579777148052204, 0.45914033261576703, 0.002495393994200956, 0.19748497434253087, 1, 1]

Score=0.0658200023462
[0.082958759735741572, -0.0063564701508408566, 0.03154396453213976, 1.5121429573446605, 1.4750511425743165, 1.5056225260048988, 1.4660338057967059, 1.5110215168127143, 1.5818441710110642, 0.5579777148052204, 0.45914033261576703, 0.002495393994200956, 0.19748497434253087, 1, 1]

Score=0.0357360163365
[0.082958759735741572, -0.0063564701508408566, 0.03154396453213976, 1.5216608211593756, 1.4972824670375566, 1.5056225260048988, 1.4660338057967059, 1.5110215168127143, 1.5804256629828817, 0.5579777148052204, 0.45914033261576703, 0.002495393994200956, 0.19748497434253087, 1, 1]

Score=0.0549524717797
[0.082958759735741572, -0.0063564701508408566, 0.029006003693849335, 1.5121429573446605, 1.4750511425743165, 1.5056225260048988, 1.4660338057967059, 1.514203201617206, 1.5804256629828817, 0.5579777148052204, 0.45914033261576703, 0.002495393994200956, 0.19748497434253087, 1, 1]

Score=0.488413564007
[0.082958759735741572, -0.0063564701508408566, 0.03154396453213976, 1.5121429573446605, 1.4750511425743165, 1.5056225260048988, 1.4660338057967059, 1.5076036040718119, 1.5804256629828817, 0.5579777148052204, 0.45914033261576703, 0.002495393994200956, 1, 1, 1]

Score=0.144162804415
[0.082958759735741572, -0.0081216273279123685, 0.029006003693849335, 1.5121429573446605, 1.4972824670375566, 1.5056225260048988, 1.4660338057967059, 1.514203201617206, 1.5804256629828817, 0.5579777148052204, 0.45914033261576703, 0.002495393994200956, 0.19748497434253087, 1, 1]

Score=0.00588659367583
[0.082724524143447192, -0.0063564701508408566, 0.030772733718544828, 1.5121429573446605, 1.4972824670375566, 1.5056225260048988, 1.4660338057967059, 1.5110215168127143, 1.5804256629828817, 0.5579777148052204, 0.45914033261576703, 0.002495393994200956, 0.19748497434253087, 1, 1]

Score=0.00561629384344
[0.082259283769446287, -0.0063564701508408566, 0.03154396453213976, 1.5216608211593756, 1.4750511425743165, 1.5056225260048988, 1.4660338057967059, 1.5076036040718119, 1.5804256629828817, 0.5579777148052204, 0.45914033261576703, 0.002495393994200956, 0.19748497434253087, 1, 1]

Score=0.007969271658
[0.082958759735741572, -0.0063564701508408566, 0.030772733718544828, 1.5216608211593756, 1.4750511425743165, 1.5056225260048988, 1.4660338057967059, 1.5076036040718119, 1.5818441710110642, 0.5579777148052204, 0.45914033261576703, 0.002495393994200956, 0.19748497434253087, 1, 1]




Final Population
[0.082958759735741572, -0.0063564701508408566, 0.030772733718544828, 1.5216608211593756, 1.4750511425743165, 1.5056225260048988, 1.4660338057967059, 1.5076036040718119, 1.5818441710110642, 0.5579777148052204, 0.45914033261576703, 1, 0.19748497434253087, 1, 1]
[0.082259283769446287, -0.0063564701508408566, 0.030772733718544828, 1.5216608211593756, 1.4750511425743165, 1.5056225260048988, 1.4660338057967059, 1.5076036040718119, 1.5818441710110642, 1, 0.45914033261576703, 0.002495393994200956, 0.19748497434253087, 1, 1]
[0.083809689740848792, -0.0063564701508408566, 0.030772733718544828, 1.5216608211593756, 1.4750511425743165, 1.4965232927156848, 1.4660338057967059, 1.5076036040718119, 1.5818441710110642, 0.5579777148052204, 0.45914033261576703, 0.002495393994200956, 0.19748497434253087, 1, 1]
[0.082958759735741572, -0.0081216273279123685, 0.029006003693849335, 1.5216608211593756, 1.4750511425743165, 1.5056225260048988, 1.4660338057967059, 1.5161938609632162, 1.5818441710110642, 0.5579777148052204, 0.45914033261576703, 0.002495393994200956, 0.19748497434253087, 1, 1]
[0.082958759735741572, -0.0063564701508408566, 0.030772733718544828, 1.5216608211593756, 1.4750511425743165, 1.5056225260048988, 1.4660338057967059, 1.5076036040718119, 1.5818441710110642, 0.5579777148052204, 0.45914033261576703, 0.002495393994200956, 0.19748497434253087, 1, 1]
[0.082958759735741572, -0.0063564701508408566, 0.030772733718544828, 1.5216608211593756, 1.4750511425743165, 1.5056225260048988, 1.4660338057967059, 1.5110215168127143, 1.5818441710110642, 0.5579777148052204, 0.45914033261576703, 0.002495393994200956, 0.19748497434253087, 1, 1]
[0.083809689740848792, -0.0063564701508408566, 0.030772733718544828, 1.5216608211593756, 1.4750511425743165, 1.4965232927156848, 1.4660338057967059, 1.5076036040718119, 1.5818441710110642, 0.5579777148052204, 0.45914033261576703, 0.002495393994200956, 0.19748497434253087, 1, 1]
[0.082958759735741572, -0.0063564701508408566, 0.030096022637733127, 1.5354952339131922, 1.4828724856058635, 1.4998359532533099, 1.4660338057967059, 1.4989231582864135, 1.5804256629828817, 1, 0.45914033261576703, 0.002495393994200956, 0.19748497434253087, 1, 1]
[0.082958759735741572, -0.0063564701508408566, 0.030772733718544828, 1.5216608211593756, 1.4750511425743165, 1.5056225260048988, 1.4660338057967059, 1.5110215168127143, 1.5804256629828817, 0.5579777148052204, 0.45914033261576703, 0.002495393994200956, 0.19748497434253087, 1, 1]
[0.082958759735741572, -0.0063564701508408566, 0.029009485617840072, 1.5216608211593756, 1.4750511425743165, 1.5056225260048988, 1.4660338057967059, 1.4989231582864135, 1.5818441710110642, 0.5579777148052204, 0.45914033261576703, 0.002495393994200956, 0.19748497434253087, 1, 1]
[0.082958759735741572, -0.0063564701508408566, 0.029009485617840072, 1.5216608211593756, 1.4758285438421002, 1.5056225260048988, 1.4660338057967059, 1.4989231582864135, 1.5818441710110642, 0.5579777148052204, 0.45914033261576703, 0.002495393994200956, 1, 1, 1]
[0.082958759735741572, -0.0063564701508408566, 0.029009485617840072, 1.5216608211593756, 1.4750511425743165, 1.5056225260048988, 1.4660338057967059, 1.4989231582864135, 1.5804256629828817, 0.5579777148052204, 0.45914033261576703, 0.002495393994200956, 0.19748497434253087, 1, 1]
[0.082958759735741572, -0.0063564701508408566, 0.030096022637733127, 1.5121429573446605, 1.4828724856058635, 1.5056225260048988, 1.4660338057967059, 1.4989231582864135, 1.5804256629828817, 0.5579777148052204, 0.45914033261576703, 0.002495393994200956, 0.19748497434253087, 1, 1]
[0.082958759735741572, -0.0063564701508408566, 0.03154396453213976, 1.5216608211593756, 1.4758285438421002, 1.5056225260048988, 1.4660338057967059, 1.5110215168127143, 1.5818441710110642, 0.5579777148052204, 0.45914033261576703, 0.002495393994200956, 0.19748497434253087, 1, 1]
[0.081999938062233588, -0.0063564701508408566, 0.03154396453213976, 1.5216608211593756, 1.4750511425743165, 1.5056225260048988, 1.4660338057967059, 1.4989231582864135, 1.5818441710110642, 0.5579777148052204, 0.45914033261576703, 0.002495393994200956, 0.19748497434253087, 1, 1]
[0.082724524143447192, -0.0063564701508408566, 0.030096022637733127, 1.5121429573446605, 1.4828724856058635, 1.5056225260048988, 1.4660338057967059, 1.4989231582864135, 1.5636855067849973, 0.5579777148052204, 0.45914033261576703, 0.002495393994200956, 0.19748497434253087, 1, 1]
[0.082958759735741572, -0.0063564701508408566, 0.030096022637733127, 1.5121429573446605, 1.4972824670375566, 1.5056225260048988, 1.4660338057967059, 1.5110215168127143, 1.5818441710110642, 0.5579777148052204, 0.45914033261576703, 0.002495393994200956, 0.19748497434253087, 1, 1]
[0.082958759735741572, -0.0063564701508408566, 0.03154396453213976, 1.5121429573446605, 1.4972824670375566, 1.5056225260048988, 1.4660338057967059, 1.5110215168127143, 1.5818441710110642, 0.5579777148052204, 0.45914033261576703, 0.002495393994200956, 0.19748497434253087, 1, 1]
[0.081999938062233588, -0.0063564701508408566, 0.03154396453213976, 1.5121429573446605, 1.5022440957260472, 1.5056225260048988, 1.4660338057967059, 1.4989231582864135, 1.5804256629828817, 0.5579777148052204, 0.45914033261576703, 0.002495393994200956, 0.19748497434253087, 1, 1]
[0.081999938062233588, -0.0063564701508408566, 0.03154396453213976, 1.5121429573446605, 1.4972824670375566, 1.5056225260048988, 1.4660338057967059, 1.4989231582864135, 1.5804256629828817, 0.5579777148052204, 0.45914033261576703, 0.002495393994200956, 0.19748497434253087, 1, 1]
[0.082724524143447192, -0.0063564701508408566, 0.03154396453213976, 1.5216608211593756, 1.4828724856058635, 1.5056225260048988, 1.4660338057967059, 1.5110215168127143, 1.5804256629828817, 0.5579777148052204, 0.45914033261576703, 0.002495393994200956, 0.19748497434253087, 1, 1]
[0.082958759735741572, -0.0063564701508408566, 0.029006003693849335, 1.5121429573446605, 1.4972824670375566, 1.5056225260048988, 1.4660338057967059, 1.5110215168127143, 1.5804256629828817, 0.5579777148052204, 0.45914033261576703, 0.002495393994200956, 0.19748497434253087, 1, 1]
[0.082958759735741572, -0.0063564701508408566, 0.03154396453213976, 1.5121429573446605, 1.4750511425743165, 1.5056225260048988, 1.4660338057967059, 1.5110215168127143, 1.5818441710110642, 0.5579777148052204, 0.45914033261576703, 0.002495393994200956, 0.19748497434253087, 1, 1]
[0.082958759735741572, -0.0063564701508408566, 0.03154396453213976, 1.5216608211593756, 1.4972824670375566, 1.5056225260048988, 1.4660338057967059, 1.5110215168127143, 1.5804256629828817, 0.5579777148052204, 0.45914033261576703, 0.002495393994200956, 0.19748497434253087, 1, 1]
[0.082958759735741572, -0.0063564701508408566, 0.029006003693849335, 1.5121429573446605, 1.4750511425743165, 1.5056225260048988, 1.4660338057967059, 1.514203201617206, 1.5804256629828817, 0.5579777148052204, 0.45914033261576703, 0.002495393994200956, 0.19748497434253087, 1, 1]
[0.082958759735741572, -0.0063564701508408566, 0.03154396453213976, 1.5121429573446605, 1.4750511425743165, 1.5056225260048988, 1.4660338057967059, 1.5076036040718119, 1.5804256629828817, 0.5579777148052204, 0.45914033261576703, 0.002495393994200956, 1, 1, 1]
[0.082958759735741572, -0.0081216273279123685, 0.029006003693849335, 1.5121429573446605, 1.4972824670375566, 1.5056225260048988, 1.4660338057967059, 1.514203201617206, 1.5804256629828817, 0.5579777148052204, 0.45914033261576703, 0.002495393994200956, 0.19748497434253087, 1, 1]
[0.082724524143447192, -0.0063564701508408566, 0.030772733718544828, 1.5121429573446605, 1.4972824670375566, 1.5056225260048988, 1.4660338057967059, 1.5110215168127143, 1.5804256629828817, 0.5579777148052204, 0.45914033261576703, 0.002495393994200956, 0.19748497434253087, 1, 1]
[0.082259283769446287, -0.0063564701508408566, 0.03154396453213976, 1.5216608211593756, 1.4750511425743165, 1.5056225260048988, 1.4660338057967059, 1.5076036040718119, 1.5804256629828817, 0.5579777148052204, 0.45914033261576703, 0.002495393994200956, 0.19748497434253087, 1, 1]
[0.082958759735741572, -0.0063564701508408566, 0.030772733718544828, 1.5216608211593756, 1.4750511425743165, 1.5056225260048988, 1.4660338057967059, 1.5076036040718119, 1.5818441710110642, 0.5579777148052204, 0.45914033261576703, 0.002495393994200956, 0.19748497434253087, 1, 1]
