Score=0.0496625942764
[0.02064913145062537, -0.080879766089963445, -0.077732442096571805, 1.4901922136045935, 1.5039885868130731, 1.583576362374922, 1.6, 1.4237464321390096, 1.5162423023729368, 1, 0.4132179776833813, 1, 1, 0.04070197180172297, 1]

Score=0.143672732985
[0.02064913145062537, -0.080879766089963445, -0.077732442096571805, 1.4989016156688841, 1.5039885868130731, 1.583576362374922, 1.6, 1.4237464321390096, 1.5162423023729368, 1, 0.4132179776833813, 1, 1, 0.04070197180172297, 1]

Score=0.105410168711
[0.02064913145062537, -0.080879766089963445, -0.077732442096571805, 1.4989016156688841, 1.5298185756796796, 1.583576362374922, 1.6, 1.419962388994169, 1.5162423023729368, 1, 1, 1, 1, 0.04070197180172297, 1]

Score=0.0417973650086
[0.02064913145062537, -0.080833232461693119, -0.077732442096571805, 1.4989016156688841, 1.5298185756796796, 1.583576362374922, 1.6, 1.419962388994169, 1.5162423023729368, 1, 1, 1, 1, 0.04070197180172297, 1]

Score=0.0421669697
[0.019924626090341319, -0.080879766089963445, -0.077732442096571805, 1.4989016156688841, 1.5039885868130731, 1.583576362374922, 1.6, 1.4237464321390096, 1.5162423023729368, 1, 0.4132179776833813, 1, 1, 0.04070197180172297, 1]

Score=0.168179469582
[0.02064913145062537, -0.080879766089963445, -0.077732442096571805, 1.4989016156688841, 1.5039885868130731, 1.583576362374922, 1.6, 1.4237464321390096, 1.5162423023729368, 1, 0.4132179776833813, 1, 1, 0.04070197180172297, 1]

Score=0.123754754197
[0.02064913145062537, -0.080879766089963445, -0.077732442096571805, 1.4901922136045935, 1.5039885868130731, 1.583576362374922, 1.6, 1.4237464321390096, 1.4286221839451925, 1, 0.4132179776833813, 1, 1, 0.04070197180172297, 1]

Score=0.133069110143
[0.02064913145062537, -0.080879766089963445, -0.077732442096571805, 1.4989016156688841, 1.5408631274177154, 1.583576362374922, 1.6, 1.4237464321390096, 1.5162423023729368, 1, 1, 1, 1, 0.04070197180172297, 1]

Score=0.215045405313
[0.02064913145062537, -0.080833232461693119, -0.077732442096571805, 1.5012925939899198, 1.5039885868130731, 1.5593782956709161, 1.6, 1.4851512968744924, 1.5162423023729368, 1, 1, 1, 1, 0.04070197180172297, 1]

Score=0.150505636939
[0.02064913145062537, -0.080879766089963445, -0.079114340686392892, 1.4989016156688841, 1.5039885868130731, 1.583576362374922, 1.6, 1.4237464321390096, 1.4393971507790295, 1, 0.4132179776833813, 1, 1, 0.04070197180172297, 1]

Score=0.0334149339089
[0.02064913145062537, -0.080879766089963445, -0.077732442096571805, 1.5077024788153703, 1.5039885868130731, 1.583576362374922, 1.6, 1.4851512968744924, 1.4286221839451925, 1, 0.4132179776833813, 1, 1, 0.04070197180172297, 1]

Score=0.106255320293
[0.02064913145062537, -0.082733253522771236, -0.077732442096571805, 1.5012925939899198, 1.5039885868130731, 1.5593782956709161, 1.6, 1.4237464321390096, 1.438074415116549, 1, 1, 1, 1, 0.04070197180172297, 1]

Score=0.0499708783123
[0.02064913145062537, -0.081924205097561542, -0.077732442096571805, 1.5012925939899198, 1.5298185756796796, 1.5593782956709161, 1.6, 1.4851512968744924, 1.438074415116549, 1, 1, 1, 1, 0.04070197180172297, 1]

Score=0.207345487107
[0.02064913145062537, -0.080879766089963445, -0.077732442096571805, 1.4930483463046624, 1.5039885868130731, 1.5724683565760356, 1.6, 1.4237464321390096, 1.5162423023729368, 1, 1, 1, 1, 0.04070197180172297, 1]

Score=0.0733672583579
[0.02064913145062537, -0.080879766089963445, -0.077732442096571805, 1.4989016156688841, 1.5039885868130731, 1.583576362374922, 1.6, 1.4237464321390096, 1.4393971507790295, 1, 0.4132179776833813, 1, 1, 0.04070197180172297, 1]

Score=0.18626685969
[0.02064913145062537, -0.080879766089963445, -0.081007853653970244, 1.4989016156688841, 1.5039885868130731, 1.583576362374922, 1.6, 1.4192406830318778, 1.5162423023729368, 1, 1, 1, 1, 0.04070197180172297, 1]

Score=0.172622536988
[0.02064913145062537, -0.081924205097561542, -0.077732442096571805, 1.5012925939899198, 1.5298185756796796, 1.583576362374922, 1.6, 1.4237464321390096, 1.438074415116549, 1, 1, 1, 1, 0.04070197180172297, 1]

Score=0.0920887004643
[0.02064913145062537, -0.081924205097561542, -0.076251968165071876, 1.4989016156688841, 1.5039885868130731, 1.5768407376895044, 1.6, 1.4851512968744924, 1.4393971507790295, 1, 1, 1, 1, 0.04070197180172297, 1]

Score=0.081407427394
[0.02064913145062537, -0.080879766089963445, -0.077732442096571805, 1.5012925939899198, 1.5039885868130731, 1.5768407376895044, 1.6, 1.4192406830318778, 1.5162423023729368, 1, 1, 1, 1, 0.04070197180172297, 1]

Score=0.0672327484216
[0.02064913145062537, -0.080098982086463349, -0.077732442096571805, 1.5012925939899198, 1.5408631274177154, 1.583576362374922, 1.6, 1.4192406830318778, 1.5162423023729368, 1, 1, 1, 1, 0.04070197180172297, 1]

Score=0.0556150251705
[0.02064913145062537, -0.080098982086463349, -0.077732442096571805, 1.4930483463046624, 1.5408631274177154, 1.5768407376895044, 1.6, 1.4742314415899873, 1.438074415116549, 1, 1, 1, 1, 0.04070197180172297, 1]

Score=0.0883636914295
[0.02064913145062537, -0.080098982086463349, -0.077732442096571805, 1.5012925939899198, 1.5408631274177154, 1.5768407376895044, 1.6, 1.4742314415899873, 1.438074415116549, 1, 1, 1, 1, 0.04070197180172297, 1]

Score=0.110224472944
[0.02064913145062537, -0.080098982086463349, -0.077732442096571805, 1.5012925939899198, 1.5446196741649434, 1.5768407376895044, 1.6, 1.4237464321390096, 1.438074415116549, 1, 1, 1, 1, 1, 1]

Score=0.204399430493
[0.02064913145062537, -0.080098982086463349, -0.077732442096571805, 1.5012925939899198, 1.5408631274177154, 1.583576362374922, 1.6, 1.4237464321390096, 1.438074415116549, 1, 1, 1, 1, 0.04070197180172297, 1]

Score=0.0913435194462
[0.02064913145062537, -0.080098982086463349, -0.077732442096571805, 1.4989016156688841, 1.5039885868130731, 1.583576362374922, 1.6, 1.4237464321390096, 1.5162423023729368, 1, 1, 1, 1, 0.04070197180172297, 1]

Score=0.141013110583
[0.02064913145062537, -0.080879766089963445, -0.077732442096571805, 1.4989016156688841, 1.5039885868130731, 1.583576362374922, 1.6, 1.4237464321390096, 1.5162423023729368, 1, 0.4132179776833813, 1, 1, 0.04070197180172297, 1]

Score=0.178557251641
[0.02064913145062537, -0.080098982086463349, -0.077732442096571805, 1.4989016156688841, 1.5198083689065016, 1.583576362374922, 1.6, 1.4237464321390096, 1.5162423023729368, 1, 1, 1, 1, 0.04070197180172297, 1]

Score=0.118925093944
[0.02064913145062537, -0.080879766089963445, -0.077732442096571805, 1.4901922136045935, 1.5111448649839332, 1.583576362374922, 1.6, 1.4237464321390096, 1.5162423023729368, 1, 0.4132179776833813, 1, 1, 0.04070197180172297, 1]

Score=0.0652208481036
[0.02064913145062537, -0.080879766089963445, -0.077732442096571805, 1.4989016156688841, 1.5039885868130731, 1.583576362374922, 1.6, 1.4237464321390096, 1.5162423023729368, 1, 0.4132179776833813, 1, 1, 1, 1]

Score=0.0722343845504
[0.02064913145062537, -0.080879766089963445, -0.077732442096571805, 1.5001157272320125, 1.5039885868130731, 1.583576362374922, 1.6, 1.419962388994169, 1.5162423023729368, 1, 0.4132179776833813, 1, 1, 0.04070197180172297, 1]




Final Population
[0.02064913145062537, -0.080879766089963445, -0.077732442096571805, 1.4901922136045935, 1.5039885868130731, 1.583576362374922, 1.6, 1.4237464321390096, 1.5162423023729368, 1, 0.4132179776833813, 1, 1, 0.04070197180172297, 1]
[0.02064913145062537, -0.080879766089963445, -0.077732442096571805, 1.4989016156688841, 1.5039885868130731, 1.583576362374922, 1.6, 1.4237464321390096, 1.5162423023729368, 1, 0.4132179776833813, 1, 1, 0.04070197180172297, 1]
[0.02064913145062537, -0.080879766089963445, -0.077732442096571805, 1.4989016156688841, 1.5298185756796796, 1.583576362374922, 1.6, 1.419962388994169, 1.5162423023729368, 1, 1, 1, 1, 0.04070197180172297, 1]
[0.02064913145062537, -0.080833232461693119, -0.077732442096571805, 1.4989016156688841, 1.5298185756796796, 1.583576362374922, 1.6, 1.419962388994169, 1.5162423023729368, 1, 1, 1, 1, 0.04070197180172297, 1]
[0.019924626090341319, -0.080879766089963445, -0.077732442096571805, 1.4989016156688841, 1.5039885868130731, 1.583576362374922, 1.6, 1.4237464321390096, 1.5162423023729368, 1, 0.4132179776833813, 1, 1, 0.04070197180172297, 1]
[0.02064913145062537, -0.080879766089963445, -0.077732442096571805, 1.4989016156688841, 1.5039885868130731, 1.583576362374922, 1.6, 1.4237464321390096, 1.5162423023729368, 1, 0.4132179776833813, 1, 1, 0.04070197180172297, 1]
[0.02064913145062537, -0.080879766089963445, -0.077732442096571805, 1.4901922136045935, 1.5039885868130731, 1.583576362374922, 1.6, 1.4237464321390096, 1.4286221839451925, 1, 0.4132179776833813, 1, 1, 0.04070197180172297, 1]
[0.02064913145062537, -0.080879766089963445, -0.077732442096571805, 1.4989016156688841, 1.5408631274177154, 1.583576362374922, 1.6, 1.4237464321390096, 1.5162423023729368, 1, 1, 1, 1, 0.04070197180172297, 1]
[0.02064913145062537, -0.080833232461693119, -0.077732442096571805, 1.5012925939899198, 1.5039885868130731, 1.5593782956709161, 1.6, 1.4851512968744924, 1.5162423023729368, 1, 1, 1, 1, 0.04070197180172297, 1]
[0.02064913145062537, -0.080879766089963445, -0.079114340686392892, 1.4989016156688841, 1.5039885868130731, 1.583576362374922, 1.6, 1.4237464321390096, 1.4393971507790295, 1, 0.4132179776833813, 1, 1, 0.04070197180172297, 1]
[0.02064913145062537, -0.080879766089963445, -0.077732442096571805, 1.5077024788153703, 1.5039885868130731, 1.583576362374922, 1.6, 1.4851512968744924, 1.4286221839451925, 1, 0.4132179776833813, 1, 1, 0.04070197180172297, 1]
[0.02064913145062537, -0.082733253522771236, -0.077732442096571805, 1.5012925939899198, 1.5039885868130731, 1.5593782956709161, 1.6, 1.4237464321390096, 1.438074415116549, 1, 1, 1, 1, 0.04070197180172297, 1]
[0.02064913145062537, -0.081924205097561542, -0.077732442096571805, 1.5012925939899198, 1.5298185756796796, 1.5593782956709161, 1.6, 1.4851512968744924, 1.438074415116549, 1, 1, 1, 1, 0.04070197180172297, 1]
[0.02064913145062537, -0.080879766089963445, -0.077732442096571805, 1.4930483463046624, 1.5039885868130731, 1.5724683565760356, 1.6, 1.4237464321390096, 1.5162423023729368, 1, 1, 1, 1, 0.04070197180172297, 1]
[0.02064913145062537, -0.080879766089963445, -0.077732442096571805, 1.4989016156688841, 1.5039885868130731, 1.583576362374922, 1.6, 1.4237464321390096, 1.4393971507790295, 1, 0.4132179776833813, 1, 1, 0.04070197180172297, 1]
[0.02064913145062537, -0.080879766089963445, -0.081007853653970244, 1.4989016156688841, 1.5039885868130731, 1.583576362374922, 1.6, 1.4192406830318778, 1.5162423023729368, 1, 1, 1, 1, 0.04070197180172297, 1]
[0.02064913145062537, -0.081924205097561542, -0.077732442096571805, 1.5012925939899198, 1.5298185756796796, 1.583576362374922, 1.6, 1.4237464321390096, 1.438074415116549, 1, 1, 1, 1, 0.04070197180172297, 1]
[0.02064913145062537, -0.081924205097561542, -0.076251968165071876, 1.4989016156688841, 1.5039885868130731, 1.5768407376895044, 1.6, 1.4851512968744924, 1.4393971507790295, 1, 1, 1, 1, 0.04070197180172297, 1]
[0.02064913145062537, -0.080879766089963445, -0.077732442096571805, 1.5012925939899198, 1.5039885868130731, 1.5768407376895044, 1.6, 1.4192406830318778, 1.5162423023729368, 1, 1, 1, 1, 0.04070197180172297, 1]
[0.02064913145062537, -0.080098982086463349, -0.077732442096571805, 1.5012925939899198, 1.5408631274177154, 1.583576362374922, 1.6, 1.4192406830318778, 1.5162423023729368, 1, 1, 1, 1, 0.04070197180172297, 1]
[0.02064913145062537, -0.080098982086463349, -0.077732442096571805, 1.4930483463046624, 1.5408631274177154, 1.5768407376895044, 1.6, 1.4742314415899873, 1.438074415116549, 1, 1, 1, 1, 0.04070197180172297, 1]
[0.02064913145062537, -0.080098982086463349, -0.077732442096571805, 1.5012925939899198, 1.5408631274177154, 1.5768407376895044, 1.6, 1.4742314415899873, 1.438074415116549, 1, 1, 1, 1, 0.04070197180172297, 1]
[0.02064913145062537, -0.080098982086463349, -0.077732442096571805, 1.5012925939899198, 1.5446196741649434, 1.5768407376895044, 1.6, 1.4237464321390096, 1.438074415116549, 1, 1, 1, 1, 1, 1]
[0.02064913145062537, -0.080098982086463349, -0.077732442096571805, 1.5012925939899198, 1.5408631274177154, 1.583576362374922, 1.6, 1.4237464321390096, 1.438074415116549, 1, 1, 1, 1, 0.04070197180172297, 1]
[0.02064913145062537, -0.080098982086463349, -0.077732442096571805, 1.4989016156688841, 1.5039885868130731, 1.583576362374922, 1.6, 1.4237464321390096, 1.5162423023729368, 1, 1, 1, 1, 0.04070197180172297, 1]
[0.02064913145062537, -0.080879766089963445, -0.077732442096571805, 1.4989016156688841, 1.5039885868130731, 1.583576362374922, 1.6, 1.4237464321390096, 1.5162423023729368, 1, 0.4132179776833813, 1, 1, 0.04070197180172297, 1]
[0.02064913145062537, -0.080098982086463349, -0.077732442096571805, 1.4989016156688841, 1.5198083689065016, 1.583576362374922, 1.6, 1.4237464321390096, 1.5162423023729368, 1, 1, 1, 1, 0.04070197180172297, 1]
[0.02064913145062537, -0.080879766089963445, -0.077732442096571805, 1.4901922136045935, 1.5111448649839332, 1.583576362374922, 1.6, 1.4237464321390096, 1.5162423023729368, 1, 0.4132179776833813, 1, 1, 0.04070197180172297, 1]
[0.02064913145062537, -0.080879766089963445, -0.077732442096571805, 1.4989016156688841, 1.5039885868130731, 1.583576362374922, 1.6, 1.4237464321390096, 1.5162423023729368, 1, 0.4132179776833813, 1, 1, 1, 1]
[0.02064913145062537, -0.080879766089963445, -0.077732442096571805, 1.5001157272320125, 1.5039885868130731, 1.583576362374922, 1.6, 1.419962388994169, 1.5162423023729368, 1, 0.4132179776833813, 1, 1, 0.04070197180172297, 1]
