Score=0.0959019062177
alpha=[0.04944313934380251, -0.028740065282145601, -0.051569418413069106]
beta=[1.583027323492221, 1.4844191796491004, 1.5408916579356138, 1.49186844127464, 1.5244163168397884, 1.4798476804114629]
gamma=[0.6458726484562571, 1, 0.385756325736924, 0.15152876878599386, 1, 0.5933146287065872]
[0.04944313934380251, -0.028740065282145601, -0.051569418413069106, 1.583027323492221, 1.4844191796491004, 1.5408916579356138, 1.49186844127464, 1.5244163168397884, 1.4798476804114629, 0.6458726484562571, 1, 0.385756325736924, 0.15152876878599386, 1, 0.5933146287065872]

Score=0.0623412616183
alpha=[0.04944313934380251, -0.029485991483260768, -0.051569418413069106]
beta=[1.583027323492221, 1.4844191796491004, 1.5408916579356138, 1.49186844127464, 1.5412497939747272, 1.513722422676381]
gamma=[0.6458726484562571, 1, 0.385756325736924, 1, 1, 0.5933146287065872]
[0.04944313934380251, -0.029485991483260768, -0.051569418413069106, 1.583027323492221, 1.4844191796491004, 1.5408916579356138, 1.49186844127464, 1.5412497939747272, 1.513722422676381, 0.6458726484562571, 1, 0.385756325736924, 1, 1, 0.5933146287065872]

Score=0.0579130549241
alpha=[0.04944313934380251, -0.029485991483260768, -0.051569418413069106]
beta=[1.583027323492221, 1.4844191796491004, 1.5408916579356138, 1.4842963920426178, 1.5412497939747272, 1.513722422676381]
gamma=[0.6458726484562571, 1, 0.385756325736924, 1, 1, 0.5933146287065872]
[0.04944313934380251, -0.029485991483260768, -0.051569418413069106, 1.583027323492221, 1.4844191796491004, 1.5408916579356138, 1.4842963920426178, 1.5412497939747272, 1.513722422676381, 0.6458726484562571, 1, 0.385756325736924, 1, 1, 0.5933146287065872]

Score=0.0659122963439
alpha=[0.04944313934380251, -0.028988281194058316, -0.051569418413069106]
beta=[1.583027323492221, 1.4844191796491004, 1.5408916579356138, 1.4842963920426178, 1.5412497939747272, 1.513722422676381]
gamma=[0.6458726484562571, 1, 0.385756325736924, 1, 1, 0.5933146287065872]
[0.04944313934380251, -0.028988281194058316, -0.051569418413069106, 1.583027323492221, 1.4844191796491004, 1.5408916579356138, 1.4842963920426178, 1.5412497939747272, 1.513722422676381, 0.6458726484562571, 1, 0.385756325736924, 1, 1, 0.5933146287065872]

Score=0.0506693735197
alpha=[0.04944313934380251, -0.029485991483260768, -0.051001515463762498]
beta=[1.5962016611655434, 1.4706413678968422, 1.5408916579356138, 1.49186844127464, 1.5244163168397884, 1.513722422676381]
gamma=[0.6458726484562571, 1, 0.385756325736924, 1, 1, 0.5933146287065872]
[0.04944313934380251, -0.029485991483260768, -0.051001515463762498, 1.5962016611655434, 1.4706413678968422, 1.5408916579356138, 1.49186844127464, 1.5244163168397884, 1.513722422676381, 0.6458726484562571, 1, 0.385756325736924, 1, 1, 0.5933146287065872]

Score=0.0952447442921
alpha=[0.04944313934380251, -0.028988281194058316, -0.051569418413069106]
beta=[1.5962016611655434, 1.4706413678968422, 1.5408916579356138, 1.49186844127464, 1.5244163168397884, 1.513722422676381]
gamma=[0.6458726484562571, 1, 0.385756325736924, 1, 1, 0.5933146287065872]
[0.04944313934380251, -0.028988281194058316, -0.051569418413069106, 1.5962016611655434, 1.4706413678968422, 1.5408916579356138, 1.49186844127464, 1.5244163168397884, 1.513722422676381, 0.6458726484562571, 1, 0.385756325736924, 1, 1, 0.5933146287065872]

Score=0.0993607727664
alpha=[0.04944313934380251, -0.029485991483260768, -0.049966381741197934]
beta=[1.5968917682241623, 1.4844191796491004, 1.5408916579356138, 1.49186844127464, 1.5244163168397884, 1.513722422676381]
gamma=[0.6458726484562571, 1, 0.385756325736924, 1, 1, 0.5933146287065872]
[0.04944313934380251, -0.029485991483260768, -0.049966381741197934, 1.5968917682241623, 1.4844191796491004, 1.5408916579356138, 1.49186844127464, 1.5244163168397884, 1.513722422676381, 0.6458726484562571, 1, 0.385756325736924, 1, 1, 0.5933146287065872]

Score=0.0348268700794
alpha=[0.050760449337565579, -0.029485991483260768, -0.051569418413069106]
beta=[1.583027323492221, 1.4844191796491004, 1.5408916579356138, 1.49186844127464, 1.5412497939747272, 1.513722422676381]
gamma=[0.6458726484562571, 1, 0.385756325736924, 1, 1, 0.5933146287065872]
[0.050760449337565579, -0.029485991483260768, -0.051569418413069106, 1.583027323492221, 1.4844191796491004, 1.5408916579356138, 1.49186844127464, 1.5412497939747272, 1.513722422676381, 0.6458726484562571, 1, 0.385756325736924, 1, 1, 0.5933146287065872]

Score=0.0725115431255
alpha=[0.04944313934380251, -0.029485991483260768, -0.049966381741197934]
beta=[1.583027323492221, 1.4844191796491004, 1.5408916579356138, 1.4842963920426178, 1.5412497939747272, 1.513722422676381]
gamma=[0.6458726484562571, 1, 0.385756325736924, 1, 1, 0.5933146287065872]
[0.04944313934380251, -0.029485991483260768, -0.049966381741197934, 1.583027323492221, 1.4844191796491004, 1.5408916579356138, 1.4842963920426178, 1.5412497939747272, 1.513722422676381, 0.6458726484562571, 1, 0.385756325736924, 1, 1, 0.5933146287065872]

Score=0.0661462510292
alpha=[0.04944313934380251, -0.028988281194058316, -0.051569418413069106]
beta=[1.583027323492221, 1.4844191796491004, 1.5339271938001864, 1.49186844127464, 1.5412497939747272, 1.513722422676381]
gamma=[0.6458726484562571, 1, 0.385756325736924, 1, 1, 0.5933146287065872]
[0.04944313934380251, -0.028988281194058316, -0.051569418413069106, 1.583027323492221, 1.4844191796491004, 1.5339271938001864, 1.49186844127464, 1.5412497939747272, 1.513722422676381, 0.6458726484562571, 1, 0.385756325736924, 1, 1, 0.5933146287065872]

Score=0.0585910541926
alpha=[0.04944313934380251, -0.029485991483260768, -0.051569418413069106]
beta=[1.583027323492221, 1.4844191796491004, 1.5408916579356138, 1.4842963920426178, 1.5412497939747272, 1.5103827892620507]
gamma=[0.6458726484562571, 1, 0.385756325736924, 1, 1, 0.5933146287065872]
[0.04944313934380251, -0.029485991483260768, -0.051569418413069106, 1.583027323492221, 1.4844191796491004, 1.5408916579356138, 1.4842963920426178, 1.5412497939747272, 1.5103827892620507, 0.6458726484562571, 1, 0.385756325736924, 1, 1, 0.5933146287065872]

Score=0.060297137069
alpha=[0.050760449337565579, -0.029485991483260768, -0.051569418413069106]
beta=[1.583027323492221, 1.4844191796491004, 1.5339271938001864, 1.49186844127464, 1.5412497939747272, 1.513722422676381]
gamma=[0.6458726484562571, 1, 0.385756325736924, 1, 1, 0.5933146287065872]
[0.050760449337565579, -0.029485991483260768, -0.051569418413069106, 1.583027323492221, 1.4844191796491004, 1.5339271938001864, 1.49186844127464, 1.5412497939747272, 1.513722422676381, 0.6458726484562571, 1, 0.385756325736924, 1, 1, 0.5933146287065872]

Score=0.0616292218788
alpha=[0.04944313934380251, -0.029485991483260768, -0.049966381741197934]
beta=[1.585988082476641, 1.4844191796491004, 1.546812574065217, 1.4842963920426178, 1.5412497939747272, 1.513722422676381]
gamma=[0.6458726484562571, 1, 0.385756325736924, 1, 1, 0.5933146287065872]
[0.04944313934380251, -0.029485991483260768, -0.049966381741197934, 1.585988082476641, 1.4844191796491004, 1.546812574065217, 1.4842963920426178, 1.5412497939747272, 1.513722422676381, 0.6458726484562571, 1, 0.385756325736924, 1, 1, 0.5933146287065872]

Score=0.086995196574
alpha=[0.04944313934380251, -0.029485991483260768, -0.049966381741197934]
beta=[1.583027323492221, 1.4844191796491004, 1.5408916579356138, 1.4842963920426178, 1.5412497939747272, 1.513722422676381]
gamma=[0.6458726484562571, 1, 0.385756325736924, 1, 1, 0.5933146287065872]
[0.04944313934380251, -0.029485991483260768, -0.049966381741197934, 1.583027323492221, 1.4844191796491004, 1.5408916579356138, 1.4842963920426178, 1.5412497939747272, 1.513722422676381, 0.6458726484562571, 1, 0.385756325736924, 1, 1, 0.5933146287065872]

Score=0.0408747950235
alpha=[0.04944313934380251, -0.029485991483260768, -0.049966381741197934]
beta=[1.583027323492221, 1.4844191796491004, 1.5408916579356138, 1.4842963920426178, 1.5412497939747272, 1.513722422676381]
gamma=[0.6458726484562571, 1, 0.385756325736924, 1, 1, 0.5933146287065872]
[0.04944313934380251, -0.029485991483260768, -0.049966381741197934, 1.583027323492221, 1.4844191796491004, 1.5408916579356138, 1.4842963920426178, 1.5412497939747272, 1.513722422676381, 0.6458726484562571, 1, 0.385756325736924, 1, 1, 0.5933146287065872]

Score=0.0275679914131
alpha=[0.04944313934380251, -0.028988281194058316, -0.049966381741197934]
beta=[1.5697107077420038, 1.4844191796491004, 1.523554085380399, 1.4694722890377365, 1.5412497939747272, 1.513722422676381]
gamma=[0.6458726484562571, 1, 0.385756325736924, 1, 1, 0.5933146287065872]
[0.04944313934380251, -0.028988281194058316, -0.049966381741197934, 1.5697107077420038, 1.4844191796491004, 1.523554085380399, 1.4694722890377365, 1.5412497939747272, 1.513722422676381, 0.6458726484562571, 1, 0.385756325736924, 1, 1, 0.5933146287065872]

Score=0.0960003298027
alpha=[0.04944313934380251, -0.029485991483260768, -0.051569418413069106]
beta=[1.5993138648972836, 1.4844191796491004, 1.546812574065217, 1.4842963920426178, 1.5412497939747272, 1.513722422676381]
gamma=[0.6458726484562571, 1, 0.385756325736924, 1, 1, 0.5933146287065872]
[0.04944313934380251, -0.029485991483260768, -0.051569418413069106, 1.5993138648972836, 1.4844191796491004, 1.546812574065217, 1.4842963920426178, 1.5412497939747272, 1.513722422676381, 0.6458726484562571, 1, 0.385756325736924, 1, 1, 0.5933146287065872]

Score=0.0208882510684
alpha=[0.04944313934380251, -0.029485991483260768, -0.049966381741197934]
beta=[1.585988082476641, 1.4844191796491004, 1.546812574065217, 1.4842963920426178, 1.5353043553384846, 1.513722422676381]
gamma=[0.6458726484562571, 1, 0.385756325736924, 1, 1, 0.5933146287065872]
[0.04944313934380251, -0.029485991483260768, -0.049966381741197934, 1.585988082476641, 1.4844191796491004, 1.546812574065217, 1.4842963920426178, 1.5353043553384846, 1.513722422676381, 0.6458726484562571, 1, 0.385756325736924, 1, 1, 0.5933146287065872]

Score=0.0440119842746
alpha=[0.04944313934380251, -0.029485991483260768, -0.049966381741197934]
beta=[1.5993138648972836, 1.4844191796491004, 1.523554085380399, 1.4694722890377365, 1.5412497939747272, 1.5207258710549232]
gamma=[0.6458726484562571, 1, 0.385756325736924, 1, 1, 0.5933146287065872]
[0.04944313934380251, -0.029485991483260768, -0.049966381741197934, 1.5993138648972836, 1.4844191796491004, 1.523554085380399, 1.4694722890377365, 1.5412497939747272, 1.5207258710549232, 0.6458726484562571, 1, 0.385756325736924, 1, 1, 0.5933146287065872]

Score=0.0343515560778
alpha=[0.04944313934380251, -0.029485991483260768, -0.049966381741197934]
beta=[1.5993138648972836, 1.4844191796491004, 1.523554085380399, 1.4842963920426178, 1.5412497939747272, 1.513722422676381]
gamma=[0.6458726484562571, 1, 0.385756325736924, 1, 1, 0.5933146287065872]
[0.04944313934380251, -0.029485991483260768, -0.049966381741197934, 1.5993138648972836, 1.4844191796491004, 1.523554085380399, 1.4842963920426178, 1.5412497939747272, 1.513722422676381, 0.6458726484562571, 1, 0.385756325736924, 1, 1, 0.5933146287065872]

Score=0.0402984805186
alpha=[0.04944313934380251, -0.029485991483260768, -0.049966381741197934]
beta=[1.5993138648972836, 1.4844191796491004, 1.5408916579356138, 1.4842963920426178, 1.5353043553384846, 1.513722422676381]
gamma=[0.6458726484562571, 1, 0.385756325736924, 1, 1, 0.5933146287065872]
[0.04944313934380251, -0.029485991483260768, -0.049966381741197934, 1.5993138648972836, 1.4844191796491004, 1.5408916579356138, 1.4842963920426178, 1.5353043553384846, 1.513722422676381, 0.6458726484562571, 1, 0.385756325736924, 1, 1, 0.5933146287065872]

Score=0.0390207754861
alpha=[0.04944313934380251, -0.029485991483260768, -0.049966381741197934]
beta=[1.585988082476641, 1.4844191796491004, 1.546812574065217, 1.4842963920426178, 1.5353043553384846, 1.513722422676381]
gamma=[0.6458726484562571, 1, 0.385756325736924, 1, 1, 0.5933146287065872]
[0.04944313934380251, -0.029485991483260768, -0.049966381741197934, 1.585988082476641, 1.4844191796491004, 1.546812574065217, 1.4842963920426178, 1.5353043553384846, 1.513722422676381, 0.6458726484562571, 1, 0.385756325736924, 1, 1, 0.5933146287065872]

Score=0.0397653172894
alpha=[0.04944313934380251, -0.029485991483260768, -0.049966381741197934]
beta=[1.5993138648972836, 1.4844191796491004, 1.523554085380399, 1.4842963920426178, 1.5412497939747272, 1.513722422676381]
gamma=[0.6458726484562571, 1, 0.385756325736924, 1, 1, 0.5933146287065872]
[0.04944313934380251, -0.029485991483260768, -0.049966381741197934, 1.5993138648972836, 1.4844191796491004, 1.523554085380399, 1.4842963920426178, 1.5412497939747272, 1.513722422676381, 0.6458726484562571, 1, 0.385756325736924, 1, 1, 0.5933146287065872]

Score=0.0887641857216
alpha=[0.04944313934380251, -0.029485991483260768, -0.049966381741197934]
beta=[1.5993138648972836, 1.4844191796491004, 1.523554085380399, 1.4694722890377365, 1.5412497939747272, 1.513722422676381]
gamma=[0.6458726484562571, 1, 0.385756325736924, 1, 1, 0.5933146287065872]
[0.04944313934380251, -0.029485991483260768, -0.049966381741197934, 1.5993138648972836, 1.4844191796491004, 1.523554085380399, 1.4694722890377365, 1.5412497939747272, 1.513722422676381, 0.6458726484562571, 1, 0.385756325736924, 1, 1, 0.5933146287065872]

Score=0.0834301856797
alpha=[0.04944313934380251, -0.030380305480259023, -0.049966381741197934]
beta=[1.5993138648972836, 1.4844191796491004, 1.546812574065217, 1.49186844127464, 1.5353043553384846, 1.513722422676381]
gamma=[0.6458726484562571, 1, 0.385756325736924, 1, 1, 0.5933146287065872]
[0.04944313934380251, -0.030380305480259023, -0.049966381741197934, 1.5993138648972836, 1.4844191796491004, 1.546812574065217, 1.49186844127464, 1.5353043553384846, 1.513722422676381, 0.6458726484562571, 1, 0.385756325736924, 1, 1, 0.5933146287065872]

Score=0.0252125081049
alpha=[0.04944313934380251, -0.029485991483260768, -0.049966381741197934]
beta=[1.5993138648972836, 1.4844191796491004, 1.5408916579356138, 1.4975809206004933, 1.5353043553384846, 1.513722422676381]
gamma=[0.6458726484562571, 1, 0.385756325736924, 1, 1, 0.5933146287065872]
[0.04944313934380251, -0.029485991483260768, -0.049966381741197934, 1.5993138648972836, 1.4844191796491004, 1.5408916579356138, 1.4975809206004933, 1.5353043553384846, 1.513722422676381, 0.6458726484562571, 1, 0.385756325736924, 1, 1, 0.5933146287065872]

Score=0.0767861799312
alpha=[0.04944313934380251, -0.030380305480259023, -0.049966381741197934]
beta=[1.5962016611655434, 1.4969326540683443, 1.5408916579356138, 1.4805610500185959, 1.5412497939747272, 1.513722422676381]
gamma=[0.6458726484562571, 1, 0.385756325736924, 1, 1, 0.5933146287065872]
[0.04944313934380251, -0.030380305480259023, -0.049966381741197934, 1.5962016611655434, 1.4969326540683443, 1.5408916579356138, 1.4805610500185959, 1.5412497939747272, 1.513722422676381, 0.6458726484562571, 1, 0.385756325736924, 1, 1, 0.5933146287065872]

Score=0.0983065852114
alpha=[0.04944313934380251, -0.029485991483260768, -0.049966381741197934]
beta=[1.5993138648972836, 1.4844191796491004, 1.523554085380399, 1.4694722890377365, 1.5353043553384846, 1.513722422676381]
gamma=[0.6458726484562571, 1, 0.385756325736924, 1, 1, 0.5933146287065872]
[0.04944313934380251, -0.029485991483260768, -0.049966381741197934, 1.5993138648972836, 1.4844191796491004, 1.523554085380399, 1.4694722890377365, 1.5353043553384846, 1.513722422676381, 0.6458726484562571, 1, 0.385756325736924, 1, 1, 0.5933146287065872]

Score=0.0948217301383
alpha=[0.04944313934380251, -0.029485991483260768, -0.049966381741197934]
beta=[1.585988082476641, 1.4844191796491004, 1.546812574065217, 1.4842963920426178, 1.5353043553384846, 1.513722422676381]
gamma=[0.6458726484562571, 1, 0.385756325736924, 1, 1, 0.5933146287065872]
[0.04944313934380251, -0.029485991483260768, -0.049966381741197934, 1.585988082476641, 1.4844191796491004, 1.546812574065217, 1.4842963920426178, 1.5353043553384846, 1.513722422676381, 0.6458726484562571, 1, 0.385756325736924, 1, 1, 0.5933146287065872]

Score=0.0922459817385
alpha=[0.04944313934380251, -0.029485991483260768, -0.049966381741197934]
beta=[1.5993138648972836, 1.4844191796491004, 1.5408916579356138, 1.4842963920426178, 1.5412497939747272, 1.513722422676381]
gamma=[0.6458726484562571, 1, 0.385756325736924, 1, 1, 0.5933146287065872]
[0.04944313934380251, -0.029485991483260768, -0.049966381741197934, 1.5993138648972836, 1.4844191796491004, 1.5408916579356138, 1.4842963920426178, 1.5412497939747272, 1.513722422676381, 0.6458726484562571, 1, 0.385756325736924, 1, 1, 0.5933146287065872]

Score=0.0255872856383
alpha=[0.04944313934380251, -0.031418052779439147, -0.049966381741197934]
beta=[1.5993138648972836, 1.4844191796491004, 1.5408916579356138, 1.4842963920426178, 1.5353043553384846, 1.513722422676381]
gamma=[0.6458726484562571, 1, 0.385756325736924, 1, 1, 0.5933146287065872]
[0.04944313934380251, -0.031418052779439147, -0.049966381741197934, 1.5993138648972836, 1.4844191796491004, 1.5408916579356138, 1.4842963920426178, 1.5353043553384846, 1.513722422676381, 0.6458726484562571, 1, 0.385756325736924, 1, 1, 0.5933146287065872]

Score=0.0520112154533
alpha=[0.04944313934380251, -0.029485991483260768, -0.049966381741197934]
beta=[1.5993138648972836, 1.4844191796491004, 1.5408916579356138, 1.4842963920426178, 1.5412497939747272, 1.513722422676381]
gamma=[0.6458726484562571, 1, 0.385756325736924, 1, 1, 0.5933146287065872]
[0.04944313934380251, -0.029485991483260768, -0.049966381741197934, 1.5993138648972836, 1.4844191796491004, 1.5408916579356138, 1.4842963920426178, 1.5412497939747272, 1.513722422676381, 0.6458726484562571, 1, 0.385756325736924, 1, 1, 0.5933146287065872]

Score=0.0997971270114
alpha=[0.04944313934380251, -0.029485991483260768, -0.049966381741197934]
beta=[1.5962016611655434, 1.4844191796491004, 1.523554085380399, 1.4694722890377365, 1.5412497939747272, 1.513722422676381]
gamma=[0.6458726484562571, 1, 0.385756325736924, 1, 1, 0.5933146287065872]
[0.04944313934380251, -0.029485991483260768, -0.049966381741197934, 1.5962016611655434, 1.4844191796491004, 1.523554085380399, 1.4694722890377365, 1.5412497939747272, 1.513722422676381, 0.6458726484562571, 1, 0.385756325736924, 1, 1, 0.5933146287065872]

Score=0.0676203483018
alpha=[0.04944313934380251, -0.029485991483260768, -0.049966381741197934]
beta=[1.585988082476641, 1.4844191796491004, 1.523554085380399, 1.495438912327496, 1.5353043553384846, 1.513722422676381]
gamma=[0.6458726484562571, 1, 0.385756325736924, 1, 1, 0.5933146287065872]
[0.04944313934380251, -0.029485991483260768, -0.049966381741197934, 1.585988082476641, 1.4844191796491004, 1.523554085380399, 1.495438912327496, 1.5353043553384846, 1.513722422676381, 0.6458726484562571, 1, 0.385756325736924, 1, 1, 0.5933146287065872]

Score=0.0849522868196
alpha=[0.04944313934380251, -0.03059866815989511, -0.049859491748909628]
beta=[1.5962016611655434, 1.4844191796491004, 1.523554085380399, 1.4694722890377365, 1.5412497939747272, 1.513722422676381]
gamma=[0.6458726484562571, 1, 0.385756325736924, 1, 1, 0.5933146287065872]
[0.04944313934380251, -0.03059866815989511, -0.049859491748909628, 1.5962016611655434, 1.4844191796491004, 1.523554085380399, 1.4694722890377365, 1.5412497939747272, 1.513722422676381, 0.6458726484562571, 1, 0.385756325736924, 1, 1, 0.5933146287065872]

Score=0.0395920063893
alpha=[0.04944313934380251, -0.029485991483260768, -0.049966381741197934]
beta=[1.5962016611655434, 1.4844191796491004, 1.523554085380399, 1.4694722890377365, 1.5412497939747272, 1.513722422676381]
gamma=[0.6458726484562571, 1, 0.385756325736924, 1, 1, 0.5933146287065872]
[0.04944313934380251, -0.029485991483260768, -0.049966381741197934, 1.5962016611655434, 1.4844191796491004, 1.523554085380399, 1.4694722890377365, 1.5412497939747272, 1.513722422676381, 0.6458726484562571, 1, 0.385756325736924, 1, 1, 0.5933146287065872]

Score=0.0169871240247
alpha=[0.04944313934380251, -0.029485991483260768, -0.049966381741197934]
beta=[1.585988082476641, 1.4844191796491004, 1.523554085380399, 1.4815355612929428, 1.5353043553384846, 1.513722422676381]
gamma=[0.6458726484562571, 1, 0.385756325736924, 1, 1, 0.5933146287065872]
[0.04944313934380251, -0.029485991483260768, -0.049966381741197934, 1.585988082476641, 1.4844191796491004, 1.523554085380399, 1.4815355612929428, 1.5353043553384846, 1.513722422676381, 0.6458726484562571, 1, 0.385756325736924, 1, 1, 0.5933146287065872]

Score=0.0901946572258
alpha=[0.04944313934380251, -0.029485991483260768, -0.049966381741197934]
beta=[1.5962016611655434, 1.4844191796491004, 1.523554085380399, 1.4815355612929428, 1.5353043553384846, 1.513722422676381]
gamma=[0.6458726484562571, 1, 0.385756325736924, 1, 1, 0.5933146287065872]
[0.04944313934380251, -0.029485991483260768, -0.049966381741197934, 1.5962016611655434, 1.4844191796491004, 1.523554085380399, 1.4815355612929428, 1.5353043553384846, 1.513722422676381, 0.6458726484562571, 1, 0.385756325736924, 1, 1, 0.5933146287065872]

Score=0.0526142563179
alpha=[0.04944313934380251, -0.029485991483260768, -0.049966381741197934]
beta=[1.5993138648972836, 1.4844191796491004, 1.5408916579356138, 1.4842963920426178, 1.5353043553384846, 1.513722422676381]
gamma=[0.6458726484562571, 1, 0.385756325736924, 1, 1, 0.5933146287065872]
[0.04944313934380251, -0.029485991483260768, -0.049966381741197934, 1.5993138648972836, 1.4844191796491004, 1.5408916579356138, 1.4842963920426178, 1.5353043553384846, 1.513722422676381, 0.6458726484562571, 1, 0.385756325736924, 1, 1, 0.5933146287065872]

Score=0.0403450272014
alpha=[0.04944313934380251, -0.029485991483260768, -0.049966381741197934]
beta=[1.5962016611655434, 1.4844191796491004, 1.5408916579356138, 1.4842963920426178, 1.5353043553384846, 1.513722422676381]
gamma=[0.6458726484562571, 1, 0.385756325736924, 1, 1, 0.5933146287065872]
[0.04944313934380251, -0.029485991483260768, -0.049966381741197934, 1.5962016611655434, 1.4844191796491004, 1.5408916579356138, 1.4842963920426178, 1.5353043553384846, 1.513722422676381, 0.6458726484562571, 1, 0.385756325736924, 1, 1, 0.5933146287065872]

Score=0.0879380728153
alpha=[0.04944313934380251, -0.029485991483260768, -0.049966381741197934]
beta=[1.5962016611655434, 1.4844191796491004, 1.523554085380399, 1.4694722890377365, 1.5353043553384846, 1.513722422676381]
gamma=[0.6458726484562571, 1, 0.385756325736924, 1, 1, 0.5933146287065872]
[0.04944313934380251, -0.029485991483260768, -0.049966381741197934, 1.5962016611655434, 1.4844191796491004, 1.523554085380399, 1.4694722890377365, 1.5353043553384846, 1.513722422676381, 0.6458726484562571, 1, 0.385756325736924, 1, 1, 0.5933146287065872]

Score=0.098125663369
alpha=[0.04944313934380251, -0.029485991483260768, -0.049966381741197934]
beta=[1.5962016611655434, 1.4844191796491004, 1.523554085380399, 1.4815355612929428, 1.5309369910661068, 1.513722422676381]
gamma=[0.6458726484562571, 1, 0.385756325736924, 1, 1, 0.5933146287065872]
[0.04944313934380251, -0.029485991483260768, -0.049966381741197934, 1.5962016611655434, 1.4844191796491004, 1.523554085380399, 1.4815355612929428, 1.5309369910661068, 1.513722422676381, 0.6458726484562571, 1, 0.385756325736924, 1, 1, 0.5933146287065872]

Score=0.0916979363353
alpha=[0.04944313934380251, -0.03059866815989511, -0.049966381741197934]
beta=[1.5962016611655434, 1.4844191796491004, 1.523554085380399, 1.4694722890377365, 1.5353043553384846, 1.513722422676381]
gamma=[0.6458726484562571, 1, 0.385756325736924, 1, 1, 0.5933146287065872]
[0.04944313934380251, -0.03059866815989511, -0.049966381741197934, 1.5962016611655434, 1.4844191796491004, 1.523554085380399, 1.4694722890377365, 1.5353043553384846, 1.513722422676381, 0.6458726484562571, 1, 0.385756325736924, 1, 1, 0.5933146287065872]

Score=0.079751337386
alpha=[0.04944313934380251, -0.03059866815989511, -0.049966381741197934]
beta=[1.5962016611655434, 1.4844191796491004, 1.523554085380399, 1.4694722890377365, 1.5353043553384846, 1.513722422676381]
gamma=[0.6458726484562571, 1, 0.385756325736924, 1, 1, 0.5933146287065872]
[0.04944313934380251, -0.03059866815989511, -0.049966381741197934, 1.5962016611655434, 1.4844191796491004, 1.523554085380399, 1.4694722890377365, 1.5353043553384846, 1.513722422676381, 0.6458726484562571, 1, 0.385756325736924, 1, 1, 0.5933146287065872]

Score=0.0237143161396
alpha=[0.04944313934380251, -0.03059866815989511, -0.049966381741197934]
beta=[1.5962016611655434, 1.4844191796491004, 1.5408916579356138, 1.4842963920426178, 1.5353043553384846, 1.513722422676381]
gamma=[0.6458726484562571, 1, 0.385756325736924, 1, 1, 0.5933146287065872]
[0.04944313934380251, -0.03059866815989511, -0.049966381741197934, 1.5962016611655434, 1.4844191796491004, 1.5408916579356138, 1.4842963920426178, 1.5353043553384846, 1.513722422676381, 0.6458726484562571, 1, 0.385756325736924, 1, 1, 0.5933146287065872]

Score=0.0519011511209
alpha=[0.04944313934380251, -0.03059866815989511, -0.049966381741197934]
beta=[1.5962016611655434, 1.4844191796491004, 1.5408916579356138, 1.4842963920426178, 1.5408754677866316, 1.513722422676381]
gamma=[0.6458726484562571, 1, 0.385756325736924, 1, 1, 0.5933146287065872]
[0.04944313934380251, -0.03059866815989511, -0.049966381741197934, 1.5962016611655434, 1.4844191796491004, 1.5408916579356138, 1.4842963920426178, 1.5408754677866316, 1.513722422676381, 0.6458726484562571, 1, 0.385756325736924, 1, 1, 0.5933146287065872]

Score=0.0993400428409
alpha=[0.04944313934380251, -0.029485991483260768, -0.049966381741197934]
beta=[1.5962016611655434, 1.4844191796491004, 1.5408916579356138, 1.4842963920426178, 1.5353043553384846, 1.513722422676381]
gamma=[0.6458726484562571, 1, 0.385756325736924, 1, 1, 0.5933146287065872]
[0.04944313934380251, -0.029485991483260768, -0.049966381741197934, 1.5962016611655434, 1.4844191796491004, 1.5408916579356138, 1.4842963920426178, 1.5353043553384846, 1.513722422676381, 0.6458726484562571, 1, 0.385756325736924, 1, 1, 0.5933146287065872]

Score=0.0697506174425
alpha=[0.04944313934380251, -0.03059866815989511, -0.049966381741197934]
beta=[1.5993138648972836, 1.4844191796491004, 1.523554085380399, 1.4842963920426178, 1.536018369602729, 1.513722422676381]
gamma=[0.6458726484562571, 1, 0.385756325736924, 1, 1, 0.5933146287065872]
[0.04944313934380251, -0.03059866815989511, -0.049966381741197934, 1.5993138648972836, 1.4844191796491004, 1.523554085380399, 1.4842963920426178, 1.536018369602729, 1.513722422676381, 0.6458726484562571, 1, 0.385756325736924, 1, 1, 0.5933146287065872]

Score=0.0842205524891
alpha=[0.04944313934380251, -0.03059866815989511, -0.049966381741197934]
beta=[1.5962016611655434, 1.4844191796491004, 1.546812574065217, 1.4842963920426178, 1.5317930137524507, 1.513722422676381]
gamma=[0.6458726484562571, 1, 0.385756325736924, 1, 1, 0.5933146287065872]
[0.04944313934380251, -0.03059866815989511, -0.049966381741197934, 1.5962016611655434, 1.4844191796491004, 1.546812574065217, 1.4842963920426178, 1.5317930137524507, 1.513722422676381, 0.6458726484562571, 1, 0.385756325736924, 1, 1, 0.5933146287065872]

Score=0.0894139009307
alpha=[0.04944313934380251, -0.03059866815989511, -0.049966381741197934]
beta=[1.5962016611655434, 1.4844191796491004, 1.523554085380399, 1.4694722890377365, 1.5309369910661068, 1.513722422676381]
gamma=[0.6458726484562571, 1, 0.385756325736924, 1, 1, 0.5933146287065872]
[0.04944313934380251, -0.03059866815989511, -0.049966381741197934, 1.5962016611655434, 1.4844191796491004, 1.523554085380399, 1.4694722890377365, 1.5309369910661068, 1.513722422676381, 0.6458726484562571, 1, 0.385756325736924, 1, 1, 0.5933146287065872]

Score=0.0303438044528
alpha=[0.04944313934380251, -0.029485991483260768, -0.049966381741197934]
beta=[1.5962016611655434, 1.4844191796491004, 1.523554085380399, 1.4842963920426178, 1.5353043553384846, 1.513722422676381]
gamma=[0.6458726484562571, 1, 0.385756325736924, 1, 1, 0.5933146287065872]
[0.04944313934380251, -0.029485991483260768, -0.049966381741197934, 1.5962016611655434, 1.4844191796491004, 1.523554085380399, 1.4842963920426178, 1.5353043553384846, 1.513722422676381, 0.6458726484562571, 1, 0.385756325736924, 1, 1, 0.5933146287065872]

Score=0.0260747581993
alpha=[0.048909826580434829, -0.03059866815989511, -0.049966381741197934]
beta=[1.5962016611655434, 1.4844191796491004, 1.523554085380399, 1.4694722890377365, 1.5412497939747272, 1.513722422676381]
gamma=[0.6458726484562571, 1, 0.385756325736924, 1, 1, 0.5933146287065872]
[0.048909826580434829, -0.03059866815989511, -0.049966381741197934, 1.5962016611655434, 1.4844191796491004, 1.523554085380399, 1.4694722890377365, 1.5412497939747272, 1.513722422676381, 0.6458726484562571, 1, 0.385756325736924, 1, 1, 0.5933146287065872]

Score=0.0702802533683
alpha=[0.049291887811993944, -0.029485991483260768, -0.049966381741197934]
beta=[1.585988082476641, 1.4844191796491004, 1.523554085380399, 1.4842963920426178, 1.5353043553384846, 1.513722422676381]
gamma=[0.6458726484562571, 1, 0.385756325736924, 1, 1, 0.5933146287065872]
[0.049291887811993944, -0.029485991483260768, -0.049966381741197934, 1.585988082476641, 1.4844191796491004, 1.523554085380399, 1.4842963920426178, 1.5353043553384846, 1.513722422676381, 0.6458726484562571, 1, 0.385756325736924, 1, 1, 0.5933146287065872]

Score=0.020006653827
alpha=[0.04944313934380251, -0.03059866815989511, -0.049966381741197934]
beta=[1.585988082476641, 1.4844191796491004, 1.546812574065217, 1.4842963920426178, 1.5317930137524507, 1.513722422676381]
gamma=[0.6458726484562571, 1, 0.385756325736924, 1, 1, 0.5933146287065872]
[0.04944313934380251, -0.03059866815989511, -0.049966381741197934, 1.585988082476641, 1.4844191796491004, 1.546812574065217, 1.4842963920426178, 1.5317930137524507, 1.513722422676381, 0.6458726484562571, 1, 0.385756325736924, 1, 1, 0.5933146287065872]

Score=0.0307491287721
alpha=[0.04944313934380251, -0.029485991483260768, -0.049966381741197934]
beta=[1.5962016611655434, 1.4844191796491004, 1.523554085380399, 1.4842963920426178, 1.5317930137524507, 1.4919581052943578]
gamma=[0.6458726484562571, 1, 0.385756325736924, 1, 1, 0.5933146287065872]
[0.04944313934380251, -0.029485991483260768, -0.049966381741197934, 1.5962016611655434, 1.4844191796491004, 1.523554085380399, 1.4842963920426178, 1.5317930137524507, 1.4919581052943578, 0.6458726484562571, 1, 0.385756325736924, 1, 1, 0.5933146287065872]

Score=0.0985035399047
alpha=[0.04944313934380251, -0.03059866815989511, -0.049966381741197934]
beta=[1.5993138648972836, 1.4844191796491004, 1.523554085380399, 1.4842963920426178, 1.5412497939747272, 1.513722422676381]
gamma=[0.6458726484562571, 1, 0.385756325736924, 1, 1, 0.5933146287065872]
[0.04944313934380251, -0.03059866815989511, -0.049966381741197934, 1.5993138648972836, 1.4844191796491004, 1.523554085380399, 1.4842963920426178, 1.5412497939747272, 1.513722422676381, 0.6458726484562571, 1, 0.385756325736924, 1, 1, 0.5933146287065872]

Score=0.0826058239813
alpha=[0.04944313934380251, -0.03059866815989511, -0.049966381741197934]
beta=[1.5962016611655434, 1.4844191796491004, 1.546812574065217, 1.4842963920426178, 1.5353043553384846, 1.513722422676381]
gamma=[0.6458726484562571, 1, 0.385756325736924, 1, 1, 0.5933146287065872]
[0.04944313934380251, -0.03059866815989511, -0.049966381741197934, 1.5962016611655434, 1.4844191796491004, 1.546812574065217, 1.4842963920426178, 1.5353043553384846, 1.513722422676381, 0.6458726484562571, 1, 0.385756325736924, 1, 1, 0.5933146287065872]

Score=0.0970740348102
alpha=[0.04944313934380251, -0.03059866815989511, -0.049966381741197934]
beta=[1.5962016611655434, 1.4844191796491004, 1.546812574065217, 1.4842963920426178, 1.5353043553384846, 1.513722422676381]
gamma=[0.6458726484562571, 1, 0.385756325736924, 1, 1, 0.5933146287065872]
[0.04944313934380251, -0.03059866815989511, -0.049966381741197934, 1.5962016611655434, 1.4844191796491004, 1.546812574065217, 1.4842963920426178, 1.5353043553384846, 1.513722422676381, 0.6458726484562571, 1, 0.385756325736924, 1, 1, 0.5933146287065872]

Score=0.080083816612
alpha=[0.04944313934380251, -0.029485991483260768, -0.049966381741197934]
beta=[1.5962016611655434, 1.4844191796491004, 1.523554085380399, 1.4842963920426178, 1.5353043553384846, 1.4919581052943578]
gamma=[0.6458726484562571, 1, 0.385756325736924, 1, 1, 0.5933146287065872]
[0.04944313934380251, -0.029485991483260768, -0.049966381741197934, 1.5962016611655434, 1.4844191796491004, 1.523554085380399, 1.4842963920426178, 1.5353043553384846, 1.4919581052943578, 0.6458726484562571, 1, 0.385756325736924, 1, 1, 0.5933146287065872]

Score=0.081747926006
alpha=[0.04944313934380251, -0.03059866815989511, -0.049966381741197934]
beta=[1.5993138648972836, 1.4844191796491004, 1.523554085380399, 1.4842963920426178, 1.5353043553384846, 1.513722422676381]
gamma=[0.6458726484562571, 1, 0.385756325736924, 1, 1, 0.5933146287065872]
[0.04944313934380251, -0.03059866815989511, -0.049966381741197934, 1.5993138648972836, 1.4844191796491004, 1.523554085380399, 1.4842963920426178, 1.5353043553384846, 1.513722422676381, 0.6458726484562571, 1, 0.385756325736924, 1, 1, 0.5933146287065872]

Score=0.0819959234013
alpha=[0.04944313934380251, -0.03059866815989511, -0.049966381741197934]
beta=[1.5962016611655434, 1.4844191796491004, 1.546812574065217, 1.4694722890377365, 1.5317930137524507, 1.513722422676381]
gamma=[0.6458726484562571, 1, 0.385756325736924, 1, 1, 0.5933146287065872]
[0.04944313934380251, -0.03059866815989511, -0.049966381741197934, 1.5962016611655434, 1.4844191796491004, 1.546812574065217, 1.4694722890377365, 1.5317930137524507, 1.513722422676381, 0.6458726484562571, 1, 0.385756325736924, 1, 1, 0.5933146287065872]

Score=0.0694932913284
alpha=[0.04944313934380251, -0.029485991483260768, -0.049966381741197934]
beta=[1.5962016611655434, 1.4844191796491004, 1.523554085380399, 1.4842963920426178, 1.5317930137524507, 1.513722422676381]
gamma=[0.6458726484562571, 1, 0.385756325736924, 1, 1, 0.5933146287065872]
[0.04944313934380251, -0.029485991483260768, -0.049966381741197934, 1.5962016611655434, 1.4844191796491004, 1.523554085380399, 1.4842963920426178, 1.5317930137524507, 1.513722422676381, 0.6458726484562571, 1, 0.385756325736924, 1, 1, 0.5933146287065872]

Score=0.035199322614
alpha=[0.04944313934380251, -0.029485991483260768, -0.049966381741197934]
beta=[1.5962016611655434, 1.4844191796491004, 1.523554085380399, 1.4842963920426178, 1.5317930137524507, 1.513722422676381]
gamma=[0.6458726484562571, 1, 0.385756325736924, 1, 1, 0.5933146287065872]
[0.04944313934380251, -0.029485991483260768, -0.049966381741197934, 1.5962016611655434, 1.4844191796491004, 1.523554085380399, 1.4842963920426178, 1.5317930137524507, 1.513722422676381, 0.6458726484562571, 1, 0.385756325736924, 1, 1, 0.5933146287065872]

Score=0.0896432358041
alpha=[0.048909826580434829, -0.028732566340724162, -0.049987027052321303]
beta=[1.5962016611655434, 1.4844191796491004, 1.523554085380399, 1.4842963920426178, 1.5412497939747272, 1.4919581052943578]
gamma=[0.6458726484562571, 1, 0.385756325736924, 1, 1, 0.5933146287065872]
[0.048909826580434829, -0.028732566340724162, -0.049987027052321303, 1.5962016611655434, 1.4844191796491004, 1.523554085380399, 1.4842963920426178, 1.5412497939747272, 1.4919581052943578, 0.6458726484562571, 1, 0.385756325736924, 1, 1, 0.5933146287065872]

Score=0.0857395423111
alpha=[0.04944313934380251, -0.03059866815989511, -0.049966381741197934]
beta=[1.585988082476641, 1.4844191796491004, 1.5430280484683507, 1.4842963920426178, 1.5353043553384846, 1.513722422676381]
gamma=[0.6458726484562571, 1, 0.385756325736924, 1, 1, 0.5933146287065872]
[0.04944313934380251, -0.03059866815989511, -0.049966381741197934, 1.585988082476641, 1.4844191796491004, 1.5430280484683507, 1.4842963920426178, 1.5353043553384846, 1.513722422676381, 0.6458726484562571, 1, 0.385756325736924, 1, 1, 0.5933146287065872]

Score=0.0803670121138
alpha=[0.04944313934380251, -0.029485991483260768, -0.049966381741197934]
beta=[1.5962016611655434, 1.4844191796491004, 1.523554085380399, 1.4842963920426178, 1.5317930137524507, 1.513722422676381]
gamma=[0.6458726484562571, 1, 0.385756325736924, 1, 1, 0.5933146287065872]
[0.04944313934380251, -0.029485991483260768, -0.049966381741197934, 1.5962016611655434, 1.4844191796491004, 1.523554085380399, 1.4842963920426178, 1.5317930137524507, 1.513722422676381, 0.6458726484562571, 1, 0.385756325736924, 1, 1, 0.5933146287065872]

Score=0.090756347359
alpha=[0.04944313934380251, -0.03059866815989511, -0.049966381741197934]
beta=[1.585988082476641, 1.4844191796491004, 1.5430280484683507, 1.4842963920426178, 1.5317930137524507, 1.513722422676381]
gamma=[0.6458726484562571, 1, 0.385756325736924, 1, 1, 0.5933146287065872]
[0.04944313934380251, -0.03059866815989511, -0.049966381741197934, 1.585988082476641, 1.4844191796491004, 1.5430280484683507, 1.4842963920426178, 1.5317930137524507, 1.513722422676381, 0.6458726484562571, 1, 0.385756325736924, 1, 1, 0.5933146287065872]

Score=0.0296997986291
alpha=[0.04944313934380251, -0.029485991483260768, -0.049966381741197934]
beta=[1.5993138648972836, 1.4844191796491004, 1.523554085380399, 1.4842963920426178, 1.5353043553384846, 1.4834976553354164]
gamma=[0.6458726484562571, 1, 0.385756325736924, 1, 1, 0.5933146287065872]
[0.04944313934380251, -0.029485991483260768, -0.049966381741197934, 1.5993138648972836, 1.4844191796491004, 1.523554085380399, 1.4842963920426178, 1.5353043553384846, 1.4834976553354164, 0.6458726484562571, 1, 0.385756325736924, 1, 1, 0.5933146287065872]

Score=0.0917753242923
alpha=[0.04944313934380251, -0.03059866815989511, -0.049966381741197934]
beta=[1.5993138648972836, 1.4844191796491004, 1.5430280484683507, 1.4694722890377365, 1.5317930137524507, 1.513722422676381]
gamma=[0.6458726484562571, 1, 0.385756325736924, 1, 1, 0.5933146287065872]
[0.04944313934380251, -0.03059866815989511, -0.049966381741197934, 1.5993138648972836, 1.4844191796491004, 1.5430280484683507, 1.4694722890377365, 1.5317930137524507, 1.513722422676381, 0.6458726484562571, 1, 0.385756325736924, 1, 1, 0.5933146287065872]

Score=0.0901980917897
alpha=[0.04944313934380251, -0.029485991483260768, -0.049966381741197934]
beta=[1.5962016611655434, 1.4844191796491004, 1.523554085380399, 1.4842963920426178, 1.5317930137524507, 1.513722422676381]
gamma=[0.6458726484562571, 1, 0.385756325736924, 1, 1, 0.5933146287065872]
[0.04944313934380251, -0.029485991483260768, -0.049966381741197934, 1.5962016611655434, 1.4844191796491004, 1.523554085380399, 1.4842963920426178, 1.5317930137524507, 1.513722422676381, 0.6458726484562571, 1, 0.385756325736924, 1, 1, 0.5933146287065872]

Score=0.0474474547984
alpha=[0.04944313934380251, -0.029485991483260768, -0.049966381741197934]
beta=[1.5962016611655434, 1.4844191796491004, 1.523554085380399, 1.4694722890377365, 1.5317930137524507, 1.5302684775449935]
gamma=[0.6458726484562571, 1, 0.385756325736924, 1, 1, 0.5933146287065872]
[0.04944313934380251, -0.029485991483260768, -0.049966381741197934, 1.5962016611655434, 1.4844191796491004, 1.523554085380399, 1.4694722890377365, 1.5317930137524507, 1.5302684775449935, 0.6458726484562571, 1, 0.385756325736924, 1, 1, 0.5933146287065872]

Score=0.0316964376657
alpha=[0.04944313934380251, -0.03059866815989511, -0.049966381741197934]
beta=[1.5962016611655434, 1.4844191796491004, 1.523554085380399, 1.4842963920426178, 1.5353043553384846, 1.513722422676381]
gamma=[0.6458726484562571, 1, 0.385756325736924, 1, 1, 0.5933146287065872]
[0.04944313934380251, -0.03059866815989511, -0.049966381741197934, 1.5962016611655434, 1.4844191796491004, 1.523554085380399, 1.4842963920426178, 1.5353043553384846, 1.513722422676381, 0.6458726484562571, 1, 0.385756325736924, 1, 1, 0.5933146287065872]

Score=0.0962965521424
alpha=[0.04944313934380251, -0.03059866815989511, -0.049966381741197934]
beta=[1.5993138648972836, 1.4844191796491004, 1.523554085380399, 1.4842963920426178, 1.5317930137524507, 1.513722422676381]
gamma=[0.6458726484562571, 1, 0.385756325736924, 1, 1, 0.5933146287065872]
[0.04944313934380251, -0.03059866815989511, -0.049966381741197934, 1.5993138648972836, 1.4844191796491004, 1.523554085380399, 1.4842963920426178, 1.5317930137524507, 1.513722422676381, 0.6458726484562571, 1, 0.385756325736924, 1, 1, 0.5933146287065872]

Score=0.0126756125655
alpha=[0.04944313934380251, -0.03059866815989511, -0.049966381741197934]
beta=[1.585988082476641, 1.4844191796491004, 1.523554085380399, 1.4842963920426178, 1.5317930137524507, 1.4911744918069862]
gamma=[0.6458726484562571, 1, 0.385756325736924, 1, 1, 0.5933146287065872]
[0.04944313934380251, -0.03059866815989511, -0.049966381741197934, 1.585988082476641, 1.4844191796491004, 1.523554085380399, 1.4842963920426178, 1.5317930137524507, 1.4911744918069862, 0.6458726484562571, 1, 0.385756325736924, 1, 1, 0.5933146287065872]

Score=0.078492191434
alpha=[0.04944313934380251, -0.029485991483260768, -0.049966381741197934]
beta=[1.5945502945064589, 1.4844191796491004, 1.5430280484683507, 1.4842963920426178, 1.5317930137524507, 1.513722422676381]
gamma=[0.6458726484562571, 1, 0.385756325736924, 1, 1, 0.5933146287065872]
[0.04944313934380251, -0.029485991483260768, -0.049966381741197934, 1.5945502945064589, 1.4844191796491004, 1.5430280484683507, 1.4842963920426178, 1.5317930137524507, 1.513722422676381, 0.6458726484562571, 1, 0.385756325736924, 1, 1, 0.5933146287065872]

Score=0.0927003622294
alpha=[0.04944313934380251, -0.03059866815989511, -0.049966381741197934]
beta=[1.5962016611655434, 1.4844191796491004, 1.523554085380399, 1.4694722890377365, 1.5412497939747272, 1.513722422676381]
gamma=[0.6458726484562571, 1, 0.385756325736924, 1, 1, 0.5933146287065872]
[0.04944313934380251, -0.03059866815989511, -0.049966381741197934, 1.5962016611655434, 1.4844191796491004, 1.523554085380399, 1.4694722890377365, 1.5412497939747272, 1.513722422676381, 0.6458726484562571, 1, 0.385756325736924, 1, 1, 0.5933146287065872]

Score=0.0188469107851
alpha=[0.04944313934380251, -0.03059866815989511, -0.049966381741197934]
beta=[1.5962016611655434, 1.4844191796491004, 1.523554085380399, 1.4694722890377365, 1.5353043553384846, 1.513722422676381]
gamma=[0.6458726484562571, 1, 0.385756325736924, 1, 1, 0.5933146287065872]
[0.04944313934380251, -0.03059866815989511, -0.049966381741197934, 1.5962016611655434, 1.4844191796491004, 1.523554085380399, 1.4694722890377365, 1.5353043553384846, 1.513722422676381, 0.6458726484562571, 1, 0.385756325736924, 1, 1, 0.5933146287065872]

Score=0.0305755228679
alpha=[0.04944313934380251, -0.03059866815989511, -0.049966381741197934]
beta=[1.5962016611655434, 1.4844191796491004, 1.523554085380399, 1.4694722890377365, 1.5317930137524507, 1.513722422676381]
gamma=[0.6458726484562571, 1, 0.385756325736924, 1, 1, 0.5933146287065872]
[0.04944313934380251, -0.03059866815989511, -0.049966381741197934, 1.5962016611655434, 1.4844191796491004, 1.523554085380399, 1.4694722890377365, 1.5317930137524507, 1.513722422676381, 0.6458726484562571, 1, 0.385756325736924, 1, 1, 0.5933146287065872]

Score=0.0615329564505
alpha=[0.04944313934380251, -0.029485991483260768, -0.049966381741197934]
beta=[1.5962016611655434, 1.4844191796491004, 1.523554085380399, 1.4842963920426178, 1.5317930137524507, 1.513722422676381]
gamma=[0.6458726484562571, 1, 0.385756325736924, 1, 1, 0.5933146287065872]
[0.04944313934380251, -0.029485991483260768, -0.049966381741197934, 1.5962016611655434, 1.4844191796491004, 1.523554085380399, 1.4842963920426178, 1.5317930137524507, 1.513722422676381, 0.6458726484562571, 1, 0.385756325736924, 1, 1, 0.5933146287065872]

Score=0.0284238330182
alpha=[0.04944313934380251, -0.03059866815989511, -0.049966381741197934]
beta=[1.5962016611655434, 1.4844191796491004, 1.523554085380399, 1.4842963920426178, 1.5502284347916213, 1.513722422676381]
gamma=[0.6458726484562571, 1, 0.385756325736924, 1, 1, 0.5933146287065872]
[0.04944313934380251, -0.03059866815989511, -0.049966381741197934, 1.5962016611655434, 1.4844191796491004, 1.523554085380399, 1.4842963920426178, 1.5502284347916213, 1.513722422676381, 0.6458726484562571, 1, 0.385756325736924, 1, 1, 0.5933146287065872]

Score=0.0835571596835
alpha=[0.04944313934380251, -0.03059866815989511, -0.049966381741197934]
beta=[1.5962016611655434, 1.4844191796491004, 1.523554085380399, 1.4842963920426178, 1.5317930137524507, 1.513722422676381]
gamma=[0.6458726484562571, 1, 0.385756325736924, 1, 1, 0.5933146287065872]
[0.04944313934380251, -0.03059866815989511, -0.049966381741197934, 1.5962016611655434, 1.4844191796491004, 1.523554085380399, 1.4842963920426178, 1.5317930137524507, 1.513722422676381, 0.6458726484562571, 1, 0.385756325736924, 1, 1, 0.5933146287065872]

Score=0.0229965519544
alpha=[0.04944313934380251, -0.030647193549600198, -0.049966381741197934]
beta=[1.6, 1.4844191796491004, 1.523554085380399, 1.4842963920426178, 1.5353043553384846, 1.4911744918069862]
gamma=[0.6458726484562571, 1, 0.385756325736924, 1, 1, 0.5933146287065872]
[0.04944313934380251, -0.030647193549600198, -0.049966381741197934, 1.6, 1.4844191796491004, 1.523554085380399, 1.4842963920426178, 1.5353043553384846, 1.4911744918069862, 0.6458726484562571, 1, 0.385756325736924, 1, 1, 0.5933146287065872]

Score=0.0928786638962
alpha=[0.04944313934380251, -0.03059866815989511, -0.049966381741197934]
beta=[1.5993138648972836, 1.4844191796491004, 1.523554085380399, 1.4842963920426178, 1.5317930137524507, 1.513722422676381]
gamma=[0.6458726484562571, 1, 0.385756325736924, 1, 1, 0.5933146287065872]
[0.04944313934380251, -0.03059866815989511, -0.049966381741197934, 1.5993138648972836, 1.4844191796491004, 1.523554085380399, 1.4842963920426178, 1.5317930137524507, 1.513722422676381, 0.6458726484562571, 1, 0.385756325736924, 1, 1, 0.5933146287065872]

Score=0.0805478953127
alpha=[0.04944313934380251, -0.03059866815989511, -0.049966381741197934]
beta=[1.5962016611655434, 1.4844191796491004, 1.523554085380399, 1.4694722890377365, 1.5317930137524507, 1.513722422676381]
gamma=[0.6458726484562571, 1, 0.385756325736924, 1, 1, 0.5933146287065872]
[0.04944313934380251, -0.03059866815989511, -0.049966381741197934, 1.5962016611655434, 1.4844191796491004, 1.523554085380399, 1.4694722890377365, 1.5317930137524507, 1.513722422676381, 0.6458726484562571, 1, 0.385756325736924, 1, 1, 0.5933146287065872]

Score=0.0597900624238
alpha=[0.04944313934380251, -0.031544242850793644, -0.049966381741197934]
beta=[1.5962016611655434, 1.4844191796491004, 1.523554085380399, 1.4694722890377365, 1.5317930137524507, 1.513722422676381]
gamma=[0.6458726484562571, 1, 0.385756325736924, 1, 1, 0.5933146287065872]
[0.04944313934380251, -0.031544242850793644, -0.049966381741197934, 1.5962016611655434, 1.4844191796491004, 1.523554085380399, 1.4694722890377365, 1.5317930137524507, 1.513722422676381, 0.6458726484562571, 1, 0.385756325736924, 1, 1, 0.5933146287065872]

Score=0.0851079846025
alpha=[0.04944313934380251, -0.03059866815989511, -0.049966381741197934]
beta=[1.5962016611655434, 1.4844191796491004, 1.523554085380399, 1.4694722890377365, 1.5353043553384846, 1.513722422676381]
gamma=[0.6458726484562571, 1, 0.385756325736924, 1, 1, 0.5933146287065872]
[0.04944313934380251, -0.03059866815989511, -0.049966381741197934, 1.5962016611655434, 1.4844191796491004, 1.523554085380399, 1.4694722890377365, 1.5353043553384846, 1.513722422676381, 0.6458726484562571, 1, 0.385756325736924, 1, 1, 0.5933146287065872]

Score=0.054692419309
alpha=[0.04944313934380251, -0.030647193549600198, -0.049966381741197934]
beta=[1.585988082476641, 1.4844191796491004, 1.523554085380399, 1.4842963920426178, 1.5353043553384846, 1.513722422676381]
gamma=[0.6458726484562571, 1, 0.385756325736924, 1, 1, 0.5933146287065872]
[0.04944313934380251, -0.030647193549600198, -0.049966381741197934, 1.585988082476641, 1.4844191796491004, 1.523554085380399, 1.4842963920426178, 1.5353043553384846, 1.513722422676381, 0.6458726484562571, 1, 0.385756325736924, 1, 1, 0.5933146287065872]

Score=0.0950396655633
alpha=[0.04944313934380251, -0.03059866815989511, -0.049966381741197934]
beta=[1.5895553822656641, 1.4844191796491004, 1.5142250381761762, 1.4842963920426178, 1.5317930137524507, 1.513722422676381]
gamma=[0.6458726484562571, 1, 0.385756325736924, 1, 1, 0.5933146287065872]
[0.04944313934380251, -0.03059866815989511, -0.049966381741197934, 1.5895553822656641, 1.4844191796491004, 1.5142250381761762, 1.4842963920426178, 1.5317930137524507, 1.513722422676381, 0.6458726484562571, 1, 0.385756325736924, 1, 1, 0.5933146287065872]

Score=0.0189588213134
alpha=[0.04944313934380251, -0.03059866815989511, -0.049966381741197934]
beta=[1.5993138648972836, 1.4844191796491004, 1.5142250381761762, 1.4842963920426178, 1.5317930137524507, 1.513722422676381]
gamma=[0.6458726484562571, 1, 0.385756325736924, 1, 1, 0.5933146287065872]
[0.04944313934380251, -0.03059866815989511, -0.049966381741197934, 1.5993138648972836, 1.4844191796491004, 1.5142250381761762, 1.4842963920426178, 1.5317930137524507, 1.513722422676381, 0.6458726484562571, 1, 0.385756325736924, 1, 1, 0.5933146287065872]

Score=0.0166580143815
alpha=[0.04944313934380251, -0.030647193549600198, -0.049966381741197934]
beta=[1.5962016611655434, 1.4844191796491004, 1.523554085380399, 1.4842963920426178, 1.5353043553384846, 1.5302684775449935]
gamma=[0.6458726484562571, 1, 0.385756325736924, 1, 1, 0.5933146287065872]
[0.04944313934380251, -0.030647193549600198, -0.049966381741197934, 1.5962016611655434, 1.4844191796491004, 1.523554085380399, 1.4842963920426178, 1.5353043553384846, 1.5302684775449935, 0.6458726484562571, 1, 0.385756325736924, 1, 1, 0.5933146287065872]

Score=0.0589909706719
alpha=[0.04944313934380251, -0.03059866815989511, -0.051018713100551907]
beta=[1.5962016611655434, 1.4844191796491004, 1.523554085380399, 1.4694722890377365, 1.5317930137524507, 1.513722422676381]
gamma=[0.6458726484562571, 1, 0.385756325736924, 1, 1, 0.5933146287065872]
[0.04944313934380251, -0.03059866815989511, -0.051018713100551907, 1.5962016611655434, 1.4844191796491004, 1.523554085380399, 1.4694722890377365, 1.5317930137524507, 1.513722422676381, 0.6458726484562571, 1, 0.385756325736924, 1, 1, 0.5933146287065872]

Score=0.0512404353754
alpha=[0.04944313934380251, -0.03059866815989511, -0.049966381741197934]
beta=[1.5993138648972836, 1.4844191796491004, 1.523554085380399, 1.4842963920426178, 1.5318247906319777, 1.513722422676381]
gamma=[0.6458726484562571, 1, 0.385756325736924, 1, 1, 0.5933146287065872]
[0.04944313934380251, -0.03059866815989511, -0.049966381741197934, 1.5993138648972836, 1.4844191796491004, 1.523554085380399, 1.4842963920426178, 1.5318247906319777, 1.513722422676381, 0.6458726484562571, 1, 0.385756325736924, 1, 1, 0.5933146287065872]

Score=0.0219481033298
alpha=[0.04944313934380251, -0.031544242850793644, -0.049966381741197934]
beta=[1.5962016611655434, 1.4844191796491004, 1.523554085380399, 1.4842963920426178, 1.5317930137524507, 1.513722422676381]
gamma=[0.6458726484562571, 1, 0.385756325736924, 1, 1, 0.5933146287065872]
[0.04944313934380251, -0.031544242850793644, -0.049966381741197934, 1.5962016611655434, 1.4844191796491004, 1.523554085380399, 1.4842963920426178, 1.5317930137524507, 1.513722422676381, 0.6458726484562571, 1, 0.385756325736924, 1, 1, 0.5933146287065872]

Score=0.0438471261936
alpha=[0.050209128736368402, -0.03059866815989511, -0.049966381741197934]
beta=[1.5993138648972836, 1.4844191796491004, 1.523554085380399, 1.4842963920426178, 1.5299034447701014, 1.513722422676381]
gamma=[0.6458726484562571, 1, 0.385756325736924, 1, 1, 0.5933146287065872]
[0.050209128736368402, -0.03059866815989511, -0.049966381741197934, 1.5993138648972836, 1.4844191796491004, 1.523554085380399, 1.4842963920426178, 1.5299034447701014, 1.513722422676381, 0.6458726484562571, 1, 0.385756325736924, 1, 1, 0.5933146287065872]

Score=0.0855339950861
alpha=[0.04944313934380251, -0.03059866815989511, -0.049966381741197934]
beta=[1.6, 1.4844191796491004, 1.523554085380399, 1.4996304655542667, 1.5318247906319777, 1.513722422676381]
gamma=[0.6458726484562571, 1, 0.385756325736924, 1, 1, 0.5933146287065872]
[0.04944313934380251, -0.03059866815989511, -0.049966381741197934, 1.6, 1.4844191796491004, 1.523554085380399, 1.4996304655542667, 1.5318247906319777, 1.513722422676381, 0.6458726484562571, 1, 0.385756325736924, 1, 1, 0.5933146287065872]

Score=0.0206929266016
alpha=[0.04944313934380251, -0.03059866815989511, -0.049966381741197934]
beta=[1.5993138648972836, 1.4844191796491004, 1.5142250381761762, 1.4694722890377365, 1.5317930137524507, 1.513722422676381]
gamma=[0.6458726484562571, 1, 0.385756325736924, 1, 1, 0.5933146287065872]
[0.04944313934380251, -0.03059866815989511, -0.049966381741197934, 1.5993138648972836, 1.4844191796491004, 1.5142250381761762, 1.4694722890377365, 1.5317930137524507, 1.513722422676381, 0.6458726484562571, 1, 0.385756325736924, 1, 1, 0.5933146287065872]

Score=0.0274270861969
alpha=[0.04944313934380251, -0.03059866815989511, -0.049966381741197934]
beta=[1.5993138648972836, 1.4844191796491004, 1.5142250381761762, 1.4842963920426178, 1.5317930137524507, 1.513722422676381]
gamma=[0.6458726484562571, 1, 0.385756325736924, 1, 1, 0.5933146287065872]
[0.04944313934380251, -0.03059866815989511, -0.049966381741197934, 1.5993138648972836, 1.4844191796491004, 1.5142250381761762, 1.4842963920426178, 1.5317930137524507, 1.513722422676381, 0.6458726484562571, 1, 0.385756325736924, 1, 1, 0.5933146287065872]

Score=0.0984152856197
alpha=[0.04944313934380251, -0.03059866815989511, -0.049966381741197934]
beta=[1.5962016611655434, 1.4844191796491004, 1.5300310892454003, 1.4842963920426178, 1.5348003825034822, 1.513722422676381]
gamma=[0.6458726484562571, 1, 0.385756325736924, 1, 1, 0.5933146287065872]
[0.04944313934380251, -0.03059866815989511, -0.049966381741197934, 1.5962016611655434, 1.4844191796491004, 1.5300310892454003, 1.4842963920426178, 1.5348003825034822, 1.513722422676381, 0.6458726484562571, 1, 0.385756325736924, 1, 1, 0.5933146287065872]

Score=0.0958442195078
alpha=[0.04944313934380251, -0.03059866815989511, -0.049966381741197934]
beta=[1.5993138648972836, 1.4844191796491004, 1.5302643806841116, 1.4842963920426178, 1.5351158300562824, 1.513722422676381]
gamma=[0.6458726484562571, 1, 0.385756325736924, 1, 1, 0.5933146287065872]
[0.04944313934380251, -0.03059866815989511, -0.049966381741197934, 1.5993138648972836, 1.4844191796491004, 1.5302643806841116, 1.4842963920426178, 1.5351158300562824, 1.513722422676381, 0.6458726484562571, 1, 0.385756325736924, 1, 1, 0.5933146287065872]

Score=0.0913367075065
alpha=[0.04944313934380251, -0.03059866815989511, -0.049966381741197934]
beta=[1.5962016611655434, 1.4844191796491004, 1.5300310892454003, 1.4996304655542667, 1.5348003825034822, 1.513722422676381]
gamma=[0.6458726484562571, 1, 0.385756325736924, 1, 1, 0.5933146287065872]
[0.04944313934380251, -0.03059866815989511, -0.049966381741197934, 1.5962016611655434, 1.4844191796491004, 1.5300310892454003, 1.4996304655542667, 1.5348003825034822, 1.513722422676381, 0.6458726484562571, 1, 0.385756325736924, 1, 1, 0.5933146287065872]

Score=0.0774401563802
alpha=[0.04944313934380251, -0.03059866815989511, -0.049966381741197934]
beta=[1.6, 1.4844191796491004, 1.5302643806841116, 1.4842963920426178, 1.5351158300562824, 1.513722422676381]
gamma=[0.6458726484562571, 1, 0.385756325736924, 1, 1, 0.5933146287065872]
[0.04944313934380251, -0.03059866815989511, -0.049966381741197934, 1.6, 1.4844191796491004, 1.5302643806841116, 1.4842963920426178, 1.5351158300562824, 1.513722422676381, 0.6458726484562571, 1, 0.385756325736924, 1, 1, 0.5933146287065872]

Score=0.0447830402163
alpha=[0.04944313934380251, -0.03059866815989511, -0.049966381741197934]
beta=[1.5962016611655434, 1.4844191796491004, 1.523554085380399, 1.4996304655542667, 1.5348003825034822, 1.513722422676381]
gamma=[0.6458726484562571, 1, 0.385756325736924, 1, 1, 0.5933146287065872]
[0.04944313934380251, -0.03059866815989511, -0.049966381741197934, 1.5962016611655434, 1.4844191796491004, 1.523554085380399, 1.4996304655542667, 1.5348003825034822, 1.513722422676381, 0.6458726484562571, 1, 0.385756325736924, 1, 1, 0.5933146287065872]

Score=0.0801338313607
alpha=[0.04944313934380251, -0.03059866815989511, -0.049966381741197934]
beta=[1.6, 1.4844191796491004, 1.5142250381761762, 1.4580810949780056, 1.5317930137524507, 1.5035330659757862]
gamma=[0.6458726484562571, 1, 0.385756325736924, 1, 1, 0.5933146287065872]
[0.04944313934380251, -0.03059866815989511, -0.049966381741197934, 1.6, 1.4844191796491004, 1.5142250381761762, 1.4580810949780056, 1.5317930137524507, 1.5035330659757862, 0.6458726484562571, 1, 0.385756325736924, 1, 1, 0.5933146287065872]

Score=0.0535831666027
alpha=[0.04944313934380251, -0.03059866815989511, -0.049966381741197934]
beta=[1.6, 1.4844191796491004, 1.5302643806841116, 1.4842963920426178, 1.5351158300562824, 1.513722422676381]
gamma=[0.6458726484562571, 1, 0.385756325736924, 1, 1, 0.5933146287065872]
[0.04944313934380251, -0.03059866815989511, -0.049966381741197934, 1.6, 1.4844191796491004, 1.5302643806841116, 1.4842963920426178, 1.5351158300562824, 1.513722422676381, 0.6458726484562571, 1, 0.385756325736924, 1, 1, 0.5933146287065872]

Score=0.0981755370553
alpha=[0.04944313934380251, -0.03059866815989511, -0.049966381741197934]
beta=[1.6, 1.4844191796491004, 1.523554085380399, 1.4694722890377365, 1.5317930137524507, 1.513722422676381]
gamma=[0.6458726484562571, 1, 0.385756325736924, 1, 1, 0.5933146287065872]
[0.04944313934380251, -0.03059866815989511, -0.049966381741197934, 1.6, 1.4844191796491004, 1.523554085380399, 1.4694722890377365, 1.5317930137524507, 1.513722422676381, 0.6458726484562571, 1, 0.385756325736924, 1, 1, 0.5933146287065872]

Score=0.0769870209733
alpha=[0.04944313934380251, -0.031544242850793644, -0.049966381741197934]
beta=[1.6, 1.4844191796491004, 1.5142250381761762, 1.4694722890377365, 1.5351158300562824, 1.513722422676381]
gamma=[0.6458726484562571, 1, 0.385756325736924, 1, 1, 0.5933146287065872]
[0.04944313934380251, -0.031544242850793644, -0.049966381741197934, 1.6, 1.4844191796491004, 1.5142250381761762, 1.4694722890377365, 1.5351158300562824, 1.513722422676381, 0.6458726484562571, 1, 0.385756325736924, 1, 1, 0.5933146287065872]

Score=0.0371951015699
alpha=[0.049790563144601001, -0.03059866815989511, -0.049966381741197934]
beta=[1.5962016611655434, 1.4844191796491004, 1.5302643806841116, 1.4694722890377365, 1.5351158300562824, 1.5116604184855915]
gamma=[0.6458726484562571, 1, 0.385756325736924, 1, 1, 0.5933146287065872]
[0.049790563144601001, -0.03059866815989511, -0.049966381741197934, 1.5962016611655434, 1.4844191796491004, 1.5302643806841116, 1.4694722890377365, 1.5351158300562824, 1.5116604184855915, 0.6458726484562571, 1, 0.385756325736924, 1, 1, 0.5933146287065872]

Score=0.0818797533638
alpha=[0.04944313934380251, -0.031544242850793644, -0.049966381741197934]
beta=[1.5993138648972836, 1.4844191796491004, 1.523554085380399, 1.4842963920426178, 1.5317930137524507, 1.513722422676381]
gamma=[0.6458726484562571, 1, 0.385756325736924, 1, 1, 0.5933146287065872]
[0.04944313934380251, -0.031544242850793644, -0.049966381741197934, 1.5993138648972836, 1.4844191796491004, 1.523554085380399, 1.4842963920426178, 1.5317930137524507, 1.513722422676381, 0.6458726484562571, 1, 0.385756325736924, 1, 1, 0.5933146287065872]

Score=0.0246395237222
alpha=[0.04944313934380251, -0.031544242850793644, -0.049966381741197934]
beta=[1.5962016611655434, 1.4844191796491004, 1.5142250381761762, 1.4595916918380678, 1.5317930137524507, 1.513722422676381]
gamma=[0.6458726484562571, 1, 0.385756325736924, 1, 1, 0.5933146287065872]
[0.04944313934380251, -0.031544242850793644, -0.049966381741197934, 1.5962016611655434, 1.4844191796491004, 1.5142250381761762, 1.4595916918380678, 1.5317930137524507, 1.513722422676381, 0.6458726484562571, 1, 0.385756325736924, 1, 1, 0.5933146287065872]

Score=0.0184989458782
alpha=[0.04944313934380251, -0.03059866815989511, -0.049966381741197934]
beta=[1.5962016611655434, 1.4844191796491004, 1.5283424476931735, 1.4842963920426178, 1.5348003825034822, 1.5116604184855915]
gamma=[0.6458726484562571, 1, 0.385756325736924, 1, 1, 0.5933146287065872]
[0.04944313934380251, -0.03059866815989511, -0.049966381741197934, 1.5962016611655434, 1.4844191796491004, 1.5283424476931735, 1.4842963920426178, 1.5348003825034822, 1.5116604184855915, 0.6458726484562571, 1, 0.385756325736924, 1, 1, 0.5933146287065872]

Score=0.0309634434524
alpha=[0.04944313934380251, -0.031544242850793644, -0.049966381741197934]
beta=[1.5962016611655434, 1.4844191796491004, 1.5142250381761762, 1.4595916918380678, 1.5317930137524507, 1.513722422676381]
gamma=[0.6458726484562571, 1, 0.385756325736924, 1, 1, 0.5933146287065872]
[0.04944313934380251, -0.031544242850793644, -0.049966381741197934, 1.5962016611655434, 1.4844191796491004, 1.5142250381761762, 1.4595916918380678, 1.5317930137524507, 1.513722422676381, 0.6458726484562571, 1, 0.385756325736924, 1, 1, 0.5933146287065872]

Score=0.0982010075965
alpha=[0.04944313934380251, -0.031544242850793644, -0.049966381741197934]
beta=[1.5962016611655434, 1.4821455154171472, 1.5283424476931735, 1.4842963920426178, 1.5351158300562824, 1.513722422676381]
gamma=[0.6458726484562571, 1, 0.385756325736924, 1, 1, 0.5933146287065872]
[0.04944313934380251, -0.031544242850793644, -0.049966381741197934, 1.5962016611655434, 1.4821455154171472, 1.5283424476931735, 1.4842963920426178, 1.5351158300562824, 1.513722422676381, 0.6458726484562571, 1, 0.385756325736924, 1, 1, 0.5933146287065872]

Score=0.0776715616579
alpha=[0.04944313934380251, -0.031544242850793644, -0.049966381741197934]
beta=[1.6, 1.4844191796491004, 1.5283424476931735, 1.4842963920426178, 1.5348003825034822, 1.513722422676381]
gamma=[0.6458726484562571, 1, 0.385756325736924, 1, 1, 0.5933146287065872]
[0.04944313934380251, -0.031544242850793644, -0.049966381741197934, 1.6, 1.4844191796491004, 1.5283424476931735, 1.4842963920426178, 1.5348003825034822, 1.513722422676381, 0.6458726484562571, 1, 0.385756325736924, 1, 1, 0.5933146287065872]

Score=0.0241540884517
alpha=[0.04944313934380251, -0.03059866815989511, -0.049966381741197934]
beta=[1.5962016611655434, 1.4844191796491004, 1.523554085380399, 1.4842963920426178, 1.5348003825034822, 1.513722422676381]
gamma=[0.6458726484562571, 1, 0.385756325736924, 1, 1, 0.5933146287065872]
[0.04944313934380251, -0.03059866815989511, -0.049966381741197934, 1.5962016611655434, 1.4844191796491004, 1.523554085380399, 1.4842963920426178, 1.5348003825034822, 1.513722422676381, 0.6458726484562571, 1, 0.385756325736924, 1, 1, 0.5933146287065872]

Score=0.0272034713472
alpha=[0.04944313934380251, -0.03059866815989511, -0.049966381741197934]
beta=[1.5962016611655434, 1.4844191796491004, 1.5283424476931735, 1.4595916918380678, 1.5317930137524507, 1.500765291243185]
gamma=[0.6458726484562571, 1, 0.385756325736924, 1, 1, 0.5933146287065872]
[0.04944313934380251, -0.03059866815989511, -0.049966381741197934, 1.5962016611655434, 1.4844191796491004, 1.5283424476931735, 1.4595916918380678, 1.5317930137524507, 1.500765291243185, 0.6458726484562571, 1, 0.385756325736924, 1, 1, 0.5933146287065872]

Score=0.0970609426188
alpha=[0.04944313934380251, -0.029438787578813169, -0.049966381741197934]
beta=[1.5962016611655434, 1.4844191796491004, 1.5283424476931735, 1.4595916918380678, 1.5351158300562824, 1.513722422676381]
gamma=[0.6458726484562571, 1, 1, 1, 1, 0.5933146287065872]
[0.04944313934380251, -0.029438787578813169, -0.049966381741197934, 1.5962016611655434, 1.4844191796491004, 1.5283424476931735, 1.4595916918380678, 1.5351158300562824, 1.513722422676381, 0.6458726484562571, 1, 1, 1, 1, 0.5933146287065872]

Score=0.0185474374964
alpha=[0.04944313934380251, -0.03059866815989511, -0.049966381741197934]
beta=[1.5962016611655434, 1.4844191796491004, 1.523554085380399, 1.4842963920426178, 1.5344815990995238, 1.513722422676381]
gamma=[0.6458726484562571, 1, 1, 1, 1, 0.5933146287065872]
[0.04944313934380251, -0.03059866815989511, -0.049966381741197934, 1.5962016611655434, 1.4844191796491004, 1.523554085380399, 1.4842963920426178, 1.5344815990995238, 1.513722422676381, 0.6458726484562571, 1, 1, 1, 1, 0.5933146287065872]

Score=0.0773097654384
alpha=[0.04944313934380251, -0.031544242850793644, -0.049966381741197934]
beta=[1.5962016611655434, 1.4844191796491004, 1.5142250381761762, 1.4595916918380678, 1.5317930137524507, 1.513722422676381]
gamma=[0.6458726484562571, 1, 0.385756325736924, 1, 1, 0.5933146287065872]
[0.04944313934380251, -0.031544242850793644, -0.049966381741197934, 1.5962016611655434, 1.4844191796491004, 1.5142250381761762, 1.4595916918380678, 1.5317930137524507, 1.513722422676381, 0.6458726484562571, 1, 0.385756325736924, 1, 1, 0.5933146287065872]

Score=0.0317882185161
alpha=[0.04944313934380251, -0.031265301823834003, -0.049966381741197934]
beta=[1.58847856620089, 1.4844191796491004, 1.5283424476931735, 1.4911097907830351, 1.5317930137524507, 1.5116604184855915]
gamma=[0.6458726484562571, 1, 0.385756325736924, 1, 1, 0.5933146287065872]
[0.04944313934380251, -0.031265301823834003, -0.049966381741197934, 1.58847856620089, 1.4844191796491004, 1.5283424476931735, 1.4911097907830351, 1.5317930137524507, 1.5116604184855915, 0.6458726484562571, 1, 0.385756325736924, 1, 1, 0.5933146287065872]

Score=0.0313385548482
alpha=[0.04944313934380251, -0.031265301823834003, -0.049966381741197934]
beta=[1.5962016611655434, 1.4844191796491004, 1.5283424476931735, 1.4842963920426178, 1.5348003825034822, 1.513722422676381]
gamma=[0.6458726484562571, 1, 0.385756325736924, 1, 1, 0.5933146287065872]
[0.04944313934380251, -0.031265301823834003, -0.049966381741197934, 1.5962016611655434, 1.4844191796491004, 1.5283424476931735, 1.4842963920426178, 1.5348003825034822, 1.513722422676381, 0.6458726484562571, 1, 0.385756325736924, 1, 1, 0.5933146287065872]

Score=0.0749410854516
alpha=[0.050254919027929681, -0.031544242850793644, -0.049966381741197934]
beta=[1.5962016611655434, 1.4844191796491004, 1.5283424476931735, 1.4595916918380678, 1.5317930137524507, 1.500765291243185]
gamma=[0.6458726484562571, 1, 0.385756325736924, 1, 1, 0.5933146287065872]
[0.050254919027929681, -0.031544242850793644, -0.049966381741197934, 1.5962016611655434, 1.4844191796491004, 1.5283424476931735, 1.4595916918380678, 1.5317930137524507, 1.500765291243185, 0.6458726484562571, 1, 0.385756325736924, 1, 1, 0.5933146287065872]

Score=0.0851289961207
alpha=[0.04944313934380251, -0.031544242850793644, -0.049966381741197934]
beta=[1.6, 1.4844191796491004, 1.5142250381761762, 1.4842963920426178, 1.5348003825034822, 1.513722422676381]
gamma=[0.6458726484562571, 1, 0.385756325736924, 1, 1, 0.5933146287065872]
[0.04944313934380251, -0.031544242850793644, -0.049966381741197934, 1.6, 1.4844191796491004, 1.5142250381761762, 1.4842963920426178, 1.5348003825034822, 1.513722422676381, 0.6458726484562571, 1, 0.385756325736924, 1, 1, 0.5933146287065872]

Score=0.0900936365671
alpha=[0.04944313934380251, -0.03059866815989511, -0.049966381741197934]
beta=[1.58847856620089, 1.4844191796491004, 1.5283424476931735, 1.4911097907830351, 1.5348003825034822, 1.5116604184855915]
gamma=[0.6458726484562571, 1, 0.385756325736924, 1, 1, 0.5933146287065872]
[0.04944313934380251, -0.03059866815989511, -0.049966381741197934, 1.58847856620089, 1.4844191796491004, 1.5283424476931735, 1.4911097907830351, 1.5348003825034822, 1.5116604184855915, 0.6458726484562571, 1, 0.385756325736924, 1, 1, 0.5933146287065872]

Score=0.0474926532055
alpha=[0.050254919027929681, -0.03059866815989511, -0.049966381741197934]
beta=[1.5962016611655434, 1.4844191796491004, 1.5283424476931735, 1.4595916918380678, 1.5351158300562824, 1.5031785649683265]
gamma=[0.6458726484562571, 1, 0.385756325736924, 1, 1, 0.5933146287065872]
[0.050254919027929681, -0.03059866815989511, -0.049966381741197934, 1.5962016611655434, 1.4844191796491004, 1.5283424476931735, 1.4595916918380678, 1.5351158300562824, 1.5031785649683265, 0.6458726484562571, 1, 0.385756325736924, 1, 1, 0.5933146287065872]

Score=0.058111252582
alpha=[0.04944313934380251, -0.03059866815989511, -0.049966381741197934]
beta=[1.6, 1.4844191796491004, 1.5283424476931735, 1.4943154597053239, 1.5317930137524507, 1.5116604184855915]
gamma=[0.6458726484562571, 1, 0.385756325736924, 1, 1, 0.5933146287065872]
[0.04944313934380251, -0.03059866815989511, -0.049966381741197934, 1.6, 1.4844191796491004, 1.5283424476931735, 1.4943154597053239, 1.5317930137524507, 1.5116604184855915, 0.6458726484562571, 1, 0.385756325736924, 1, 1, 0.5933146287065872]

Score=0.0829774826081
alpha=[0.050254919027929681, -0.03059866815989511, -0.049966381741197934]
beta=[1.5962016611655434, 1.4844191796491004, 1.5283424476931735, 1.4595916918380678, 1.5351158300562824, 1.5031785649683265]
gamma=[0.6458726484562571, 1, 0.385756325736924, 1, 1, 0.5933146287065872]
[0.050254919027929681, -0.03059866815989511, -0.049966381741197934, 1.5962016611655434, 1.4844191796491004, 1.5283424476931735, 1.4595916918380678, 1.5351158300562824, 1.5031785649683265, 0.6458726484562571, 1, 0.385756325736924, 1, 1, 0.5933146287065872]

Score=0.07248110681
alpha=[0.04926875641982105, -0.03059866815989511, -0.049966381741197934]
beta=[1.5962016611655434, 1.4844191796491004, 1.5283424476931735, 1.4842963920426178, 1.5351158300562824, 1.5116604184855915]
gamma=[0.6458726484562571, 1, 0.385756325736924, 1, 1, 0.5933146287065872]
[0.04926875641982105, -0.03059866815989511, -0.049966381741197934, 1.5962016611655434, 1.4844191796491004, 1.5283424476931735, 1.4842963920426178, 1.5351158300562824, 1.5116604184855915, 0.6458726484562571, 1, 0.385756325736924, 1, 1, 0.5933146287065872]

Score=0.0842827111428
alpha=[0.04944313934380251, -0.031544242850793644, -0.049966381741197934]
beta=[1.6, 1.4844191796491004, 1.5142250381761762, 1.4842963920426178, 1.5317930137524507, 1.513722422676381]
gamma=[0.6458726484562571, 1, 0.385756325736924, 1, 1, 0.5933146287065872]
[0.04944313934380251, -0.031544242850793644, -0.049966381741197934, 1.6, 1.4844191796491004, 1.5142250381761762, 1.4842963920426178, 1.5317930137524507, 1.513722422676381, 0.6458726484562571, 1, 0.385756325736924, 1, 1, 0.5933146287065872]

Score=0.0914302072978
alpha=[0.04944313934380251, -0.031544242850793644, -0.049966381741197934]
beta=[1.5962016611655434, 1.4844191796491004, 1.5283424476931735, 1.4842963920426178, 1.5348003825034822, 1.513722422676381]
gamma=[0.6458726484562571, 1, 0.385756325736924, 1, 1, 0.5933146287065872]
[0.04944313934380251, -0.031544242850793644, -0.049966381741197934, 1.5962016611655434, 1.4844191796491004, 1.5283424476931735, 1.4842963920426178, 1.5348003825034822, 1.513722422676381, 0.6458726484562571, 1, 0.385756325736924, 1, 1, 0.5933146287065872]

Score=0.0765774104355
alpha=[0.04944313934380251, -0.031806268840043138, -0.049966381741197934]
beta=[1.5962016611655434, 1.4844191796491004, 1.5283424476931735, 1.4842963920426178, 1.5348003825034822, 1.5116604184855915]
gamma=[0.6458726484562571, 1, 0.385756325736924, 1, 1, 0.5933146287065872]
[0.04944313934380251, -0.031806268840043138, -0.049966381741197934, 1.5962016611655434, 1.4844191796491004, 1.5283424476931735, 1.4842963920426178, 1.5348003825034822, 1.5116604184855915, 0.6458726484562571, 1, 0.385756325736924, 1, 1, 0.5933146287065872]

Score=0.0464241709552
alpha=[0.04944313934380251, -0.031544242850793644, -0.049966381741197934]
beta=[1.6, 1.4885055469820023, 1.5283424476931735, 1.4831940547280493, 1.5351158300562824, 1.513722422676381]
gamma=[0.6458726484562571, 1, 0.385756325736924, 1, 1, 0.5933146287065872]
[0.04944313934380251, -0.031544242850793644, -0.049966381741197934, 1.6, 1.4885055469820023, 1.5283424476931735, 1.4831940547280493, 1.5351158300562824, 1.513722422676381, 0.6458726484562571, 1, 0.385756325736924, 1, 1, 0.5933146287065872]

Score=0.0723147627938
alpha=[0.04944313934380251, -0.031544242850793644, -0.049966381741197934]
beta=[1.5959154511790958, 1.4844191796491004, 1.5283424476931735, 1.4595916918380678, 1.5348003825034822, 1.513722422676381]
gamma=[0.6458726484562571, 1, 1, 1, 1, 0.5933146287065872]
[0.04944313934380251, -0.031544242850793644, -0.049966381741197934, 1.5959154511790958, 1.4844191796491004, 1.5283424476931735, 1.4595916918380678, 1.5348003825034822, 1.513722422676381, 0.6458726484562571, 1, 1, 1, 1, 0.5933146287065872]

Score=0.0757549210716
alpha=[0.04944313934380251, -0.03059866815989511, -0.049966381741197934]
beta=[1.5962016611655434, 1.4844191796491004, 1.5142250381761762, 1.4842963920426178, 1.5348003825034822, 1.5031785649683265]
gamma=[0.6458726484562571, 1, 1, 1, 1, 0.5933146287065872]
[0.04944313934380251, -0.03059866815989511, -0.049966381741197934, 1.5962016611655434, 1.4844191796491004, 1.5142250381761762, 1.4842963920426178, 1.5348003825034822, 1.5031785649683265, 0.6458726484562571, 1, 1, 1, 1, 0.5933146287065872]

Score=0.0692868955578
alpha=[0.04944313934380251, -0.031544242850793644, -0.049966381741197934]
beta=[1.5959154511790958, 1.4844191796491004, 1.5283424476931735, 1.4595916918380678, 1.5351158300562824, 1.513722422676381]
gamma=[0.6458726484562571, 1, 0.385756325736924, 1, 1, 0.5933146287065872]
[0.04944313934380251, -0.031544242850793644, -0.049966381741197934, 1.5959154511790958, 1.4844191796491004, 1.5283424476931735, 1.4595916918380678, 1.5351158300562824, 1.513722422676381, 0.6458726484562571, 1, 0.385756325736924, 1, 1, 0.5933146287065872]

Score=0.0760639634391
alpha=[0.04944313934380251, -0.031136828705517049, -0.049966381741197934]
beta=[1.5962016611655434, 1.4844191796491004, 1.5286234152895697, 1.4842963920426178, 1.5351158300562824, 1.513722422676381]
gamma=[0.6458726484562571, 1, 1, 1, 1, 0.5933146287065872]
[0.04944313934380251, -0.031136828705517049, -0.049966381741197934, 1.5962016611655434, 1.4844191796491004, 1.5286234152895697, 1.4842963920426178, 1.5351158300562824, 1.513722422676381, 0.6458726484562571, 1, 1, 1, 1, 0.5933146287065872]

Score=0.0951814907082
alpha=[0.04944313934380251, -0.031544242850793644, -0.049966381741197934]
beta=[1.6, 1.4844191796491004, 1.5142250381761762, 1.4831940547280493, 1.5317930137524507, 1.509337588258949]
gamma=[0.6458726484562571, 1, 0.385756325736924, 1, 1, 0.5933146287065872]
[0.04944313934380251, -0.031544242850793644, -0.049966381741197934, 1.6, 1.4844191796491004, 1.5142250381761762, 1.4831940547280493, 1.5317930137524507, 1.509337588258949, 0.6458726484562571, 1, 0.385756325736924, 1, 1, 0.5933146287065872]

Score=0.0734442584042
alpha=[0.04944313934380251, -0.031544242850793644, -0.049966381741197934]
beta=[1.6, 1.4844191796491004, 1.5283424476931735, 1.4842963920426178, 1.5351158300562824, 1.509337588258949]
gamma=[0.6458726484562571, 1, 0.385756325736924, 1, 1, 0.5933146287065872]
[0.04944313934380251, -0.031544242850793644, -0.049966381741197934, 1.6, 1.4844191796491004, 1.5283424476931735, 1.4842963920426178, 1.5351158300562824, 1.509337588258949, 0.6458726484562571, 1, 0.385756325736924, 1, 1, 0.5933146287065872]

Score=0.02442062346
alpha=[0.04944313934380251, -0.031544242850793644, -0.049966381741197934]
beta=[1.6, 1.4885055469820023, 1.5142250381761762, 1.4831940547280493, 1.5351158300562824, 1.509337588258949]
gamma=[0.6458726484562571, 1, 0.385756325736924, 1, 1, 0.5933146287065872]
[0.04944313934380251, -0.031544242850793644, -0.049966381741197934, 1.6, 1.4885055469820023, 1.5142250381761762, 1.4831940547280493, 1.5351158300562824, 1.509337588258949, 0.6458726484562571, 1, 0.385756325736924, 1, 1, 0.5933146287065872]

Score=0.0243605469663
alpha=[0.04944313934380251, -0.031136828705517049, -0.049966381741197934]
beta=[1.5962016611655434, 1.4844191796491004, 1.5315609167704847, 1.4688439429125009, 1.5348003825034822, 1.5031785649683265]
gamma=[0.6458726484562571, 1, 0.385756325736924, 1, 1, 0.5933146287065872]
[0.04944313934380251, -0.031136828705517049, -0.049966381741197934, 1.5962016611655434, 1.4844191796491004, 1.5315609167704847, 1.4688439429125009, 1.5348003825034822, 1.5031785649683265, 0.6458726484562571, 1, 0.385756325736924, 1, 1, 0.5933146287065872]

