Score=0.106093567726
[0.032428767350052262, -0.028663210417847924, -0.029913786265075234, 1.410369279659577, 1.4488824195810781, 1.4343876304133196, 1.4483666533461246, 1.4350984817726449, 1.54521484895224, 1, 1, 0.4949046938462667, 1, 1, 0.6809390990050623]

Score=0.290103491911
[0.032428767350052262, -0.028663210417847924, -0.029913786265075234, 1.410369279659577, 1.4488824195810781, 1.44365286645202, 1.44582373311375, 1.4509796119777367, 1.551977289900611, 1, 1, 0.4949046938462667, 1, 1, 0.6809390990050623]

Score=0.0451839276771
[0.032428767350052262, -0.028663210417847924, -0.029913786265075234, 1.410369279659577, 1.4488824195810781, 1.44365286645202, 1.44582373311375, 1.4392077847112081, 1.551977289900611, 1, 1, 0.4949046938462667, 1, 1, 0.6809390990050623]

Score=0.0378076261298
[0.032428767350052262, -0.029009153070454114, -0.029913786265075234, 1.410369279659577, 1.4488824195810781, 1.4343876304133196, 1.4483666533461246, 1.4350984817726449, 1.54521484895224, 1, 1, 0.4949046938462667, 1, 1, 0.6809390990050623]

Score=0.0323034804889
[0.032428767350052262, -0.029009153070454114, -0.029913786265075234, 1.410369279659577, 1.4488824195810781, 1.4343876304133196, 1.44582373311375, 1.4350984817726449, 1.5399004081202043, 1, 1, 0.4949046938462667, 1, 1, 0.6809390990050623]

Score=0.0089847236048
[0.032428767350052262, -0.029009153070454114, -0.029913786265075234, 1.410369279659577, 1.4488824195810781, 1.4343876304133196, 1.4483666533461246, 1.4350984817726449, 1.5399004081202043, 1, 1, 0.4949046938462667, 1, 1, 0.6809390990050623]

Score=0.0221833094873
[0.032428767350052262, -0.029009153070454114, -0.029913786265075234, 1.4049101887876219, 1.4488824195810781, 1.4343876304133196, 1.4483666533461246, 1.4350984817726449, 1.5399004081202043, 1, 1, 0.4949046938462667, 1, 1, 0.6809390990050623]

Score=0.110017876822
[0.032428767350052262, -0.029009153070454114, -0.029913786265075234, 1.410369279659577, 1.4488824195810781, 1.4343876304133196, 1.4483666533461246, 1.4350984817726449, 1.5399004081202043, 1, 1, 0.4949046938462667, 1, 1, 0.6809390990050623]

Score=0.0107391929426
[0.032428767350052262, -0.029009153070454114, -0.029913786265075234, 1.410369279659577, 1.4488824195810781, 1.4343876304133196, 1.4483666533461246, 1.4350984817726449, 1.5399004081202043, 1, 1, 0.4949046938462667, 1, 1, 0.6809390990050623]

Score=0.163397905095
[0.032428767350052262, -0.028663210417847924, -0.031526404332123441, 1.410369279659577, 1.4585012855670265, 1.44365286645202, 1.44582373311375, 1.4383907815641963, 1.5416183870374949, 1, 1, 0.4949046938462667, 1, 1, 0.6809390990050623]

Score=0.207620633831
[0.032428767350052262, -0.029693746345125775, -0.029913786265075234, 1.410369279659577, 1.4488824195810781, 1.4343876304133196, 1.4483666533461246, 1.4350984817726449, 1.5399004081202043, 1, 1, 0.4949046938462667, 1, 1, 1]

Score=0.00898486128997
[0.032428767350052262, -0.029009153070454114, -0.029913786265075234, 1.410369279659577, 1.4585012855670265, 1.44365286645202, 1.4358048805708781, 1.4383907815641963, 1.5399004081202043, 1, 1, 0.4949046938462667, 1, 1, 0.6809390990050623]

Score=0.0109529042779
[0.032428767350052262, -0.028663210417847924, -0.029913786265075234, 1.410369279659577, 1.4488824195810781, 1.44365286645202, 1.44582373311375, 1.4383907815641963, 1.5399004081202043, 1, 1, 0.4949046938462667, 1, 1, 0.6809390990050623]

Score=0.0368384585068
[0.032428767350052262, -0.028663210417847924, -0.029913786265075234, 1.410369279659577, 1.4585012855670265, 1.44365286645202, 1.44582373311375, 1.4383907815641963, 1.5416183870374949, 1, 1, 0.4949046938462667, 1, 1, 0.6809390990050623]

Score=0.0633788855742
[0.032428767350052262, -0.028663210417847924, -0.029913786265075234, 1.410369279659577, 1.4488824195810781, 1.44365286645202, 1.44582373311375, 1.4383907815641963, 1.5399004081202043, 1, 1, 0.4949046938462667, 1, 1, 0.6809390990050623]

Score=0.180624632946
[0.032428767350052262, -0.028663210417847924, -0.029913786265075234, 1.410369279659577, 1.4488824195810781, 1.44365286645202, 1.44582373311375, 1.4383907815641963, 1.5399004081202043, 1, 1, 0.4949046938462667, 1, 1, 0.6809390990050623]

Score=0.00710994962733
[0.032428767350052262, -0.028663210417847924, -0.029913786265075234, 1.410369279659577, 1.4488824195810781, 1.44365286645202, 1.44582373311375, 1.4350984817726449, 1.5416183870374949, 1, 1, 0.4949046938462667, 1, 1, 0.6809390990050623]

Score=0.00875025001903
[0.032428767350052262, -0.028663210417847924, -0.029913786265075234, 1.410369279659577, 1.4488824195810781, 1.4218776875547965, 1.44582373311375, 1.4383907815641963, 1.5416183870374949, 1, 1, 0.4949046938462667, 1, 1, 0.6809390990050623]

Score=0.141842269346
[0.032428767350052262, -0.028663210417847924, -0.029913786265075234, 1.410369279659577, 1.4527584985194197, 1.4597954347774875, 1.4331700293666425, 1.4467010144801467, 1.551977289900611, 1, 1, 1, 1, 1, 0.6809390990050623]

Score=0.225753529453
[0.032428767350052262, -0.028663210417847924, -0.029913786265075234, 1.410369279659577, 1.4488824195810781, 1.4597954347774875, 1.44582373311375, 1.4350984817726449, 1.5541256518510449, 1, 1, 0.4949046938462667, 1, 1, 0.6809390990050623]

Score=0.0679743560043
[0.032428767350052262, -0.028663210417847924, -0.029913786265075234, 1.410369279659577, 1.4488824195810781, 1.4218776875547965, 1.44582373311375, 1.4350984817726449, 1.5416183870374949, 1, 1, 0.4949046938462667, 1, 1, 0.6809390990050623]

Score=0.114375505319
[0.032428767350052262, -0.028663210417847924, -0.029913786265075234, 1.410369279659577, 1.4488824195810781, 1.44365286645202, 1.4331700293666425, 1.4467010144801467, 1.551977289900611, 1, 1, 1, 1, 1, 0.6809390990050623]

Score=0.111543049325
[0.032428767350052262, -0.028663210417847924, -0.029913786265075234, 1.410369279659577, 1.4488824195810781, 1.4597954347774875, 1.44582373311375, 1.4350984817726449, 1.5541256518510449, 1, 1, 1, 1, 1, 0.6809390990050623]

Score=0.00857868597688
[0.032428767350052262, -0.028663210417847924, -0.029913786265075234, 1.410369279659577, 1.4488824195810781, 1.44365286645202, 1.44582373311375, 1.4392077847112081, 1.551977289900611, 1, 1, 1, 1, 1, 0.6809390990050623]

Score=0.176215486942
[0.032428767350052262, -0.028663210417847924, -0.029913786265075234, 1.410369279659577, 1.4488824195810781, 1.44365286645202, 1.44582373311375, 1.4392077847112081, 1.551977289900611, 1, 1, 1, 1, 1, 0.6809390990050623]

Score=0.01119526116
[0.032428767350052262, -0.028663210417847924, -0.029913786265075234, 1.410369279659577, 1.4488824195810781, 1.44365286645202, 1.4331700293666425, 1.4350984817726449, 1.54521484895224, 1, 1, 1, 1, 1, 0.6809390990050623]

Score=0.00680618881806
[0.032428767350052262, -0.028663210417847924, -0.029913786265075234, 1.410369279659577, 1.4488824195810781, 1.44365286645202, 1.44582373311375, 1.4392077847112081, 1.551977289900611, 1, 1, 0.4949046938462667, 1, 1, 0.6809390990050623]

Score=0.0168608283935
[0.032428767350052262, -0.028663210417847924, -0.029913786265075234, 1.410369279659577, 1.4488824195810781, 1.44365286645202, 1.4338891774456481, 1.4392077847112081, 1.54521484895224, 1, 1, 1, 1, 1, 0.6809390990050623]

Score=0.252769195532
[0.032428767350052262, -0.028663210417847924, 0.029782979902310564, 1.410369279659577, 1.4488824195810781, 1.4343876304133196, 1.4483666533461246, 1.4350984817726449, 1.5532455245115271, 1, 1, 0.4949046938462667, 1, 1, 0.6809390990050623]

Score=0.016623707766
[0.032428767350052262, -0.028663210417847924, -0.029913786265075234, 1.410369279659577, 1.4488824195810781, 1.44365286645202, 1.44582373311375, 1.4392077847112081, 1.551977289900611, 1, 1, 0.4949046938462667, 1, 1, 0.6809390990050623]




Final Population
[0.032428767350052262, -0.028663210417847924, -0.029913786265075234, 1.410369279659577, 1.4488824195810781, 1.4343876304133196, 1.4483666533461246, 1.4350984817726449, 1.54521484895224, 1, 1, 0.4949046938462667, 1, 1, 0.6809390990050623]
[0.032428767350052262, -0.028663210417847924, -0.029913786265075234, 1.410369279659577, 1.4488824195810781, 1.44365286645202, 1.44582373311375, 1.4509796119777367, 1.551977289900611, 1, 1, 0.4949046938462667, 1, 1, 0.6809390990050623]
[0.032428767350052262, -0.028663210417847924, -0.029913786265075234, 1.410369279659577, 1.4488824195810781, 1.44365286645202, 1.44582373311375, 1.4392077847112081, 1.551977289900611, 1, 1, 0.4949046938462667, 1, 1, 0.6809390990050623]
[0.032428767350052262, -0.029009153070454114, -0.029913786265075234, 1.410369279659577, 1.4488824195810781, 1.4343876304133196, 1.4483666533461246, 1.4350984817726449, 1.54521484895224, 1, 1, 0.4949046938462667, 1, 1, 0.6809390990050623]
[0.032428767350052262, -0.029009153070454114, -0.029913786265075234, 1.410369279659577, 1.4488824195810781, 1.4343876304133196, 1.44582373311375, 1.4350984817726449, 1.5399004081202043, 1, 1, 0.4949046938462667, 1, 1, 0.6809390990050623]
[0.032428767350052262, -0.029009153070454114, -0.029913786265075234, 1.410369279659577, 1.4488824195810781, 1.4343876304133196, 1.4483666533461246, 1.4350984817726449, 1.5399004081202043, 1, 1, 0.4949046938462667, 1, 1, 0.6809390990050623]
[0.032428767350052262, -0.029009153070454114, -0.029913786265075234, 1.4049101887876219, 1.4488824195810781, 1.4343876304133196, 1.4483666533461246, 1.4350984817726449, 1.5399004081202043, 1, 1, 0.4949046938462667, 1, 1, 0.6809390990050623]
[0.032428767350052262, -0.029009153070454114, -0.029913786265075234, 1.410369279659577, 1.4488824195810781, 1.4343876304133196, 1.4483666533461246, 1.4350984817726449, 1.5399004081202043, 1, 1, 0.4949046938462667, 1, 1, 0.6809390990050623]
[0.032428767350052262, -0.029009153070454114, -0.029913786265075234, 1.410369279659577, 1.4488824195810781, 1.4343876304133196, 1.4483666533461246, 1.4350984817726449, 1.5399004081202043, 1, 1, 0.4949046938462667, 1, 1, 0.6809390990050623]
[0.032428767350052262, -0.028663210417847924, -0.031526404332123441, 1.410369279659577, 1.4585012855670265, 1.44365286645202, 1.44582373311375, 1.4383907815641963, 1.5416183870374949, 1, 1, 0.4949046938462667, 1, 1, 0.6809390990050623]
[0.032428767350052262, -0.029693746345125775, -0.029913786265075234, 1.410369279659577, 1.4488824195810781, 1.4343876304133196, 1.4483666533461246, 1.4350984817726449, 1.5399004081202043, 1, 1, 0.4949046938462667, 1, 1, 1]
[0.032428767350052262, -0.029009153070454114, -0.029913786265075234, 1.410369279659577, 1.4585012855670265, 1.44365286645202, 1.4358048805708781, 1.4383907815641963, 1.5399004081202043, 1, 1, 0.4949046938462667, 1, 1, 0.6809390990050623]
[0.032428767350052262, -0.028663210417847924, -0.029913786265075234, 1.410369279659577, 1.4488824195810781, 1.44365286645202, 1.44582373311375, 1.4383907815641963, 1.5399004081202043, 1, 1, 0.4949046938462667, 1, 1, 0.6809390990050623]
[0.032428767350052262, -0.028663210417847924, -0.029913786265075234, 1.410369279659577, 1.4585012855670265, 1.44365286645202, 1.44582373311375, 1.4383907815641963, 1.5416183870374949, 1, 1, 0.4949046938462667, 1, 1, 0.6809390990050623]
[0.032428767350052262, -0.028663210417847924, -0.029913786265075234, 1.410369279659577, 1.4488824195810781, 1.44365286645202, 1.44582373311375, 1.4383907815641963, 1.5399004081202043, 1, 1, 0.4949046938462667, 1, 1, 0.6809390990050623]
[0.032428767350052262, -0.028663210417847924, -0.029913786265075234, 1.410369279659577, 1.4488824195810781, 1.44365286645202, 1.44582373311375, 1.4383907815641963, 1.5399004081202043, 1, 1, 0.4949046938462667, 1, 1, 0.6809390990050623]
[0.032428767350052262, -0.028663210417847924, -0.029913786265075234, 1.410369279659577, 1.4488824195810781, 1.44365286645202, 1.44582373311375, 1.4350984817726449, 1.5416183870374949, 1, 1, 0.4949046938462667, 1, 1, 0.6809390990050623]
[0.032428767350052262, -0.028663210417847924, -0.029913786265075234, 1.410369279659577, 1.4488824195810781, 1.4218776875547965, 1.44582373311375, 1.4383907815641963, 1.5416183870374949, 1, 1, 0.4949046938462667, 1, 1, 0.6809390990050623]
[0.032428767350052262, -0.028663210417847924, -0.029913786265075234, 1.410369279659577, 1.4527584985194197, 1.4597954347774875, 1.4331700293666425, 1.4467010144801467, 1.551977289900611, 1, 1, 1, 1, 1, 0.6809390990050623]
[0.032428767350052262, -0.028663210417847924, -0.029913786265075234, 1.410369279659577, 1.4488824195810781, 1.4597954347774875, 1.44582373311375, 1.4350984817726449, 1.5541256518510449, 1, 1, 0.4949046938462667, 1, 1, 0.6809390990050623]
[0.032428767350052262, -0.028663210417847924, -0.029913786265075234, 1.410369279659577, 1.4488824195810781, 1.4218776875547965, 1.44582373311375, 1.4350984817726449, 1.5416183870374949, 1, 1, 0.4949046938462667, 1, 1, 0.6809390990050623]
[0.032428767350052262, -0.028663210417847924, -0.029913786265075234, 1.410369279659577, 1.4488824195810781, 1.44365286645202, 1.4331700293666425, 1.4467010144801467, 1.551977289900611, 1, 1, 1, 1, 1, 0.6809390990050623]
[0.032428767350052262, -0.028663210417847924, -0.029913786265075234, 1.410369279659577, 1.4488824195810781, 1.4597954347774875, 1.44582373311375, 1.4350984817726449, 1.5541256518510449, 1, 1, 1, 1, 1, 0.6809390990050623]
[0.032428767350052262, -0.028663210417847924, -0.029913786265075234, 1.410369279659577, 1.4488824195810781, 1.44365286645202, 1.44582373311375, 1.4392077847112081, 1.551977289900611, 1, 1, 1, 1, 1, 0.6809390990050623]
[0.032428767350052262, -0.028663210417847924, -0.029913786265075234, 1.410369279659577, 1.4488824195810781, 1.44365286645202, 1.44582373311375, 1.4392077847112081, 1.551977289900611, 1, 1, 1, 1, 1, 0.6809390990050623]
[0.032428767350052262, -0.028663210417847924, -0.029913786265075234, 1.410369279659577, 1.4488824195810781, 1.44365286645202, 1.4331700293666425, 1.4350984817726449, 1.54521484895224, 1, 1, 1, 1, 1, 0.6809390990050623]
[0.032428767350052262, -0.028663210417847924, -0.029913786265075234, 1.410369279659577, 1.4488824195810781, 1.44365286645202, 1.44582373311375, 1.4392077847112081, 1.551977289900611, 1, 1, 0.4949046938462667, 1, 1, 0.6809390990050623]
[0.032428767350052262, -0.028663210417847924, -0.029913786265075234, 1.410369279659577, 1.4488824195810781, 1.44365286645202, 1.4338891774456481, 1.4392077847112081, 1.54521484895224, 1, 1, 1, 1, 1, 0.6809390990050623]
[0.032428767350052262, -0.028663210417847924, 0.029782979902310564, 1.410369279659577, 1.4488824195810781, 1.4343876304133196, 1.4483666533461246, 1.4350984817726449, 1.5532455245115271, 1, 1, 0.4949046938462667, 1, 1, 0.6809390990050623]
[0.032428767350052262, -0.028663210417847924, -0.029913786265075234, 1.410369279659577, 1.4488824195810781, 1.44365286645202, 1.44582373311375, 1.4392077847112081, 1.551977289900611, 1, 1, 0.4949046938462667, 1, 1, 0.6809390990050623]
