Score=0.0887922266369
[0.0017573073329808734, -0.052802411822435835, -0.0038330820310006567, 1.478700830948831, 1.5911554060268827, 1.4737543299813809, 1.5306105480525189, 1.4339308456668189, 1.5578919237775624, 0.28468356627104974, 0.5953352863809996, 1, 0.3967972078000489, 0.826731762049564, 0.14074289096869363]

Score=0.018109714784
[0.0017573073329808734, -0.052802411822435835, -0.0038330820310006567, 1.478700830948831, 1.5914409800388094, 1.4751728018085115, 1.5352686192902012, 1.4339308456668189, 1.5586090860141306, 0.28468356627104974, 0.5953352863809996, 1, 0.3967972078000489, 0.826731762049564, 0.14074289096869363]

Score=0.12182201424
[0.0017573073329808734, -0.052802411822435835, -0.0038330820310006567, 1.471345817157517, 1.5911554060268827, 1.4737543299813809, 1.5067381720706332, 1.4339308456668189, 1.5586090860141306, 0.28468356627104974, 0.5953352863809996, 1, 0.3967972078000489, 0.826731762049564, 0.14074289096869363]

Score=0.0137876909654
[0.0017573073329808734, -0.052802411822435835, -0.0038330820310006567, 1.478700830948831, 1.5914409800388094, 1.4737543299813809, 1.5352686192902012, 1.4339308456668189, 1.5586090860141306, 0.28468356627104974, 0.5953352863809996, 1, 0.3967972078000489, 0.826731762049564, 0.14074289096869363]

Score=0.103049450635
[0.0017573073329808734, -0.052802411822435835, -0.0038330820310006567, 1.478700830948831, 1.5914409800388094, 1.4737543299813809, 1.5352686192902012, 1.4339308456668189, 1.5586090860141306, 0.28468356627104974, 0.5953352863809996, 1, 0.3967972078000489, 0.826731762049564, 0.14074289096869363]

Score=0.209774641819
[0.0017573073329808734, -0.052802411822435835, -0.0038330820310006567, 1.478700830948831, 1.5911554060268827, 1.4844902393793697, 1.5352686192902012, 1.4339308456668189, 1.5586090860141306, 0.28468356627104974, 0.5953352863809996, 1, 0.3967972078000489, 1, 0.14074289096869363]

Score=0.0156127130732
[0.0017573073329808734, -0.052802411822435835, -0.0038330820310006567, 1.478700830948831, 1.5911554060268827, 1.4737543299813809, 1.5352686192902012, 1.4339308456668189, 1.5586090860141306, 0.28468356627104974, 0.5953352863809996, 1, 0.3967972078000489, 0.826731762049564, 0.14074289096869363]

Score=0.0179076905066
[0.0017573073329808734, -0.052802411822435835, -0.0038330820310006567, 1.471345817157517, 1.5911554060268827, 1.4737543299813809, 1.5352686192902012, 1.4339308456668189, 1.5586090860141306, 0.28468356627104974, 0.5953352863809996, 1, 0.3967972078000489, 0.826731762049564, 0.14074289096869363]

Score=0.054714467025
[0.0017573073329808734, -0.054170181313173194, -0.0038330820310006567, 1.471345817157517, 1.5911554060268827, 1.4737543299813809, 1.5076005900624292, 1.4339308456668189, 1.5638471415123443, 0.28468356627104974, 0.5953352863809996, 1, 0.3967972078000489, 1, 0.14074289096869363]

Score=0.0789242630131
[0.0017573073329808734, -0.052802411822435835, -0.0038330820310006567, 1.471345817157517, 1.5911554060268827, 1.4737543299813809, 1.5171424695646496, 1.4372518106573251, 1.5528992400695847, 0.28468356627104974, 0.5953352863809996, 1, 0.3967972078000489, 1, 0.14074289096869363]

Score=0.0996804957144
[0.0017573073329808734, -0.052802411822435835, -0.0038330820310006567, 1.471345817157517, 1.5911554060268827, 1.4737543299813809, 1.5352686192902012, 1.4339308456668189, 1.5586090860141306, 0.28468356627104974, 0.5953352863809996, 1, 0.3967972078000489, 0.826731762049564, 0.14074289096869363]

Score=0.020862181156
[0.0017573073329808734, -0.052802411822435835, -0.0038330820310006567, 1.471345817157517, 1.5911554060268827, 1.4737543299813809, 1.5255396200050149, 1.4339308456668189, 1.5586090860141306, 0.28468356627104974, 0.5953352863809996, 1, 0.3967972078000489, 0.826731762049564, 0.14074289096869363]

Score=0.380371612358
[0.00069160981083639817, -0.054172829087379998, -0.0038330820310006567, 1.471345817157517, 1.5911554060268827, 1.4590258979384789, 1.5076005900624292, 1.4339308456668189, 1.5638471415123443, 0.28468356627104974, 0.5953352863809996, 1, 0.3967972078000489, 0.826731762049564, 0.14074289096869363]

Score=0.0135643470234
[0.0017573073329808734, -0.052802411822435835, -0.0038330820310006567, 1.471345817157517, 1.5911554060268827, 1.4690697863498752, 1.5171424695646496, 1.4339308456668189, 1.5586090860141306, 0.28468356627104974, 0.5953352863809996, 1, 0.3967972078000489, 0.826731762049564, 0.14074289096869363]

Score=0.106273040296
[0.0017573073329808734, -0.052802411822435835, -0.0038330820310006567, 1.471345817157517, 1.5911554060268827, 1.4737543299813809, 1.5171424695646496, 1.4339308456668189, 1.5528992400695847, 0.28468356627104974, 0.5953352863809996, 1, 0.3967972078000489, 0.826731762049564, 0.14074289096869363]

Score=0.13613995968
[0.0017573073329808734, -0.052802411822435835, -0.0038330820310006567, 1.471345817157517, 1.5911554060268827, 1.4667635926793408, 1.5255396200050149, 1.4339308456668189, 1.5528992400695847, 0.28468356627104974, 0.5953352863809996, 1, 0.3967972078000489, 0.826731762049564, 0.14074289096869363]

Score=0.0142342270103
[0.0017573073329808734, -0.052802411822435835, -0.0038330820310006567, 1.471345817157517, 1.5911554060268827, 1.4737543299813809, 1.5255396200050149, 1.4339308456668189, 1.5528992400695847, 0.28468356627104974, 0.5953352863809996, 1, 0.3967972078000489, 0.826731762049564, 0.14074289096869363]

Score=0.0168649892622
[0.0017573073329808734, -0.052802411822435835, -0.0038330820310006567, 1.471345817157517, 1.5911554060268827, 1.4690697863498752, 1.5171424695646496, 1.4339308456668189, 1.5586090860141306, 0.28468356627104974, 0.5953352863809996, 1, 0.3967972078000489, 0.826731762049564, 0.14074289096869363]

Score=0.0186158671885
[0.0017573073329808734, -0.054170181313173194, -0.0038330820310006567, 1.4833044463613119, 1.5911554060268827, 1.4690697863498752, 1.5255396200050149, 1.4411843997577167, 1.5586090860141306, 0.28468356627104974, 0.5953352863809996, 1, 0.3967972078000489, 0.826731762049564, 0.14074289096869363]

Score=0.135552216116
[0.0017573073329808734, -0.052506416880427273, -0.0038330820310006567, 1.4833044463613119, 1.5911554060268827, 1.4690697863498752, 1.5255396200050149, 1.4411843997577167, 1.5586090860141306, 0.28468356627104974, 0.5953352863809996, 1, 0.3967972078000489, 0.826731762049564, 0.14074289096869363]

Score=0.150940614008
[0.0024505611799751589, -0.054170181313173194, -0.0038330820310006567, 1.471345817157517, 1.5911554060268827, 1.4690697863498752, 1.525338900586452, 1.4339308456668189, 1.5586090860141306, 0.28468356627104974, 0.5953352863809996, 1, 0.3967972078000489, 0.826731762049564, 0.14074289096869363]

Score=0.0330904328612
[0.0017573073329808734, -0.054170181313173194, -0.0038330820310006567, 1.471345817157517, 1.5911554060268827, 1.4690697863498752, 1.525338900586452, 1.4339308456668189, 1.5586090860141306, 0.28468356627104974, 0.5953352863809996, 1, 0.3967972078000489, 0.826731762049564, 0.14074289096869363]

Score=0.121146745805
[0.0017573073329808734, -0.054170181313173194, -0.0038330820310006567, 1.471345817157517, 1.5911554060268827, 1.4690697863498752, 1.525338900586452, 1.4454192167464768, 1.5586090860141306, 0.28468356627104974, 0.5953352863809996, 1, 0.3967972078000489, 0.826731762049564, 0.14074289096869363]

Score=0.0537595581438
[0.0017573073329808734, -0.052802411822435835, -0.0038330820310006567, 1.4833044463613119, 1.5911554060268827, 1.4690697863498752, 1.525338900586452, 1.4339308456668189, 1.5586090860141306, 0.28468356627104974, 0.5953352863809996, 1, 0.3967972078000489, 0.826731762049564, 0.14074289096869363]

Score=0.181926019622
[0.00094416277776858729, -0.054170181313173194, -0.0038330820310006567, 1.471345817157517, 1.5911554060268827, 1.4699661368377439, 1.5352686192902012, 1.4339308456668189, 1.5586090860141306, 0.28468356627104974, 0.5953352863809996, 1, 0.3967972078000489, 0.826731762049564, 0.14074289096869363]

Score=0.0307176998123
[0.0017573073329808734, -0.052802411822435835, -0.0038330820310006567, 1.478700830948831, 1.5911554060268827, 1.4699661368377439, 1.525338900586452, 1.4339308456668189, 1.5586090860141306, 0.28468356627104974, 0.5953352863809996, 1, 0.3967972078000489, 0.826731762049564, 0.14074289096869363]

Score=0.0522684314989
[0.0015715385613489234, -0.052802411822435835, -0.0038330820310006567, 1.478700830948831, 1.5911554060268827, 1.4699661368377439, 1.525338900586452, 1.4334368803991526, 1.5586090860141306, 0.28468356627104974, 0.5953352863809996, 1, 0.3967972078000489, 0.826731762049564, 0.14074289096869363]

Score=0.0212909255157
[0.0017573073329808734, -0.052802411822435835, -0.0038330820310006567, 1.471345817157517, 1.5988793110231811, 1.4699661368377439, 1.525338900586452, 1.4339308456668189, 1.5586090860141306, 0.28468356627104974, 0.5953352863809996, 1, 0.3967972078000489, 0.826731762049564, 0.14074289096869363]

Score=0.0122392893972
[0.0017573073329808734, -0.054170181313173194, -0.0038330820310006567, 1.471345817157517, 1.5911554060268827, 1.4737543299813809, 1.5218838473267997, 1.4339308456668189, 1.5586090860141306, 0.28468356627104974, 0.5953352863809996, 1, 0.3967972078000489, 0.826731762049564, 0.14074289096869363]

Score=0.499840999924
[0.0017573073329808734, -0.052802411822435835, -0.0038330820310006567, 1.478700830948831, 1.5914409800388094, 1.4751728018085115, 1.5352686192902012, 1.4339308456668189, 1.5586090860141306, 0.28468356627104974, 0.5953352863809996, 1, 0.3967972078000489, 0.826731762049564, 1]




Final Population
[0.0017573073329808734, -0.052802411822435835, -0.0038330820310006567, 1.478700830948831, 1.5911554060268827, 1.4737543299813809, 1.5306105480525189, 1.4339308456668189, 1.5578919237775624, 0.28468356627104974, 0.5953352863809996, 1, 0.3967972078000489, 0.826731762049564, 0.14074289096869363]
[0.0017573073329808734, -0.052802411822435835, -0.0038330820310006567, 1.478700830948831, 1.5914409800388094, 1.4751728018085115, 1.5352686192902012, 1.4339308456668189, 1.5586090860141306, 0.28468356627104974, 0.5953352863809996, 1, 0.3967972078000489, 0.826731762049564, 0.14074289096869363]
[0.0017573073329808734, -0.052802411822435835, -0.0038330820310006567, 1.471345817157517, 1.5911554060268827, 1.4737543299813809, 1.5067381720706332, 1.4339308456668189, 1.5586090860141306, 0.28468356627104974, 0.5953352863809996, 1, 0.3967972078000489, 0.826731762049564, 0.14074289096869363]
[0.0017573073329808734, -0.052802411822435835, -0.0038330820310006567, 1.478700830948831, 1.5914409800388094, 1.4737543299813809, 1.5352686192902012, 1.4339308456668189, 1.5586090860141306, 0.28468356627104974, 0.5953352863809996, 1, 0.3967972078000489, 0.826731762049564, 0.14074289096869363]
[0.0017573073329808734, -0.052802411822435835, -0.0038330820310006567, 1.478700830948831, 1.5914409800388094, 1.4737543299813809, 1.5352686192902012, 1.4339308456668189, 1.5586090860141306, 0.28468356627104974, 0.5953352863809996, 1, 0.3967972078000489, 0.826731762049564, 0.14074289096869363]
[0.0017573073329808734, -0.052802411822435835, -0.0038330820310006567, 1.478700830948831, 1.5911554060268827, 1.4844902393793697, 1.5352686192902012, 1.4339308456668189, 1.5586090860141306, 0.28468356627104974, 0.5953352863809996, 1, 0.3967972078000489, 1, 0.14074289096869363]
[0.0017573073329808734, -0.052802411822435835, -0.0038330820310006567, 1.478700830948831, 1.5911554060268827, 1.4737543299813809, 1.5352686192902012, 1.4339308456668189, 1.5586090860141306, 0.28468356627104974, 0.5953352863809996, 1, 0.3967972078000489, 0.826731762049564, 0.14074289096869363]
[0.0017573073329808734, -0.052802411822435835, -0.0038330820310006567, 1.471345817157517, 1.5911554060268827, 1.4737543299813809, 1.5352686192902012, 1.4339308456668189, 1.5586090860141306, 0.28468356627104974, 0.5953352863809996, 1, 0.3967972078000489, 0.826731762049564, 0.14074289096869363]
[0.0017573073329808734, -0.054170181313173194, -0.0038330820310006567, 1.471345817157517, 1.5911554060268827, 1.4737543299813809, 1.5076005900624292, 1.4339308456668189, 1.5638471415123443, 0.28468356627104974, 0.5953352863809996, 1, 0.3967972078000489, 1, 0.14074289096869363]
[0.0017573073329808734, -0.052802411822435835, -0.0038330820310006567, 1.471345817157517, 1.5911554060268827, 1.4737543299813809, 1.5171424695646496, 1.4372518106573251, 1.5528992400695847, 0.28468356627104974, 0.5953352863809996, 1, 0.3967972078000489, 1, 0.14074289096869363]
[0.0017573073329808734, -0.052802411822435835, -0.0038330820310006567, 1.471345817157517, 1.5911554060268827, 1.4737543299813809, 1.5352686192902012, 1.4339308456668189, 1.5586090860141306, 0.28468356627104974, 0.5953352863809996, 1, 0.3967972078000489, 0.826731762049564, 0.14074289096869363]
[0.0017573073329808734, -0.052802411822435835, -0.0038330820310006567, 1.471345817157517, 1.5911554060268827, 1.4737543299813809, 1.5255396200050149, 1.4339308456668189, 1.5586090860141306, 0.28468356627104974, 0.5953352863809996, 1, 0.3967972078000489, 0.826731762049564, 0.14074289096869363]
[0.00069160981083639817, -0.054172829087379998, -0.0038330820310006567, 1.471345817157517, 1.5911554060268827, 1.4590258979384789, 1.5076005900624292, 1.4339308456668189, 1.5638471415123443, 0.28468356627104974, 0.5953352863809996, 1, 0.3967972078000489, 0.826731762049564, 0.14074289096869363]
[0.0017573073329808734, -0.052802411822435835, -0.0038330820310006567, 1.471345817157517, 1.5911554060268827, 1.4690697863498752, 1.5171424695646496, 1.4339308456668189, 1.5586090860141306, 0.28468356627104974, 0.5953352863809996, 1, 0.3967972078000489, 0.826731762049564, 0.14074289096869363]
[0.0017573073329808734, -0.052802411822435835, -0.0038330820310006567, 1.471345817157517, 1.5911554060268827, 1.4737543299813809, 1.5171424695646496, 1.4339308456668189, 1.5528992400695847, 0.28468356627104974, 0.5953352863809996, 1, 0.3967972078000489, 0.826731762049564, 0.14074289096869363]
[0.0017573073329808734, -0.052802411822435835, -0.0038330820310006567, 1.471345817157517, 1.5911554060268827, 1.4667635926793408, 1.5255396200050149, 1.4339308456668189, 1.5528992400695847, 0.28468356627104974, 0.5953352863809996, 1, 0.3967972078000489, 0.826731762049564, 0.14074289096869363]
[0.0017573073329808734, -0.052802411822435835, -0.0038330820310006567, 1.471345817157517, 1.5911554060268827, 1.4737543299813809, 1.5255396200050149, 1.4339308456668189, 1.5528992400695847, 0.28468356627104974, 0.5953352863809996, 1, 0.3967972078000489, 0.826731762049564, 0.14074289096869363]
[0.0017573073329808734, -0.052802411822435835, -0.0038330820310006567, 1.471345817157517, 1.5911554060268827, 1.4690697863498752, 1.5171424695646496, 1.4339308456668189, 1.5586090860141306, 0.28468356627104974, 0.5953352863809996, 1, 0.3967972078000489, 0.826731762049564, 0.14074289096869363]
[0.0017573073329808734, -0.054170181313173194, -0.0038330820310006567, 1.4833044463613119, 1.5911554060268827, 1.4690697863498752, 1.5255396200050149, 1.4411843997577167, 1.5586090860141306, 0.28468356627104974, 0.5953352863809996, 1, 0.3967972078000489, 0.826731762049564, 0.14074289096869363]
[0.0017573073329808734, -0.052506416880427273, -0.0038330820310006567, 1.4833044463613119, 1.5911554060268827, 1.4690697863498752, 1.5255396200050149, 1.4411843997577167, 1.5586090860141306, 0.28468356627104974, 0.5953352863809996, 1, 0.3967972078000489, 0.826731762049564, 0.14074289096869363]
[0.0024505611799751589, -0.054170181313173194, -0.0038330820310006567, 1.471345817157517, 1.5911554060268827, 1.4690697863498752, 1.525338900586452, 1.4339308456668189, 1.5586090860141306, 0.28468356627104974, 0.5953352863809996, 1, 0.3967972078000489, 0.826731762049564, 0.14074289096869363]
[0.0017573073329808734, -0.054170181313173194, -0.0038330820310006567, 1.471345817157517, 1.5911554060268827, 1.4690697863498752, 1.525338900586452, 1.4339308456668189, 1.5586090860141306, 0.28468356627104974, 0.5953352863809996, 1, 0.3967972078000489, 0.826731762049564, 0.14074289096869363]
[0.0017573073329808734, -0.054170181313173194, -0.0038330820310006567, 1.471345817157517, 1.5911554060268827, 1.4690697863498752, 1.525338900586452, 1.4454192167464768, 1.5586090860141306, 0.28468356627104974, 0.5953352863809996, 1, 0.3967972078000489, 0.826731762049564, 0.14074289096869363]
[0.0017573073329808734, -0.052802411822435835, -0.0038330820310006567, 1.4833044463613119, 1.5911554060268827, 1.4690697863498752, 1.525338900586452, 1.4339308456668189, 1.5586090860141306, 0.28468356627104974, 0.5953352863809996, 1, 0.3967972078000489, 0.826731762049564, 0.14074289096869363]
[0.00094416277776858729, -0.054170181313173194, -0.0038330820310006567, 1.471345817157517, 1.5911554060268827, 1.4699661368377439, 1.5352686192902012, 1.4339308456668189, 1.5586090860141306, 0.28468356627104974, 0.5953352863809996, 1, 0.3967972078000489, 0.826731762049564, 0.14074289096869363]
[0.0017573073329808734, -0.052802411822435835, -0.0038330820310006567, 1.478700830948831, 1.5911554060268827, 1.4699661368377439, 1.525338900586452, 1.4339308456668189, 1.5586090860141306, 0.28468356627104974, 0.5953352863809996, 1, 0.3967972078000489, 0.826731762049564, 0.14074289096869363]
[0.0015715385613489234, -0.052802411822435835, -0.0038330820310006567, 1.478700830948831, 1.5911554060268827, 1.4699661368377439, 1.525338900586452, 1.4334368803991526, 1.5586090860141306, 0.28468356627104974, 0.5953352863809996, 1, 0.3967972078000489, 0.826731762049564, 0.14074289096869363]
[0.0017573073329808734, -0.052802411822435835, -0.0038330820310006567, 1.471345817157517, 1.5988793110231811, 1.4699661368377439, 1.525338900586452, 1.4339308456668189, 1.5586090860141306, 0.28468356627104974, 0.5953352863809996, 1, 0.3967972078000489, 0.826731762049564, 0.14074289096869363]
[0.0017573073329808734, -0.054170181313173194, -0.0038330820310006567, 1.471345817157517, 1.5911554060268827, 1.4737543299813809, 1.5218838473267997, 1.4339308456668189, 1.5586090860141306, 0.28468356627104974, 0.5953352863809996, 1, 0.3967972078000489, 0.826731762049564, 0.14074289096869363]
[0.0017573073329808734, -0.052802411822435835, -0.0038330820310006567, 1.478700830948831, 1.5914409800388094, 1.4751728018085115, 1.5352686192902012, 1.4339308456668189, 1.5586090860141306, 0.28468356627104974, 0.5953352863809996, 1, 0.3967972078000489, 0.826731762049564, 1]
