Score=0.000599843801482
[-0.0092229385536835469, 0.00062049089402682817, 0.049710353713321304, 1.5372325267204157, 1.501286699372816, 1.5913510719464801, 1.506090463942519, 1.4093173431415238, 1.5139897997690208, 0.269661703081723, 0.8906693322161361, 0.12370007413880224, 0.1842871080498456, 0.16863010104629939, 1]

Score=0.0622133079136
[-0.0092229385536835469, 0.00062049089402682817, 0.050038367709278268, 1.5372325267204157, 1.501286699372816, 1.5913510719464801, 1.506090463942519, 1.4093173431415238, 1.5028792016411299, 1, 0.8906693322161361, 0.12370007413880224, 0.1842871080498456, 0.16863010104629939, 1]

Score=0.00781260169956
[-0.0092229385536835469, 0.00062049089402682817, 0.050038367709278268, 1.5372325267204157, 1.501286699372816, 1.6, 1.506090463942519, 1.4093173431415238, 1.5139897997690208, 0.269661703081723, 0.8906693322161361, 0.12370007413880224, 0.1842871080498456, 0.16863010104629939, 1]

Score=0.00788595133199
[-0.0092229385536835469, 0.00062049089402682817, 0.050176052304695358, 1.5488282529346504, 1.501286699372816, 1.5913510719464801, 1.506090463942519, 1.4093173431415238, 1.5139897997690208, 0.269661703081723, 0.8906693322161361, 0.12370007413880224, 0.1842871080498456, 0.16863010104629939, 1]

Score=0.00562978431793
[-0.0092229385536835469, 0.00062049089402682817, 0.049258699825694641, 1.5372325267204157, 1.501286699372816, 1.5913510719464801, 1.499052666647116, 1.4093173431415238, 1.5139897997690208, 0.269661703081723, 0.8906693322161361, 0.12370007413880224, 0.1842871080498456, 0.16863010104629939, 1]

Score=0.0544450094094
[-0.0092229385536835469, 0.00062049089402682817, 0.050038367709278268, 1.5372325267204157, 1.501286699372816, 1.5913510719464801, 1.506090463942519, 1.4093173431415238, 1.5139897997690208, 0.269661703081723, 0.8906693322161361, 0.12370007413880224, 0.1842871080498456, 0.16863010104629939, 1]

Score=0.361040003288
[-0.0092229385536835469, 0.00062049089402682817, 0.049615087138809091, 1.5488282529346504, 1.501286699372816, 1.5913510719464801, 1.5019405890178485, 1.4093173431415238, 1.5028792016411299, 0.269661703081723, 1, 0.12370007413880224, 1, 0.16863010104629939, 1]

Score=0.00134308711666
[-0.0092229385536835469, 0.00062049089402682817, 0.050038367709278268, 1.5488282529346504, 1.501286699372816, 1.5913510719464801, 1.5019405890178485, 1.4093173431415238, 1.5167912931815, 0.269661703081723, 0.8906693322161361, 0.12370007413880224, 0.1842871080498456, 0.16863010104629939, 1]

Score=0.000776598562252
[-0.0092229385536835469, 0.00062049089402682817, 0.049615087138809091, 1.5488282529346504, 1.501286699372816, 1.5913510719464801, 1.5019405890178485, 1.4093173431415238, 1.5139897997690208, 0.269661703081723, 0.8906693322161361, 0.12370007413880224, 0.1842871080498456, 0.16863010104629939, 1]

Score=0.0532225144091
[-0.0092229385536835469, 0.0011734172524887805, 0.049615087138809091, 1.5488282529346504, 1.501286699372816, 1.5913510719464801, 1.506090463942519, 1.4182807322811917, 1.5139897997690208, 0.269661703081723, 0.8906693322161361, 0.12370007413880224, 0.1842871080498456, 0.16863010104629939, 1]

Score=0.00147687407692
[-0.0092229385536835469, 0.00062049089402682817, 0.049710353713321304, 1.5488282529346504, 1.501286699372816, 1.5913510719464801, 1.5019405890178485, 1.4182807322811917, 1.5139897997690208, 0.269661703081723, 0.8906693322161361, 0.12370007413880224, 0.1842871080498456, 0.16863010104629939, 1]

Score=0.452875304371
[-0.0092229385536835469, 0.00062049089402682817, 0.049615087138809091, 1.5488282529346504, 1.501286699372816, 1.5913510719464801, 1.5019405890178485, 1.4093173431415238, 1.5124871411952847, 0.269661703081723, 0.8906693322161361, 0.12370007413880224, 1, 0.16863010104629939, 1]

Score=0.000913734052286
[-0.0092229385536835469, 0.00062049089402682817, 0.049615087138809091, 1.5488282529346504, 1.501286699372816, 1.5913510719464801, 1.5019405890178485, 1.4182807322811917, 1.5139897997690208, 0.269661703081723, 0.8906693322161361, 0.12370007413880224, 0.1842871080498456, 0.16863010104629939, 1]

Score=0.00354983166112
[-0.0092229385536835469, 0.0011734172524887805, 0.049615087138809091, 1.5488282529346504, 1.501286699372816, 1.5913510719464801, 1.506090463942519, 1.4182807322811917, 1.5124871411952847, 0.269661703081723, 0.8906693322161361, 0.12370007413880224, 0.1842871080498456, 0.16863010104629939, 1]

Score=0.0920957427919
[-0.0092229385536835469, -0.00019941135273088143, 0.050038367709278268, 1.5488282529346504, 1.501286699372816, 1.5913510719464801, 1.5019405890178485, 1.4182807322811917, 1.5139897997690208, 0.269661703081723, 0.8906693322161361, 0.12370007413880224, 0.1842871080498456, 0.16863010104629939, 1]

Score=0.00222771934846
[-0.0092229385536835469, 0.00062049089402682817, 0.049710353713321304, 1.5372325267204157, 1.501286699372816, 1.5913510719464801, 1.506090463942519, 1.4182807322811917, 1.5139897997690208, 0.269661703081723, 0.8906693322161361, 0.12370007413880224, 0.1842871080498456, 0.16863010104629939, 1]

Score=0.00207649741257
[-0.0092229385536835469, 0.00062049089402682817, 0.049710353713321304, 1.5488282529346504, 1.501286699372816, 1.6, 1.5010730299949195, 1.4182807322811917, 1.5139897997690208, 0.269661703081723, 0.8906693322161361, 0.12370007413880224, 0.1842871080498456, 0.16863010104629939, 1]

Score=0.00447345069766
[-0.0092229385536835469, 0.00062049089402682817, 0.049490872406278266, 1.5488282529346504, 1.501286699372816, 1.6, 1.5019405890178485, 1.4182807322811917, 1.5139897997690208, 0.269661703081723, 0.8906693322161361, 0.12370007413880224, 0.1842871080498456, 0.16863010104629939, 1]

Score=0.000737389621778
[-0.0092229385536835469, 0.00062049089402682817, 0.049710353713321304, 1.5372325267204157, 1.501286699372816, 1.6, 1.506090463942519, 1.4182807322811917, 1.5139897997690208, 0.269661703081723, 0.8906693322161361, 0.12370007413880224, 0.1842871080498456, 0.16863010104629939, 1]

Score=0.000756778491716
[-0.0092229385536835469, 0.00062049089402682817, 0.049710353713321304, 1.5488282529346504, 1.501286699372816, 1.6, 1.506090463942519, 1.4182807322811917, 1.5139897997690208, 0.269661703081723, 0.8906693322161361, 0.12370007413880224, 0.1842871080498456, 0.16863010104629939, 1]

Score=0.000976890335981
[-0.0092229385536835469, 0.00062049089402682817, 0.049710353713321304, 1.5372325267204157, 1.501286699372816, 1.5913510719464801, 1.506090463942519, 1.4182807322811917, 1.5139897997690208, 0.269661703081723, 0.8906693322161361, 0.12370007413880224, 0.1842871080498456, 0.16863010104629939, 1]

Score=0.000169935945999
[-0.0075275312106563366, 0.00062049089402682817, 0.049710353713321304, 1.5372325267204157, 1.501286699372816, 1.6, 1.506090463942519, 1.4182807322811917, 1.5139897997690208, 0.269661703081723, 0.8906693322161361, 0.12370007413880224, 0.1842871080498456, 0.16863010104629939, 1]

Score=0.00046542784098
[-0.0092229385536835469, 0.00062049089402682817, 0.049710353713321304, 1.5372325267204157, 1.501286699372816, 1.6, 1.506090463942519, 1.4182807322811917, 1.5139897997690208, 0.269661703081723, 0.8906693322161361, 0.12370007413880224, 0.1842871080498456, 0.16863010104629939, 1]

Score=0.178215338215
[-0.0092229385536835469, -0.00019954689685214115, 0.049710353713321304, 1.5372325267204157, 1.501286699372816, 1.6, 1.506090463942519, 1.4182807322811917, 1.5139897997690208, 0.269661703081723, 1, 0.12370007413880224, 0.1842871080498456, 0.16863010104629939, 1]

Score=0.0440650531943
[-0.0075275312106563366, 0.00062049089402682817, 0.049710353713321304, 1.5372325267204157, 1.501286699372816, 1.6, 1.506090463942519, 1.4182807322811917, 1.5139897997690208, 0.269661703081723, 0.8906693322161361, 0.12370007413880224, 0.1842871080498456, 0.16863010104629939, 1]

Score=0.00049016351224
[-0.0092229385536835469, 0.00062049089402682817, 0.049710353713321304, 1.5372325267204157, 1.501286699372816, 1.5913510719464801, 1.506090463942519, 1.4182807322811917, 1.5139897997690208, 0.269661703081723, 0.8906693322161361, 0.12370007413880224, 0.1842871080498456, 0.16863010104629939, 1]

Score=0.00148089898923
[-0.0092229385536835469, 0.00062049089402682817, 0.050038367709278268, 1.5372325267204157, 1.501286699372816, 1.5913510719464801, 1.506090463942519, 1.4276611959777641, 1.5139897997690208, 0.269661703081723, 0.8906693322161361, 0.12370007413880224, 0.1842871080498456, 0.16863010104629939, 1]

Score=0.00128526217705
[-0.0092229385536835469, 0.00062049089402682817, 0.049710353713321304, 1.5372325267204157, 1.501286699372816, 1.6, 1.506090463942519, 1.4276611959777641, 1.5139897997690208, 0.269661703081723, 0.8906693322161361, 0.12370007413880224, 0.1842871080498456, 0.16863010104629939, 1]

Score=0.0062592809719
[-0.0092229385536835469, 0.00062049089402682817, 0.049710353713321304, 1.5372325267204157, 1.501286699372816, 1.6, 1.506090463942519, 1.4182807322811917, 1.5139897997690208, 0.269661703081723, 0.8906693322161361, 0.12370007413880224, 0.1842871080498456, 0.16863010104629939, 1]

Score=0.00126367434283
[-0.0092229385536835469, 0.00062049089402682817, 0.050176052304695358, 1.5372325267204157, 1.501286699372816, 1.6, 1.506090463942519, 1.4093173431415238, 1.5139897997690208, 0.269661703081723, 0.8906693322161361, 0.12370007413880224, 0.1842871080498456, 0.16863010104629939, 1]




Final Population
[-0.0092229385536835469, 0.00062049089402682817, 0.049710353713321304, 1.5372325267204157, 1.501286699372816, 1.5913510719464801, 1.506090463942519, 1.4093173431415238, 1.5139897997690208, 0.269661703081723, 0.8906693322161361, 0.12370007413880224, 0.1842871080498456, 0.16863010104629939, 1]
[-0.0092229385536835469, 0.00062049089402682817, 0.050038367709278268, 1.5372325267204157, 1.501286699372816, 1.5913510719464801, 1.506090463942519, 1.4093173431415238, 1.5028792016411299, 1, 0.8906693322161361, 0.12370007413880224, 0.1842871080498456, 0.16863010104629939, 1]
[-0.0092229385536835469, 0.00062049089402682817, 0.050038367709278268, 1.5372325267204157, 1.501286699372816, 1.6, 1.506090463942519, 1.4093173431415238, 1.5139897997690208, 0.269661703081723, 0.8906693322161361, 0.12370007413880224, 0.1842871080498456, 0.16863010104629939, 1]
[-0.0092229385536835469, 0.00062049089402682817, 0.050176052304695358, 1.5488282529346504, 1.501286699372816, 1.5913510719464801, 1.506090463942519, 1.4093173431415238, 1.5139897997690208, 0.269661703081723, 0.8906693322161361, 0.12370007413880224, 0.1842871080498456, 0.16863010104629939, 1]
[-0.0092229385536835469, 0.00062049089402682817, 0.049258699825694641, 1.5372325267204157, 1.501286699372816, 1.5913510719464801, 1.499052666647116, 1.4093173431415238, 1.5139897997690208, 0.269661703081723, 0.8906693322161361, 0.12370007413880224, 0.1842871080498456, 0.16863010104629939, 1]
[-0.0092229385536835469, 0.00062049089402682817, 0.050038367709278268, 1.5372325267204157, 1.501286699372816, 1.5913510719464801, 1.506090463942519, 1.4093173431415238, 1.5139897997690208, 0.269661703081723, 0.8906693322161361, 0.12370007413880224, 0.1842871080498456, 0.16863010104629939, 1]
[-0.0092229385536835469, 0.00062049089402682817, 0.049615087138809091, 1.5488282529346504, 1.501286699372816, 1.5913510719464801, 1.5019405890178485, 1.4093173431415238, 1.5028792016411299, 0.269661703081723, 1, 0.12370007413880224, 1, 0.16863010104629939, 1]
[-0.0092229385536835469, 0.00062049089402682817, 0.050038367709278268, 1.5488282529346504, 1.501286699372816, 1.5913510719464801, 1.5019405890178485, 1.4093173431415238, 1.5167912931815, 0.269661703081723, 0.8906693322161361, 0.12370007413880224, 0.1842871080498456, 0.16863010104629939, 1]
[-0.0092229385536835469, 0.00062049089402682817, 0.049615087138809091, 1.5488282529346504, 1.501286699372816, 1.5913510719464801, 1.5019405890178485, 1.4093173431415238, 1.5139897997690208, 0.269661703081723, 0.8906693322161361, 0.12370007413880224, 0.1842871080498456, 0.16863010104629939, 1]
[-0.0092229385536835469, 0.0011734172524887805, 0.049615087138809091, 1.5488282529346504, 1.501286699372816, 1.5913510719464801, 1.506090463942519, 1.4182807322811917, 1.5139897997690208, 0.269661703081723, 0.8906693322161361, 0.12370007413880224, 0.1842871080498456, 0.16863010104629939, 1]
[-0.0092229385536835469, 0.00062049089402682817, 0.049710353713321304, 1.5488282529346504, 1.501286699372816, 1.5913510719464801, 1.5019405890178485, 1.4182807322811917, 1.5139897997690208, 0.269661703081723, 0.8906693322161361, 0.12370007413880224, 0.1842871080498456, 0.16863010104629939, 1]
[-0.0092229385536835469, 0.00062049089402682817, 0.049615087138809091, 1.5488282529346504, 1.501286699372816, 1.5913510719464801, 1.5019405890178485, 1.4093173431415238, 1.5124871411952847, 0.269661703081723, 0.8906693322161361, 0.12370007413880224, 1, 0.16863010104629939, 1]
[-0.0092229385536835469, 0.00062049089402682817, 0.049615087138809091, 1.5488282529346504, 1.501286699372816, 1.5913510719464801, 1.5019405890178485, 1.4182807322811917, 1.5139897997690208, 0.269661703081723, 0.8906693322161361, 0.12370007413880224, 0.1842871080498456, 0.16863010104629939, 1]
[-0.0092229385536835469, 0.0011734172524887805, 0.049615087138809091, 1.5488282529346504, 1.501286699372816, 1.5913510719464801, 1.506090463942519, 1.4182807322811917, 1.5124871411952847, 0.269661703081723, 0.8906693322161361, 0.12370007413880224, 0.1842871080498456, 0.16863010104629939, 1]
[-0.0092229385536835469, -0.00019941135273088143, 0.050038367709278268, 1.5488282529346504, 1.501286699372816, 1.5913510719464801, 1.5019405890178485, 1.4182807322811917, 1.5139897997690208, 0.269661703081723, 0.8906693322161361, 0.12370007413880224, 0.1842871080498456, 0.16863010104629939, 1]
[-0.0092229385536835469, 0.00062049089402682817, 0.049710353713321304, 1.5372325267204157, 1.501286699372816, 1.5913510719464801, 1.506090463942519, 1.4182807322811917, 1.5139897997690208, 0.269661703081723, 0.8906693322161361, 0.12370007413880224, 0.1842871080498456, 0.16863010104629939, 1]
[-0.0092229385536835469, 0.00062049089402682817, 0.049710353713321304, 1.5488282529346504, 1.501286699372816, 1.6, 1.5010730299949195, 1.4182807322811917, 1.5139897997690208, 0.269661703081723, 0.8906693322161361, 0.12370007413880224, 0.1842871080498456, 0.16863010104629939, 1]
[-0.0092229385536835469, 0.00062049089402682817, 0.049490872406278266, 1.5488282529346504, 1.501286699372816, 1.6, 1.5019405890178485, 1.4182807322811917, 1.5139897997690208, 0.269661703081723, 0.8906693322161361, 0.12370007413880224, 0.1842871080498456, 0.16863010104629939, 1]
[-0.0092229385536835469, 0.00062049089402682817, 0.049710353713321304, 1.5372325267204157, 1.501286699372816, 1.6, 1.506090463942519, 1.4182807322811917, 1.5139897997690208, 0.269661703081723, 0.8906693322161361, 0.12370007413880224, 0.1842871080498456, 0.16863010104629939, 1]
[-0.0092229385536835469, 0.00062049089402682817, 0.049710353713321304, 1.5488282529346504, 1.501286699372816, 1.6, 1.506090463942519, 1.4182807322811917, 1.5139897997690208, 0.269661703081723, 0.8906693322161361, 0.12370007413880224, 0.1842871080498456, 0.16863010104629939, 1]
[-0.0092229385536835469, 0.00062049089402682817, 0.049710353713321304, 1.5372325267204157, 1.501286699372816, 1.5913510719464801, 1.506090463942519, 1.4182807322811917, 1.5139897997690208, 0.269661703081723, 0.8906693322161361, 0.12370007413880224, 0.1842871080498456, 0.16863010104629939, 1]
[-0.0075275312106563366, 0.00062049089402682817, 0.049710353713321304, 1.5372325267204157, 1.501286699372816, 1.6, 1.506090463942519, 1.4182807322811917, 1.5139897997690208, 0.269661703081723, 0.8906693322161361, 0.12370007413880224, 0.1842871080498456, 0.16863010104629939, 1]
[-0.0092229385536835469, 0.00062049089402682817, 0.049710353713321304, 1.5372325267204157, 1.501286699372816, 1.6, 1.506090463942519, 1.4182807322811917, 1.5139897997690208, 0.269661703081723, 0.8906693322161361, 0.12370007413880224, 0.1842871080498456, 0.16863010104629939, 1]
[-0.0092229385536835469, -0.00019954689685214115, 0.049710353713321304, 1.5372325267204157, 1.501286699372816, 1.6, 1.506090463942519, 1.4182807322811917, 1.5139897997690208, 0.269661703081723, 1, 0.12370007413880224, 0.1842871080498456, 0.16863010104629939, 1]
[-0.0075275312106563366, 0.00062049089402682817, 0.049710353713321304, 1.5372325267204157, 1.501286699372816, 1.6, 1.506090463942519, 1.4182807322811917, 1.5139897997690208, 0.269661703081723, 0.8906693322161361, 0.12370007413880224, 0.1842871080498456, 0.16863010104629939, 1]
[-0.0092229385536835469, 0.00062049089402682817, 0.049710353713321304, 1.5372325267204157, 1.501286699372816, 1.5913510719464801, 1.506090463942519, 1.4182807322811917, 1.5139897997690208, 0.269661703081723, 0.8906693322161361, 0.12370007413880224, 0.1842871080498456, 0.16863010104629939, 1]
[-0.0092229385536835469, 0.00062049089402682817, 0.050038367709278268, 1.5372325267204157, 1.501286699372816, 1.5913510719464801, 1.506090463942519, 1.4276611959777641, 1.5139897997690208, 0.269661703081723, 0.8906693322161361, 0.12370007413880224, 0.1842871080498456, 0.16863010104629939, 1]
[-0.0092229385536835469, 0.00062049089402682817, 0.049710353713321304, 1.5372325267204157, 1.501286699372816, 1.6, 1.506090463942519, 1.4276611959777641, 1.5139897997690208, 0.269661703081723, 0.8906693322161361, 0.12370007413880224, 0.1842871080498456, 0.16863010104629939, 1]
[-0.0092229385536835469, 0.00062049089402682817, 0.049710353713321304, 1.5372325267204157, 1.501286699372816, 1.6, 1.506090463942519, 1.4182807322811917, 1.5139897997690208, 0.269661703081723, 0.8906693322161361, 0.12370007413880224, 0.1842871080498456, 0.16863010104629939, 1]
[-0.0092229385536835469, 0.00062049089402682817, 0.050176052304695358, 1.5372325267204157, 1.501286699372816, 1.6, 1.506090463942519, 1.4093173431415238, 1.5139897997690208, 0.269661703081723, 0.8906693322161361, 0.12370007413880224, 0.1842871080498456, 0.16863010104629939, 1]
