Score=0.0863071774887
alpha=[0.004343275990773343, -0.002076034059394327, 0.08620592795819981]
beta=[1.590898188856933, 1.4213644335570137, 1.5528000518293992, 1.4063589744121467, 1.4755462676131321, 1.4719513347726654]
gamma=[1, 0.7193446437825367, 0.7011187360351514, 0.2980315496668592, 0.8716368238526924, 0.7502156871909021]

Score=0.0556695209846
alpha=[0.004343275990773343, -0.014386386063796802, -0.0041088148953756015]
beta=[1.4948659780391449, 1.4641403490155585, 1.5528000518293992, 1.4063589744121467, 1.4251860532438656, 1.5479626647038636]
gamma=[0.8516713683006494, 0.941844728931245, 0.5786167514805779, 0.16088502969273943, 0.8716368238526924, 0.7502156871909021]

Score=0.0889205066661
alpha=[0.004343275990773343, -0.014386386063796802, -0.0060105093805003229]
beta=[1.5573492739893182, 1.4641403490155585, 1.514299138200912, 1.4063589744121467, 1.546511657990925, 1.5479626647038636]
gamma=[0.8516713683006494, 0.941844728931245, 0.5176983238690251, 0.16088502969273943, 0.8716368238526924, 0.7502156871909021]

Score=0.0681842917734
alpha=[0.004343275990773343, -0.014386386063796802, -0.0041088148953756015]
beta=[1.5083890888866147, 1.5228623634685097, 1.5528000518293992, 1.4063589744121467, 1.4151633135748338, 1.5931864468943342]
gamma=[0.3506985121000077, 0.941844728931245, 0.6158184091961049, 0.16088502969273943, 0.8716368238526924, 0.7502156871909021]

Score=0.0843085480567
alpha=[0.004343275990773343, -0.014386386063796802, -0.0041088148953756015]
beta=[1.5083890888866147, 1.4641403490155585, 1.5528000518293992, 1.4063589744121467, 1.4151633135748338, 1.5931864468943342]
gamma=[0.3506985121000077, 0.941844728931245, 0.6158184091961049, 0.3314361432434896, 0.8716368238526924, 0.7502156871909021]

Score=0.0932297590796
alpha=[0.004343275990773343, -0.014386386063796802, -0.0041088148953756015]
beta=[1.5573492739893182, 1.4497625972702237, 1.514299138200912, 1.4063589744121467, 1.4251860532438656, 1.5479626647038636]
gamma=[0.8516713683006494, 0.941844728931245, 0.5176983238690251, 0.16088502969273943, 0.8716368238526924, 0.7502156871909021]

Score=0.097738352703
alpha=[0.004343275990773343, -0.014386386063796802, -0.0041088148953756015]
beta=[1.4948659780391449, 1.4641403490155585, 1.5528000518293992, 1.4063589744121467, 1.4251860532438656, 1.5479626647038636]
gamma=[0.8516713683006494, 0.941844728931245, 0.5786167514805779, 0.16088502969273943, 0.8716368238526924, 0.7502156871909021]

Score=0.0688535544041
alpha=[0.004343275990773343, -0.014386386063796802, -0.0041088148953756015]
beta=[1.4948659780391449, 1.4641403490155585, 1.5528000518293992, 1.4063589744121467, 1.4251860532438656, 1.5479626647038636]
gamma=[0.8516713683006494, 0.941844728931245, 0.5786167514805779, 0.16088502969273943, 0.8716368238526924, 0.7502156871909021]

Score=0.0774578094315
alpha=[0.04726954207615876, -0.07015516342583604, 0.05779644340812689]
beta=[1.445386084176127, 1.4471431873821146, 1.4960631929249386, 1.5499846211292467, 1.5690698425039018, 1.5803966044554318]
gamma=[0.06932146911054937, 0.0293997851832295, 0.0007841846810749953, 0.8231687512673664, 0.7949432972530169, 0.5581574556563289]

Score=0.0615022567801
alpha=[0.04726954207615876, -0.0626724486991615, 0.05779644340812689]
beta=[1.445386084176127, 1.4471431873821146, 1.4960631929249386, 1.5499846211292467, 1.4755462676131321, 1.5803966044554318]
gamma=[0.06932146911054937, 0.0293997851832295, 0.0007841846810749953, 0.8231687512673664, 0.7949432972530169, 0.5581574556563289]

Score=0.074653469242
alpha=[0.04726954207615876, -0.0026879055042767228, -0.0041088148953756015]
beta=[1.4853867679999266, 1.57251055021673, 1.4960631929249386, 1.4063589744121467, 1.4151633135748338, 1.5803966044554318]
gamma=[0.8516713683006494, 0.0293997851832295, 0.0007841846810749953, 0.8231687512673664, 0.3357494385702232, 0.5581574556563289]

Score=0.0907604021847
alpha=[0.004343275990773343, -0.07015516342583604, 0.05779644340812689]
beta=[1.445386084176127, 1.425945702526026, 1.4960631929249386, 1.5483062980960896, 1.5690698425039018, 1.5803966044554318]
gamma=[0.06932146911054937, 0.1345319170664795, 0.5786167514805779, 0.8231687512673664, 0.7949432972530169, 0.7502156871909021]

Score=0.0252871967292
alpha=[0.04726954207615876, -0.002076034059394327, 0.05779644340812689]
beta=[1.445386084176127, 1.4471431873821146, 1.4960631929249386, 1.5499846211292467, 1.5690698425039018, 1.5803966044554318]
gamma=[0.8516713683006494, 0.7193446437825367, 0.0007841846810749953, 0.16088502969273943, 0.8716368238526924, 0.7502156871909021]

Score=0.0931681393534
alpha=[0.004343275990773343, -0.014386386063796802, -0.0041088148953756015]
beta=[1.4948659780391449, 1.4641403490155585, 1.5528000518293992, 1.4063589744121467, 1.4251860532438656, 1.5479626647038636]
gamma=[0.8516713683006494, 0.941844728931245, 0.5786167514805779, 0.16088502969273943, 0.8716368238526924, 0.7502156871909021]

Score=0.063941627038
alpha=[0.004343275990773343, -0.002076034059394327, 0.05779644340812689]
beta=[1.4549880988472992, 1.425945702526026, 1.4960631929249386, 1.5483062980960896, 1.5690698425039018, 1.5803966044554318]
gamma=[0.06932146911054937, 0.1345319170664795, 0.0007841846810749953, 0.8231687512673664, 0.8716368238526924, 0.7502156871909021]

Score=0.0894374685207
alpha=[0.004343275990773343, -0.014386386063796802, -0.0048084215844730622]
beta=[1.4850762403722566, 1.4641403490155585, 1.5528000518293992, 1.4063589744121467, 1.4151633135748338, 1.5479626647038636]
gamma=[0.8516713683006494, 0.941844728931245, 0.6158184091961049, 0.3314361432434896, 0.8716368238526924, 0.7502156871909021]

Score=0.0935198840287
alpha=[0.004343275990773343, -0.002076034059394327, 0.05779644340812689]
beta=[1.5573492739893182, 1.4409251869389124, 1.5528000518293992, 1.4063589744121467, 1.5690698425039018, 1.5803966044554318]
gamma=[0.8516713683006494, 0.7193446437825367, 0.6158184091961049, 0.3314361432434896, 0.8716368238526924, 0.7502156871909021]

Score=0.0978701101166
alpha=[0.004343275990773343, -0.014386386063796802, -0.0041088148953756015]
beta=[1.4948659780391449, 1.57251055021673, 1.514299138200912, 1.4063589744121467, 1.4251860532438656, 1.5479626647038636]
gamma=[0.8516713683006494, 0.941844728931245, 0.5786167514805779, 0.3314361432434896, 0.8716368238526924, 0.7502156871909021]

Score=0.0872869480437
alpha=[0.04726954207615876, -0.0626724486991615, 0.05779644340812689]
beta=[1.445386084176127, 1.4471431873821146, 1.4960631929249386, 1.5499846211292467, 1.4755462676131321, 1.5803966044554318]
gamma=[0.06932146911054937, 0.0293997851832295, 0.0007841846810749953, 0.8231687512673664, 0.7949432972530169, 0.5581574556563289]

Score=0.0613974733799
alpha=[0.04726954207615876, -0.002076034059394327, 0.05779644340812689]
beta=[1.445386084176127, 1.4471431873821146, 1.4960631929249386, 1.5499846211292467, 1.5690698425039018, 1.5803966044554318]
gamma=[1, 0.7193446437825367, 0.0007841846810749953, 0.16088502969273943, 0.8716368238526924, 0.7502156871909021]

Score=0.0578401172195
alpha=[0.04726954207615876, -0.002076034059394327, 0.05779644340812689]
beta=[1.445386084176127, 1.4471431873821146, 1.4960631929249386, 1.5499846211292467, 1.5690698425039018, 1.5803966044554318]
gamma=[1, 0.7193446437825367, 0.0007841846810749953, 0.16088502969273943, 0.8716368238526924, 0.7502156871909021]

Score=0.0889172171962
alpha=[0.004343275990773343, -0.002076034059394327, 0.05779644340812689]
beta=[1.5573492739893182, 1.4409251869389124, 1.5528000518293992, 1.4063589744121467, 1.5690698425039018, 1.5803966044554318]
gamma=[0.8516713683006494, 0.7193446437825367, 1, 0.3314361432434896, 0.8716368238526924, 0.7502156871909021]

Score=0.0937076585931
alpha=[0.04726954207615876, -0.002076034059394327, 0.05779644340812689]
beta=[1.445386084176127, 1.4471431873821146, 1.4960631929249386, 1.5499846211292467, 1.5690698425039018, 1.5803966044554318]
gamma=[1, 0.7193446437825367, 0.0007841846810749953, 0.16088502969273943, 0.8716368238526924, 0.7502156871909021]

Score=0.0243617309704
alpha=[0.004343275990773343, -0.014386386063796802, -0.0041088148953756015]
beta=[1.4948659780391449, 1.4641403490155585, 1.5528000518293992, 1.4063589744121467, 1.4151633135748338, 1.5479626647038636]
gamma=[0.8516713683006494, 0.941844728931245, 0.5786167514805779, 0.3314361432434896, 0.8716368238526924, 0.7502156871909021]

Score=0.0942507312869
alpha=[0.04726954207615876, -0.0626724486991615, 0.05779644340812689]
beta=[1.445386084176127, 1.4471431873821146, 1.4960631929249386, 1.5499846211292467, 1.4755462676131321, 1.5803966044554318]
gamma=[0.06932146911054937, 0.0293997851832295, 0.0007841846810749953, 0.8231687512673664, 0.7949432972530169, 0.5581574556563289]

Score=0.0429617559484
alpha=[0.004343275990773343, -0.014386386063796802, -0.0041088148953756015]
beta=[1.4948659780391449, 1.4641403490155585, 1.5528000518293992, 1.4063589744121467, 1.4151633135748338, 1.5479626647038636]
gamma=[0.8516713683006494, 0.941844728931245, 0.5786167514805779, 0.3314361432434896, 0.8716368238526924, 0.7502156871909021]

Score=0.0952041519897
alpha=[0.04726954207615876, -0.0026879055042767228, -0.0041088148953756015]
beta=[1.445386084176127, 1.57251055021673, 1.4960631929249386, 1.4063589744121467, 1.4151633135748338, 1.5803966044554318]
gamma=[0.8516713683006494, 0.0293997851832295, 0.0007841846810749953, 0.16088502969273943, 0.8716368238526924, 0.5581574556563289]

Score=0.0754946147392
alpha=[0.04726954207615876, -0.002076034059394327, -0.0041088148953756015]
beta=[1.4361709977827248, 1.57251055021673, 1.4960631929249386, 1.4063589744121467, 1.4151633135748338, 1.5803966044554318]
gamma=[1, 0.0293997851832295, 0.0007841846810749953, 0.16088502969273943, 0.8716368238526924, 0.5581574556563289]

Score=0.0789220772318
alpha=[0.04726954207615876, -0.002076034059394327, 0.05779644340812689]
beta=[1.445386084176127, 1.4471431873821146, 1.4960631929249386, 1.5499846211292467, 1.5690698425039018, 1.5803966044554318]
gamma=[1, 0.7193446437825367, 0.0007841846810749953, 0.16088502969273943, 0.8716368238526924, 0.7502156871909021]

Score=0.0577042690715
alpha=[0.004343275990773343, -0.014386386063796802, -0.0041088148953756015]
beta=[1.445386084176127, 1.57251055021673, 1.5528000518293992, 1.4063589744121467, 1.4151633135748338, 1.5479626647038636]
gamma=[0.8516713683006494, 0.941844728931245, 0.5786167514805779, 0.16088502969273943, 0.8716368238526924, 0.7502156871909021]

Score=0.0761210553322
alpha=[0.004343275990773343, -0.014386386063796802, -0.0041088148953756015]
beta=[1.445386084176127, 1.4610714752479881, 1.551185333045435, 1.4012099408426046, 1.4151633135748338, 1.5803966044554318]
gamma=[0.8516713683006494, 0.941844728931245, 0.5786167514805779, 0.3314361432434896, 0.8716368238526924, 0.7502156871909021]

Score=0.0828508370933
alpha=[0.004343275990773343, -0.014386386063796802, -0.0041088148953756015]
beta=[1.445386084176127, 1.4641403490155585, 1.551185333045435, 1.4012099408426046, 1.4151633135748338, 1.5479626647038636]
gamma=[0.8516713683006494, 1, 0.5786167514805779, 0.16088502969273943, 0.8716368238526924, 0.7502156871909021]

Score=0.0615942504096
alpha=[0.004343275990773343, -0.014386386063796802, -0.0041088148953756015]
beta=[1.4948659780391449, 1.4641403490155585, 1.5528000518293992, 1.4063589744121467, 1.4151633135748338, 1.5479626647038636]
gamma=[0.8516713683006494, 0.941844728931245, 0.5786167514805779, 0.3314361432434896, 0.8716368238526924, 0.7502156871909021]

Score=0.016059580456
alpha=[0.004343275990773343, -0.014386386063796802, -0.0041088148953756015]
beta=[1.4948659780391449, 1.4641403490155585, 1.551185333045435, 1.4063589744121467, 1.4151633135748338, 1.5803966044554318]
gamma=[0.8516713683006494, 0.941844728931245, 0.5786167514805779, 0.3314361432434896, 0.8716368238526924, 0.7502156871909021]

Score=0.0768766061959
alpha=[0.004343275990773343, -0.014386386063796802, -0.0041088148953756015]
beta=[1.4948659780391449, 1.4641403490155585, 1.5528000518293992, 1.4063589744121467, 1.4151633135748338, 1.5479626647038636]
gamma=[0.8516713683006494, 0.941844728931245, 0.5786167514805779, 0.3314361432434896, 0.8716368238526924, 0.7502156871909021]

Score=0.022023081411
alpha=[0.004343275990773343, -0.014386386063796802, -0.0041088148953756015]
beta=[1.4948659780391449, 1.4641403490155585, 1.5528000518293992, 1.4012099408426046, 1.4151633135748338, 1.5803966044554318]
gamma=[0.8516713683006494, 0.941844728931245, 0.5786167514805779, 1, 0.8716368238526924, 0.7502156871909021]

Score=0.0829958378244
alpha=[0.004343275990773343, -0.0026879055042767228, 0.05779644340812689]
beta=[1.445386084176127, 1.4471431873821146, 1.4960631929249386, 1.5499846211292467, 1.4145633396686321, 1.59206728378564]
gamma=[1, 0.7193446437825367, 0.0007841846810749953, 0.16088502969273943, 0.8716368238526924, 0.5581574556563289]

Score=0.0683088738013
alpha=[0.004343275990773343, -0.014386386063796802, -0.0041088148953756015]
beta=[1.4948659780391449, 1.4641403490155585, 1.5528000518293992, 1.4063589744121467, 1.4151633135748338, 1.5479626647038636]
gamma=[0.8516713683006494, 0.941844728931245, 0.5786167514805779, 0.3314361432434896, 1, 0.7502156871909021]

Score=0.0877097770079
alpha=[0.04726954207615876, -0.0626724486991615, 0.05779644340812689]
beta=[1.445386084176127, 1.4471431873821146, 1.4960631929249386, 1.5499846211292467, 1.4755462676131321, 1.5803966044554318]
gamma=[0.06932146911054937, 0.0293997851832295, 0.0007841846810749953, 0.8231687512673664, 0.7949432972530169, 0.5581574556563289]

Score=0.066349532387
alpha=[0.04726954207615876, -0.002076034059394327, 0.05779644340812689]
beta=[1.445386084176127, 1.4548747965153408, 1.4960631929249386, 1.5499846211292467, 1.4151633135748338, 1.59206728378564]
gamma=[1, 0.7193446437825367, 0.0007841846810749953, 0.16088502969273943, 0.8716368238526924, 0.7502156871909021]

Score=0.0407948809709
alpha=[0.04726954207615876, -0.002076034059394327, 0.05779644340812689]
beta=[1.445386084176127, 1.4471431873821146, 1.4960631929249386, 1.5499846211292467, 1.5690698425039018, 1.5803966044554318]
gamma=[1, 0.7193446437825367, 0.0007841846810749953, 0.16088502969273943, 0.8716368238526924, 0.7502156871909021]

Score=0.0913570016032
alpha=[0.04726954207615876, -0.0026879055042767228, -0.0041088148953756015]
beta=[1.445386084176127, 1.4471431873821146, 1.4960631929249386, 1.5499846211292467, 1.4151633135748338, 1.5803966044554318]
gamma=[1, 0.0293997851832295, 0.0007841846810749953, 0.16088502969273943, 0.7949432972530169, 0.5581574556563289]

Score=0.0618492988219
alpha=[0.04726954207615876, -0.002076034059394327, 0.05779644340812689]
beta=[1.445386084176127, 1.4548747965153408, 1.4960631929249386, 1.5499846211292467, 1.5690698425039018, 1.5803966044554318]
gamma=[1, 0.7193446437825367, 0.0007841846810749953, 0.16088502969273943, 0.8716368238526924, 0.7502156871909021]

Score=0.0913024546432
alpha=[0.004343275990773343, -0.014386386063796802, -0.0052739590341754055]
beta=[1.4948659780391449, 1.4641403490155585, 1.5528000518293992, 1.4063589744121467, 1.4151633135748338, 1.5803966044554318]
gamma=[0.8516713683006494, 0.941844728931245, 0.5786167514805779, 0.3314361432434896, 0.8716368238526924, 0.7502156871909021]

Score=0.0653213763887
alpha=[0.004343275990773343, -0.014386386063796802, -0.0057791489937573312]
beta=[1.445386084176127, 1.4471431873821146, 1.5499464781123302, 1.4063589744121467, 1.4151633135748338, 1.5479626647038636]
gamma=[0.8516713683006494, 0.941844728931245, 1, 1, 0.8716368238526924, 0.7502156871909021]

Score=0.0266498666582
alpha=[0.004343275990773343, -0.014386386063796802, -0.0041088148953756015]
beta=[1.4948659780391449, 1.4641403490155585, 1.551185333045435, 1.4063589744121467, 1.4151633135748338, 1.5479626647038636]
gamma=[0.8516713683006494, 0.941844728931245, 0.5786167514805779, 0.3314361432434896, 0.8716368238526924, 0.7502156871909021]

Score=0.0621962820949
alpha=[0.04726954207615876, -0.0026879055042767228, 0.05779644340812689]
beta=[1.445386084176127, 1.4548747965153408, 1.4960631929249386, 1.5499846211292467, 1.5690698425039018, 1.5803966044554318]
gamma=[1, 0.7193446437825367, 0.0007841846810749953, 0.16088502969273943, 0.7949432972530169, 0.5581574556563289]

Score=0.0522629583524
alpha=[0.04726954207615876, -0.002076034059394327, -0.0041088148953756015]
beta=[1.445386084176127, 1.4548747965153408, 1.4960631929249386, 1.5499846211292467, 1.4151633135748338, 1.5803966044554318]
gamma=[1, 0.7193446437825367, 0.0007841846810749953, 0.16088502969273943, 0.7949432972530169, 0.5581574556563289]

Score=0.0961954978102
alpha=[0.04726954207615876, -0.0626724486991615, 0.05779644340812689]
beta=[1.445386084176127, 1.4471431873821146, 1.4960631929249386, 1.5499846211292467, 1.4755462676131321, 1.5803966044554318]
gamma=[0.06932146911054937, 0.0293997851832295, 0.0007841846810749953, 0.8231687512673664, 0.7949432972530169, 0.5581574556563289]

Score=0.0645691671523
alpha=[0.004343275990773343, -0.014386386063796802, -0.0041088148953756015]
beta=[1.445386084176127, 1.4641403490155585, 1.5528000518293992, 1.4063589744121467, 1.4151633135748338, 1.5803966044554318]
gamma=[0.8516713683006494, 0.941844728931245, 0.5786167514805779, 1, 0.8716368238526924, 0.7502156871909021]

Score=0.0961167197724
alpha=[0.004343275990773343, -0.014386386063796802, -0.0041088148953756015]
beta=[1.4948659780391449, 1.4641403490155585, 1.551185333045435, 1.4012099408426046, 1.4151633135748338, 1.5803966044554318]
gamma=[0.8516713683006494, 0.941844728931245, 0.5786167514805779, 0.3314361432434896, 0.8716368238526924, 0.7502156871909021]

Score=0.0426173010559
alpha=[0.04726954207615876, -0.002076034059394327, -0.0041088148953756015]
beta=[1.445386084176127, 1.4471431873821146, 1.4960631929249386, 1.5499846211292467, 1.4151633135748338, 1.5803966044554318]
gamma=[1, 0.7193446437825367, 0.0007841846810749953, 0.16088502969273943, 0.8716368238526924, 0.5581574556563289]

Score=0.0927954174339
alpha=[0.004343275990773343, -0.014386386063796802, -0.0041088148953756015]
beta=[1.4948659780391449, 1.4641403490155585, 1.551185333045435, 1.4063589744121467, 1.4151633135748338, 1.5803966044554318]
gamma=[0.8516713683006494, 0.941844728931245, 0.5786167514805779, 1, 0.8716368238526924, 0.7502156871909021]

Score=0.0286003057132
alpha=[0.004343275990773343, -0.014386386063796802, -0.0041088148953756015]
beta=[1.4948659780391449, 1.4641403490155585, 1.551185333045435, 1.4063589744121467, 1.4151633135748338, 1.5803966044554318]
gamma=[0.8516713683006494, 0.941844728931245, 0.5786167514805779, 0.3314361432434896, 0.8716368238526924, 0.7502156871909021]

Score=0.0898303150966
alpha=[0.004343275990773343, -0.014386386063796802, -0.0041088148953756015]
beta=[1.4948659780391449, 1.4641403490155585, 1.5528000518293992, 1.4063589744121467, 1.4151633135748338, 1.5479626647038636]
gamma=[0.8516713683006494, 0.941844728931245, 0.5786167514805779, 0.3314361432434896, 0.8716368238526924, 0.7502156871909021]

Score=0.0808375130325
alpha=[0.04726954207615876, -0.002076034059394327, 0.05779644340812689]
beta=[1.445386084176127, 1.4471431873821146, 1.4960631929249386, 1.5499846211292467, 1.5690698425039018, 1.5803966044554318]
gamma=[1, 0.7193446437825367, 0.0007841846810749953, 0.16088502969273943, 0.8716368238526924, 0.5581574556563289]

Score=0.00671532127153
alpha=[0.04726954207615876, -0.002076034059394327, 0.05779644340812689]
beta=[1.445386084176127, 1.4471431873821146, 1.4960631929249386, 1.5499846211292467, 1.5690698425039018, 1.5803966044554318]
gamma=[1, 0.7193446437825367, 0.0007841846810749953, 0.16088502969273943, 0.8716368238526924, 0.5581574556563289]

Score=0.0801305562583
alpha=[0.004343275990773343, -0.014386386063796802, -0.0041088148953756015]
beta=[1.4948659780391449, 1.4641403490155585, 1.551185333045435, 1.4063589744121467, 1.4151633135748338, 1.5479626647038636]
gamma=[0.8516713683006494, 0.941844728931245, 0.5786167514805779, 0.3314361432434896, 0.8716368238526924, 0.7502156871909021]

Score=0.0570506811051
alpha=[0.004343275990773343, -0.014386386063796802, -0.0041088148953756015]
beta=[1.4948659780391449, 1.4641403490155585, 1.551185333045435, 1.4063589744121467, 1.4151633135748338, 1.5803966044554318]
gamma=[0.8516713683006494, 0.941844728931245, 0.5786167514805779, 0.3314361432434896, 0.8716368238526924, 0.7502156871909021]

Score=0.0799547477858
alpha=[0.04726954207615876, -0.002076034059394327, 0.05779644340812689]
beta=[1.445386084176127, 1.4471431873821146, 1.4960631929249386, 1.5499846211292467, 1.5690698425039018, 1.5803966044554318]
gamma=[1, 0.1345319170664795, 0.0007841846810749953, 0.16088502969273943, 0.7949432972530169, 0.5581574556563289]

Score=0.0978962804435
alpha=[0.04726954207615876, -0.002076034059394327, -0.0041088148953756015]
beta=[1.445386084176127, 1.4471431873821146, 1.4960631929249386, 1.5499846211292467, 1.4151633135748338, 1.5803966044554318]
gamma=[1, 0.7193446437825367, 0.0007841846810749953, 0.16088502969273943, 0.8716368238526924, 0.5581574556563289]

Score=0.0413997603637
alpha=[0.04726954207615876, -0.0026879055042767228, 0.05779644340812689]
beta=[1.445386084176127, 1.4471431873821146, 1.4960631929249386, 1.5499846211292467, 1.5690698425039018, 1.5803966044554318]
gamma=[1, 0.7193446437825367, 0.0007841846810749953, 0.16088502969273943, 0.8716368238526924, 0.5581574556563289]

Score=0.0831774971173
alpha=[0.004343275990773343, -0.002076034059394327, 0.05779644340812689]
beta=[1.4948659780391449, 1.4471431873821146, 1.4960631929249386, 1.4063589744121467, 1.5690698425039018, 1.5803966044554318]
gamma=[1, 0.0293997851832295, 0.0007841846810749953, 0.16088502969273943, 0.7949432972530169, 0.5581574556563289]

Score=0.0757807085632
alpha=[0.04726954207615876, -0.002076034059394327, -0.0041088148953756015]
beta=[1.445386084176127, 1.4471431873821146, 1.4960631929249386, 1.5499846211292467, 1.4151633135748338, 1.5803966044554318]
gamma=[1, 0.7193446437825367, 0.0007841846810749953, 0.16088502969273943, 0.8716368238526924, 0.5581574556563289]

Score=0.0851623992651
alpha=[0.04726954207615876, -0.002076034059394327, 0.05779644340812689]
beta=[1.445386084176127, 1.4471431873821146, 1.4960631929249386, 1.5499846211292467, 1.5690698425039018, 1.5803966044554318]
gamma=[1, 0.7193446437825367, 0.0007841846810749953, 0.16088502969273943, 0.8716368238526924, 0.5581574556563289]

Score=0.096656795689
alpha=[0.004343275990773343, -0.014386386063796802, -0.0041088148953756015]
beta=[1.4948659780391449, 1.4688302056309475, 1.551185333045435, 1.4117386460715278, 1.4216985641741806, 1.5803966044554318]
gamma=[0.8516713683006494, 0.941844728931245, 0.5786167514805779, 0.3314361432434896, 0.8716368238526924, 0.7502156871909021]

Score=0.0599341393783
alpha=[0.004343275990773343, -0.014386386063796802, -0.0041088148953756015]
beta=[1.4948659780391449, 1.4641403490155585, 1.5528000518293992, 1.4063589744121467, 1.4151633135748338, 1.5479626647038636]
gamma=[0.8516713683006494, 0.941844728931245, 0.5786167514805779, 0.3314361432434896, 0.8716368238526924, 0.7502156871909021]

Score=0.0911871068669
alpha=[0.004343275990773343, -0.014386386063796802, -0.0041088148953756015]
beta=[1.445386084176127, 1.4641403490155585, 1.5499464781123302, 1.4063589744121467, 1.4151633135748338, 1.5779059742198012]
gamma=[0.8516713683006494, 0.941844728931245, 0.5786167514805779, 1, 0.8716368238526924, 0.7502156871909021]

Score=0.0655883151148
alpha=[0.004343275990773343, -0.014386386063796802, -0.0041088148953756015]
beta=[1.4948659780391449, 1.4641403490155585, 1.551185333045435, 1.4063589744121467, 1.4151633135748338, 1.5479626647038636]
gamma=[0.8516713683006494, 0.941844728931245, 0.5786167514805779, 0.3314361432434896, 0.8716368238526924, 0.7502156871909021]

Score=0.0939525640751
alpha=[0.004343275990773343, -0.014386386063796802, -0.0041088148953756015]
beta=[1.4948659780391449, 1.4641403490155585, 1.551185333045435, 1.4063589744121467, 1.4151633135748338, 1.5803966044554318]
gamma=[0.8516713683006494, 0.941844728931245, 0.5786167514805779, 0.3314361432434896, 0.8716368238526924, 0.7502156871909021]

Score=0.050830446289
alpha=[0.004343275990773343, -0.014386386063796802, -0.0041088148953756015]
beta=[1.4948659780391449, 1.4641403490155585, 1.5528000518293992, 1.4063589744121467, 1.4151633135748338, 1.5803966044554318]
gamma=[0.8516713683006494, 0.941844728931245, 0.5786167514805779, 1, 0.8716368238526924, 0.7502156871909021]

Score=0.0985655643442
alpha=[0.04726954207615876, -0.002076034059394327, -0.0041088148953756015]
beta=[1.445386084176127, 1.4471431873821146, 1.4960631929249386, 1.5499846211292467, 1.5690698425039018, 1.5803966044554318]
gamma=[1, 0.7193446437825367, 0.0007841846810749953, 0.16088502969273943, 0.8716368238526924, 0.5581574556563289]

Score=0.0334500343718
alpha=[0.004343275990773343, -0.014386386063796802, -0.0036926557866636314]
beta=[1.4948659780391449, 1.4641403490155585, 1.551185333045435, 1.4063589744121467, 1.4151633135748338, 1.5803966044554318]
gamma=[0.8516713683006494, 0.941844728931245, 0.5786167514805779, 0.3314361432434896, 0.8716368238526924, 0.7502156871909021]

Score=0.0173654520648
alpha=[0.004343275990773343, -0.014386386063796802, -0.0041088148953756015]
beta=[1.4865309198784058, 1.4641403490155585, 1.551185333045435, 1.4063589744121467, 1.4151633135748338, 1.5803966044554318]
gamma=[0.8516713683006494, 0.941844728931245, 0.5786167514805779, 0.3314361432434896, 0.8716368238526924, 0.7502156871909021]

Score=0.0712438093187
alpha=[0.004343275990773343, -0.014386386063796802, -0.0041088148953756015]
beta=[1.4948659780391449, 1.4641403490155585, 1.551185333045435, 1.4063589744121467, 1.4151633135748338, 1.5803966044554318]
gamma=[0.8516713683006494, 0.941844728931245, 0.5786167514805779, 0.3314361432434896, 0.8716368238526924, 0.7502156871909021]

Score=0.0924181522614
alpha=[0.004343275990773343, -0.014386386063796802, -0.0036926557866636314]
beta=[1.4948659780391449, 1.4641403490155585, 1.551185333045435, 1.4063589744121467, 1.4151633135748338, 1.5803966044554318]
gamma=[0.8516713683006494, 0.941844728931245, 0.5786167514805779, 0.3314361432434896, 0.8716368238526924, 0.7502156871909021]

Score=0.0798614123631
alpha=[0.004343275990773343, -0.014386386063796802, -0.0036926557866636314]
beta=[1.4948659780391449, 1.4641403490155585, 1.551185333045435, 1.4063589744121467, 1.4151633135748338, 1.5803966044554318]
gamma=[0.8516713683006494, 0.941844728931245, 0.5786167514805779, 0.3314361432434896, 0.8716368238526924, 0.7502156871909021]

Score=0.0353480680477
alpha=[0.04726954207615876, -0.002076034059394327, 0.05779644340812689]
beta=[1.445386084176127, 1.4471431873821146, 1.4960631929249386, 1.5499846211292467, 1.5690698425039018, 1.5803966044554318]
gamma=[1, 0.7193446437825367, 0.0007841846810749953, 0.16088502969273943, 0.8716368238526924, 0.5581574556563289]

Score=0.0342696167167
alpha=[0.04726954207615876, -0.002076034059394327, 0.05779644340812689]
beta=[1.445386084176127, 1.4471431873821146, 1.4960631929249386, 1.5499846211292467, 1.5690698425039018, 1.5803966044554318]
gamma=[1, 0.7193446437825367, 0.0007841846810749953, 0.16088502969273943, 0.8716368238526924, 0.5581574556563289]

Score=0.0125623143599
alpha=[0.04726954207615876, -0.002076034059394327, 0.05779644340812689]
beta=[1.445386084176127, 1.4471431873821146, 1.4960631929249386, 1.5499846211292467, 1.5690698425039018, 1.5803966044554318]
gamma=[1, 0.7193446437825367, 0.0007841846810749953, 0.16088502969273943, 0.8716368238526924, 0.5581574556563289]

Score=0.0965264431364
alpha=[0.004343275990773343, -0.014386386063796802, -0.0041088148953756015]
beta=[1.4948659780391449, 1.4641403490155585, 1.5499464781123302, 1.4063589744121467, 1.4151633135748338, 1.6]
gamma=[0.8516713683006494, 0.941844728931245, 0.5786167514805779, 1, 0.8716368238526924, 0.7502156871909021]

Score=0.0695630445917
alpha=[0.004343275990773343, -0.014386386063796802, -0.0041088148953756015]
beta=[1.4948659780391449, 1.4641403490155585, 1.5499464781123302, 1.4063589744121467, 1.4151633135748338, 1.6]
gamma=[0.8516713683006494, 0.941844728931245, 0.5786167514805779, 1, 0.8716368238526924, 0.7502156871909021]

Score=0.0684559832872
alpha=[0.004343275990773343, -0.014386386063796802, -0.0036926557866636314]
beta=[1.4948659780391449, 1.4641403490155585, 1.5528000518293992, 1.4063589744121467, 1.4151633135748338, 1.5803966044554318]
gamma=[0.8516713683006494, 0.941844728931245, 0.5786167514805779, 0.3314361432434896, 0.8716368238526924, 0.7502156871909021]

Score=0.0808611431939
alpha=[0.004343275990773343, -0.014386386063796802, -0.0041088148953756015]
beta=[1.4948659780391449, 1.4641403490155585, 1.5499464781123302, 1.4063589744121467, 1.4151633135748338, 1.5803966044554318]
gamma=[0.8516713683006494, 0.941844728931245, 0.5786167514805779, 0.3314361432434896, 0.8716368238526924, 0.7502156871909021]

Score=0.0548898864322
alpha=[0.04726954207615876, -0.0026879055042767228, 0.05779644340812689]
beta=[1.4619831869192157, 1.4476490159538082, 1.4960631929249386, 1.5499846211292467, 1.4151633135748338, 1.5803966044554318]
gamma=[1, 0.7193446437825367, 0.0007841846810749953, 0.16088502969273943, 0.8716368238526924, 0.5581574556563289]

Score=0.0683573870452
alpha=[0.004343275990773343, -0.014386386063796802, -0.0041088148953756015]
beta=[1.4948659780391449, 1.4641403490155585, 1.5528000518293992, 1.4063589744121467, 1.4151633135748338, 1.5803966044554318]
gamma=[0.8516713683006494, 0.941844728931245, 0.5786167514805779, 1, 0.8716368238526924, 0.7502156871909021]

Score=0.0526002037098
alpha=[0.04726954207615876, -0.002076034059394327, 0.05779644340812689]
beta=[1.445386084176127, 1.4471431873821146, 1.4960631929249386, 1.5499846211292467, 1.5690698425039018, 1.5803966044554318]
gamma=[1, 0.0293997851832295, 0.0007841846810749953, 0.16088502969273943, 0.8716368238526924, 0.5581574556563289]

Score=0.0996706917247
alpha=[0.004343275990773343, -0.014386386063796802, -0.0041088148953756015]
beta=[1.4948659780391449, 1.4641403490155585, 1.5528000518293992, 1.4063589744121467, 1.4151633135748338, 1.5803966044554318]
gamma=[0.8516713683006494, 0.941844728931245, 0.5786167514805779, 1, 0.8716368238526924, 0.7502156871909021]

Score=0.096569517792
alpha=[0.004343275990773343, -0.014386386063796802, -0.0036926557866636314]
beta=[1.4948659780391449, 1.4641403490155585, 1.551185333045435, 1.4063589744121467, 1.4151633135748338, 1.5803966044554318]
gamma=[0.8516713683006494, 0.941844728931245, 0.5786167514805779, 0.3314361432434896, 0.8716368238526924, 0.7502156871909021]

Score=0.0711190051139
alpha=[0.004343275990773343, -0.014386386063796802, -0.0041088148953756015]
beta=[1.445386084176127, 1.4641403490155585, 1.5499464781123302, 1.4063589744121467, 1.4151633135748338, 1.5779059742198012]
gamma=[0.8516713683006494, 0.941844728931245, 0.5786167514805779, 0.16088502969273943, 0.8716368238526924, 0.7502156871909021]

Score=0.0831010925721
alpha=[0.004343275990773343, -0.014386386063796802, -0.0041088148953756015]
beta=[1.4948659780391449, 1.4641403490155585, 1.551185333045435, 1.4063589744121467, 1.4151633135748338, 1.5803966044554318]
gamma=[0.8516713683006494, 0.941844728931245, 0.5786167514805779, 0.3314361432434896, 0.8716368238526924, 0.7502156871909021]

Score=0.038049858091
alpha=[0.04726954207615876, -0.002076034059394327, 0.05779644340812689]
beta=[1.445386084176127, 1.4471431873821146, 1.4960631929249386, 1.5499846211292467, 1.5690698425039018, 1.5803966044554318]
gamma=[1, 0.1345319170664795, 0.0007841846810749953, 0.16088502969273943, 0.7949432972530169, 0.5581574556563289]

Score=0.0539702930242
alpha=[0.04726954207615876, -0.002076034059394327, 0.05779644340812689]
beta=[1.4619831869192157, 1.4471431873821146, 1.4960631929249386, 1.5499846211292467, 1.5690698425039018, 1.5803966044554318]
gamma=[1, 0.7193446437825367, 0.0007841846810749953, 0.16088502969273943, 1, 0.5581574556563289]

Score=0.0849859517157
alpha=[0.04726954207615876, -0.002076034059394327, 0.05779644340812689]
beta=[1.445386084176127, 1.4471431873821146, 1.4960631929249386, 1.5499846211292467, 1.5690698425039018, 1.5803966044554318]
gamma=[1, 0.1345319170664795, 0.0007841846810749953, 0.16088502969273943, 0.8716368238526924, 0.5581574556563289]

Score=0.0701894215123
alpha=[0.004343275990773343, -0.014386386063796802, -0.0041088148953756015]
beta=[1.445386084176127, 1.4641403490155585, 1.5499464781123302, 1.4063589744121467, 1.4151633135748338, 1.5779059742198012]
gamma=[0.8516713683006494, 0.941844728931245, 0.5786167514805779, 0.3314361432434896, 0.8716368238526924, 0.7502156871909021]

Score=0.0663911839462
alpha=[0.04726954207615876, -0.002076034059394327, 0.05779644340812689]
beta=[1.445386084176127, 1.4471431873821146, 1.4960631929249386, 1.5499846211292467, 1.5690698425039018, 1.5803966044554318]
gamma=[1, 0.7193446437825367, 0.0007841846810749953, 0.16088502969273943, 0.8716368238526924, 0.5581574556563289]

Score=0.0919320508656
alpha=[0.04726954207615876, -0.002076034059394327, 0.05779644340812689]
beta=[1.445386084176127, 1.4471431873821146, 1.4960631929249386, 1.5499846211292467, 1.5690698425039018, 1.5803966044554318]
gamma=[1, 0.1345319170664795, 0.0007841846810749953, 0.16088502969273943, 0.7949432972530169, 0.5581574556563289]

Score=0.0867458617876
alpha=[0.004343275990773343, -0.014386386063796802, -0.0041088148953756015]
beta=[1.4948659780391449, 1.4641403490155585, 1.551185333045435, 1.4063589744121467, 1.4151633135748338, 1.5803966044554318]
gamma=[0.8516713683006494, 0.941844728931245, 0.5786167514805779, 0.3314361432434896, 0.8716368238526924, 0.7502156871909021]

Score=0.0743978835262
alpha=[0.004343275990773343, -0.014386386063796802, -0.0036926557866636314]
beta=[1.4865309198784058, 1.4641403490155585, 1.551185333045435, 1.4063589744121467, 1.4151633135748338, 1.5803966044554318]
gamma=[0.8516713683006494, 0.941844728931245, 0.5786167514805779, 0.3314361432434896, 0.8716368238526924, 0.7502156871909021]

Score=0.0589985311587
alpha=[0.04726954207615876, -0.002076034059394327, 0.05779644340812689]
beta=[1.445386084176127, 1.4471431873821146, 1.4960631929249386, 1.4, 1.4151633135748338, 1.6]
gamma=[1, 0.7193446437825367, 0.0007841846810749953, 0.16088502969273943, 0.8716368238526924, 0.5581574556563289]

Score=0.0673996965102
alpha=[0.004343275990773343, -0.013746462469461825, -0.0036926557866636314]
beta=[1.4948659780391449, 1.4641403490155585, 1.551185333045435, 1.4063589744121467, 1.4151633135748338, 1.5803966044554318]
gamma=[0.8516713683006494, 0.941844728931245, 0.5786167514805779, 0.3314361432434896, 0.8716368238526924, 0.7502156871909021]

Score=0.0148737324047
alpha=[0.004343275990773343, -0.014386386063796802, -0.0041088148953756015]
beta=[1.4948659780391449, 1.4641403490155585, 1.5499464781123302, 1.4063589744121467, 1.4151633135748338, 1.6]
gamma=[0.8516713683006494, 0.941844728931245, 0.5786167514805779, 0.3314361432434896, 0.8716368238526924, 0.7502156871909021]

Score=0.0584952328774
alpha=[0.004343275990773343, -0.014386386063796802, -0.0041088148953756015]
beta=[1.4948659780391449, 1.4641403490155585, 1.551185333045435, 1.4063589744121467, 1.4151633135748338, 1.5803966044554318]
gamma=[0.8516713683006494, 0.941844728931245, 0.5786167514805779, 1, 0.8716368238526924, 0.7502156871909021]

Score=0.00317800428548
alpha=[0.04726954207615876, -0.002076034059394327, 0.05779644340812689]
beta=[1.445386084176127, 1.4471431873821146, 1.4960631929249386, 1.5499846211292467, 1.5690698425039018, 1.5803966044554318]
gamma=[1, 0.0293997851832295, 0.0007841846810749953, 0.16088502969273943, 0.8716368238526924, 0.5581574556563289]

Score=0.0703867133526
alpha=[0.004343275990773343, -0.012533911994589531, -0.0036926557866636314]
beta=[1.445386084176127, 1.4641403490155585, 1.551185333045435, 1.4063589744121467, 1.4151633135748338, 1.5779059742198012]
gamma=[0.8516713683006494, 0.941844728931245, 0.5786167514805779, 0.3314361432434896, 0.8716368238526924, 0.7502156871909021]

Score=0.0360739489952
alpha=[0.04726954207615876, -0.002076034059394327, 0.05779644340812689]
beta=[1.4619831869192157, 1.4471431873821146, 1.4960631929249386, 1.5499846211292467, 1.5690698425039018, 1.5803966044554318]
gamma=[1, 0.7193446437825367, 0.0007841846810749953, 0.16088502969273943, 0.8716368238526924, 0.5581574556563289]

Score=0.0985793201877
alpha=[0.004343275990773343, -0.014386386063796802, -0.0041088148953756015]
beta=[1.445386084176127, 1.4641403490155585, 1.5499464781123302, 1.4063589744121467, 1.4151633135748338, 1.5779059742198012]
gamma=[0.8516713683006494, 0.941844728931245, 0.5786167514805779, 0.3314361432434896, 0.8716368238526924, 0.7502156871909021]

Score=0.0129984737704
alpha=[0.004343275990773343, -0.014386386063796802, -0.0041088148953756015]
beta=[1.4948659780391449, 1.4641403490155585, 1.5499464781123302, 1.4063589744121467, 1.4151633135748338, 1.6]
gamma=[0.8516713683006494, 0.941844728931245, 0.5786167514805779, 0.3314361432434896, 0.8716368238526924, 0.7502156871909021]

Score=0.0584354747338
alpha=[0.04726954207615876, -0.0026879055042767228, 0.05779644340812689]
beta=[1.445386084176127, 1.4641403490155585, 1.4960631929249386, 1.5499846211292467, 1.5690698425039018, 1.5803966044554318]
gamma=[1, 0.7193446437825367, 0.0007841846810749953, 0.16088502969273943, 0.8716368238526924, 0.5581574556563289]

Score=0.0408556122089
alpha=[0.04726954207615876, -0.002076034059394327, 0.05779644340812689]
beta=[1.4619831869192157, 1.4471431873821146, 1.4960631929249386, 1.5499846211292467, 1.5690698425039018, 1.5803966044554318]
gamma=[1, 0.7193446437825367, 0.0007841846810749953, 0.16088502969273943, 0.8716368238526924, 0.5581574556563289]

Score=0.0440833970274
alpha=[0.004343275990773343, -0.014386386063796802, -0.0036926557866636314]
beta=[1.4948659780391449, 1.4641403490155585, 1.551185333045435, 1.4063589744121467, 1.4151633135748338, 1.5803966044554318]
gamma=[0.8516713683006494, 0.941844728931245, 0.5786167514805779, 0.3314361432434896, 0.8716368238526924, 0.7502156871909021]

Score=0.0614382058448
alpha=[0.004343275990773343, -0.014386386063796802, -0.0041088148953756015]
beta=[1.4948659780391449, 1.4641403490155585, 1.5499464781123302, 1.4063589744121467, 1.4151633135748338, 1.6]
gamma=[0.8516713683006494, 0.941844728931245, 0.5786167514805779, 0.3314361432434896, 0.8716368238526924, 0.7502156871909021]

Score=0.0541963697673
alpha=[0.04726954207615876, -0.002076034059394327, 0.05779644340812689]
beta=[1.445386084176127, 1.4471431873821146, 1.4960631929249386, 1.5499846211292467, 1.5690698425039018, 1.5803966044554318]
gamma=[1, 0.1345319170664795, 0.0007841846810749953, 0.16088502969273943, 0.7949432972530169, 0.5581574556563289]

Score=0.0589874299011
alpha=[0.04726954207615876, -0.0026879055042767228, 0.05779644340812689]
beta=[1.445386084176127, 1.4471431873821146, 1.4960631929249386, 1.5499846211292467, 1.5690698425039018, 1.5803966044554318]
gamma=[1, 0.7193446437825367, 0.0007841846810749953, 0.16088502969273943, 0.8716368238526924, 0.5581574556563289]

Score=0.0574346558673
alpha=[0.04726954207615876, -0.0026879055042767228, 0.05779644340812689]
beta=[1.445386084176127, 1.4641403490155585, 1.4960631929249386, 1.5499846211292467, 1.5690698425039018, 1.5803966044554318]
gamma=[1, 0.7193446437825367, 0.0007841846810749953, 0.16088502969273943, 0.8716368238526924, 0.5581574556563289]

Score=0.0618652061944
alpha=[0.004343275990773343, -0.014386386063796802, -0.0041088148953756015]
beta=[1.4948659780391449, 1.4641403490155585, 1.551185333045435, 1.4063589744121467, 1.4151633135748338, 1.6]
gamma=[0.8516713683006494, 0.941844728931245, 0.5786167514805779, 0.3314361432434896, 0.8716368238526924, 0.7502156871909021]

Score=0.0672418386379
alpha=[0.04726954207615876, -0.014386386063796802, -0.0041088148953756015]
beta=[1.4948659780391449, 1.4641403490155585, 1.5499464781123302, 1.4063589744121467, 1.4151633135748338, 1.6]
gamma=[1, 0.941844728931245, 0.0007841846810749953, 0.16088502969273943, 0.8716368238526924, 0.7502156871909021]

Score=0.0834250223381
alpha=[0.04726954207615876, -0.002076034059394327, 0.05779644340812689]
beta=[1.4619831869192157, 1.4471431873821146, 1.4960631929249386, 1.5499846211292467, 1.5690698425039018, 1.6]
gamma=[1, 0.7193446437825367, 0.0007841846810749953, 0.16088502969273943, 0.8716368238526924, 0.5581574556563289]

Score=0.0474446405377
alpha=[0.04726954207615876, -0.0026879055042767228, 0.05779644340812689]
beta=[1.445386084176127, 1.4471431873821146, 1.4960631929249386, 1.4063589744121467, 1.5690698425039018, 1.5803966044554318]
gamma=[1, 0.7193446437825367, 0.0007841846810749953, 0.3314361432434896, 0.8716368238526924, 0.5581574556563289]

Score=0.00892689775814
alpha=[0.04726954207615876, -0.002076034059394327, 0.057258370644131244]
beta=[1.4619831869192157, 1.4471431873821146, 1.4960631929249386, 1.5499846211292467, 1.5690698425039018, 1.5803966044554318]
gamma=[1, 0.7193446437825367, 0.0007841846810749953, 0.16088502969273943, 0.8716368238526924, 0.5581574556563289]

Score=0.00436633192688
alpha=[0.04726954207615876, -0.002076034059394327, 0.057961871696665584]
beta=[1.445386084176127, 1.4471431873821146, 1.4960631929249386, 1.5499846211292467, 1.5690698425039018, 1.5803966044554318]
gamma=[1, 0.0293997851832295, 0.0007841846810749953, 0.16088502969273943, 0.8716368238526924, 0.5581574556563289]

Score=0.0866529038041
alpha=[0.04821729927217288, -0.0026879055042767228, 0.05779644340812689]
beta=[1.445386084176127, 1.4471431873821146, 1.4960631929249386, 1.5499846211292467, 1.5690698425039018, 1.5803966044554318]
gamma=[1, 0.0293997851832295, 0.0007841846810749953, 0.16088502969273943, 0.8716368238526924, 0.5581574556563289]

Score=0.030486509791
alpha=[0.04726954207615876, -0.0026879055042767228, 0.05779644340812689]
beta=[1.445386084176127, 1.4471431873821146, 1.4960631929249386, 1.5499846211292467, 1.5690698425039018, 1.5803966044554318]
gamma=[1, 0.0293997851832295, 0.0007841846810749953, 0.16088502969273943, 0.8716368238526924, 0.5581574556563289]

Score=0.0968359054443
alpha=[0.004343275990773343, -0.014386386063796802, -0.0041088148953756015]
beta=[1.4948659780391449, 1.4641403490155585, 1.551185333045435, 1.4063589744121467, 1.4151633135748338, 1.5779059742198012]
gamma=[0.8516713683006494, 0.941844728931245, 0.5786167514805779, 0.3314361432434896, 0.8716368238526924, 0.7502156871909021]

Score=0.0841569166643
alpha=[0.04726954207615876, -0.002076034059394327, 0.057961871696665584]
beta=[1.445386084176127, 1.4471431873821146, 1.4960631929249386, 1.5499846211292467, 1.5690698425039018, 1.5803966044554318]
gamma=[1, 0.7193446437825367, 0.0007841846810749953, 0.16088502969273943, 0.8716368238526924, 0.5581574556563289]

Score=0.0883265493452
alpha=[0.004343275990773343, -0.014386386063796802, -0.0041088148953756015]
beta=[1.4948659780391449, 1.4641403490155585, 1.5499464781123302, 1.4063589744121467, 1.4151633135748338, 1.6]
gamma=[0.8516713683006494, 0.941844728931245, 0.5786167514805779, 0.3314361432434896, 0.8716368238526924, 0.7502156871909021]

Score=0.0583900285818
alpha=[0.04726954207615876, -0.0026879055042767228, 0.057961871696665584]
beta=[1.445386084176127, 1.4402699032478949, 1.4960631929249386, 1.5499846211292467, 1.5690698425039018, 1.5803966044554318]
gamma=[1, 0.7193446437825367, 0.0007841846810749953, 0.16088502969273943, 0.8716368238526924, 0.5581574556563289]

Score=0.0849431111631
alpha=[0.004343275990773343, -0.015537098497507135, -0.0036926557866636314]
beta=[1.4865309198784058, 1.4641403490155585, 1.551185333045435, 1.4069898817975137, 1.4151633135748338, 1.6]
gamma=[0.8516713683006494, 0.941844728931245, 0.5786167514805779, 0.3314361432434896, 0.8716368238526924, 0.7502156871909021]

Score=0.0824551877461
alpha=[0.04726954207615876, -0.002076034059394327, 0.05779644340812689]
beta=[1.445386084176127, 1.4471431873821146, 1.4960631929249386, 1.5499846211292467, 1.5690698425039018, 1.5803966044554318]
gamma=[1, 0.1345319170664795, 0.0007841846810749953, 0.16088502969273943, 0.8716368238526924, 0.5581574556563289]

Score=0.0423574052057
alpha=[0.004343275990773343, -0.014386386063796802, -0.0036926557866636314]
beta=[1.4948659780391449, 1.4641403490155585, 1.551185333045435, 1.4063589744121467, 1.4151633135748338, 1.5779059742198012]
gamma=[0.8516713683006494, 0.941844728931245, 0.5786167514805779, 0.3314361432434896, 0.8716368238526924, 0.7502156871909021]

Score=0.0329857796425
alpha=[0.04726954207615876, -0.0026879055042767228, 0.05779644340812689]
beta=[1.445386084176127, 1.4471431873821146, 1.4960631929249386, 1.5499846211292467, 1.5690698425039018, 1.5803966044554318]
gamma=[1, 0.0293997851832295, 0.0007841846810749953, 0.16088502969273943, 0.8716368238526924, 0.5581574556563289]

Score=0.0894654413026
alpha=[0.04726954207615876, -0.002076034059394327, 0.057961871696665584]
beta=[1.445386084176127, 1.4471431873821146, 1.4960631929249386, 1.5499846211292467, 1.5690698425039018, 1.5803966044554318]
gamma=[1, 0.7193446437825367, 0.0007841846810749953, 0.16088502969273943, 0.8716368238526924, 0.5581574556563289]

Score=0.0618015233463
alpha=[0.04726954207615876, -0.002076034059394327, 0.05779644340812689]
beta=[1.445386084176127, 1.4471431873821146, 1.4960631929249386, 1.5499846211292467, 1.5690698425039018, 1.5803966044554318]
gamma=[1, 0.0293997851832295, 0.0007841846810749953, 0.16088502969273943, 0.8716368238526924, 0.5581574556563289]

Score=0.0588066658765
alpha=[0.004343275990773343, -0.014386386063796802, -0.0041088148953756015]
beta=[1.4948659780391449, 1.4641403490155585, 1.551185333045435, 1.4063589744121467, 1.4151633135748338, 1.6]
gamma=[0.8516713683006494, 0.941844728931245, 0.5786167514805779, 0.16088502969273943, 0.8716368238526924, 0.7502156871909021]

Score=0.0404248522454
alpha=[0.04726954207615876, -0.002076034059394327, 0.05779644340812689]
beta=[1.4619831869192157, 1.4471431873821146, 1.4960631929249386, 1.5499846211292467, 1.5690698425039018, 1.6]
gamma=[1, 0.7193446437825367, 0.0007841846810749953, 0.16088502969273943, 0.7949432972530169, 0.5581574556563289]

Score=0.0455301733973
alpha=[0.004343275990773343, -0.013746462469461825, -0.0036926557866636314]
beta=[1.4948659780391449, 1.4641403490155585, 1.551185333045435, 1.4063589744121467, 1.4151633135748338, 1.5803966044554318]
gamma=[0.8516713683006494, 0.941844728931245, 0.5786167514805779, 0.3314361432434896, 0.8716368238526924, 0.7502156871909021]

Score=0.084180835353
alpha=[0.004343275990773343, -0.002076034059394327, 0.05779644340812689]
beta=[1.445386084176127, 1.4471431873821146, 1.4960631929249386, 1.4063589744121467, 1.5690698425039018, 1.5803966044554318]
gamma=[1, 0.0293997851832295, 0.5786167514805779, 0.3314361432434896, 0.8716368238526924, 0.7502156871909021]

Score=0.0345287087288
alpha=[0.04726954207615876, -0.002076034059394327, 0.05779644340812689]
beta=[1.445386084176127, 1.4641403490155585, 1.4960631929249386, 1.5499846211292467, 1.5690698425039018, 1.5803966044554318]
gamma=[1, 0.7193446437825367, 0.0007841846810749953, 0.16088502969273943, 0.8716368238526924, 0.5581574556563289]

Score=0.0600675899568
alpha=[0.04726954207615876, -0.0026879055042767228, 0.05779644340812689]
beta=[1.4619831869192157, 1.4471431873821146, 1.4960631929249386, 1.5499846211292467, 1.5690698425039018, 1.5803966044554318]
gamma=[1, 0.7193446437825367, 0.0007841846810749953, 0.16088502969273943, 0.8716368238526924, 0.5581574556563289]

Score=0.0361972061051
alpha=[0.04726954207615876, -0.002076034059394327, 0.057961871696665584]
beta=[1.4619831869192157, 1.4502298108664564, 1.4960631929249386, 1.5499846211292467, 1.5690698425039018, 1.5779059742198012]
gamma=[1, 0.7193446437825367, 0.0007841846810749953, 0.16088502969273943, 0.8716368238526924, 0.5581574556563289]

Score=0.0604131606008
alpha=[0.004343275990773343, -0.014386386063796802, -0.0036926557866636314]
beta=[1.4948659780391449, 1.4641403490155585, 1.551185333045435, 1.4069898817975137, 1.4151633135748338, 1.6]
gamma=[0.8516713683006494, 0.941844728931245, 0.5786167514805779, 0.3314361432434896, 0.8716368238526924, 0.7502156871909021]

Score=0.00895414293327
alpha=[0.04726954207615876, -0.002076034059394327, 0.05728840918256578]
beta=[1.445386084176127, 1.4402699032478949, 1.4960631929249386, 1.5499846211292467, 1.5690698425039018, 1.5803966044554318]
gamma=[1, 0.7193446437825367, 0.0007841846810749953, 0.16088502969273943, 0.8716368238526924, 0.5581574556563289]

Score=0.0361230536817
alpha=[0.04726954207615876, -0.002076034059394327, 0.05779644340812689]
beta=[1.445386084176127, 1.4641403490155585, 1.4960631929249386, 1.5499846211292467, 1.5690698425039018, 1.5803966044554318]
gamma=[1, 0.7193446437825367, 0.0007841846810749953, 0.16088502969273943, 1, 0.5581574556563289]

Score=0.0581238465922
alpha=[0.04726954207615876, -0.002076034059394327, 0.057258370644131244]
beta=[1.445386084176127, 1.4471431873821146, 1.4960631929249386, 1.5499846211292467, 1.5690698425039018, 1.5803966044554318]
gamma=[1, 0.7193446437825367, 0.0007841846810749953, 0.16088502969273943, 0.8716368238526924, 0.5581574556563289]

Score=0.0717302312933
alpha=[0.004343275990773343, -0.002076034059394327, 0.05728840918256578]
beta=[1.4865309198784058, 1.4641403490155585, 1.4960631929249386, 1.4063589744121467, 1.4151633135748338, 1.5803966044554318]
gamma=[1, 0.7193446437825367, 1, 0.16088502969273943, 0.8716368238526924, 0.5581574556563289]

Score=0.0217767385147
alpha=[0.04726954207615876, -0.002076034059394327, 0.05779644340812689]
beta=[1.4948659780391449, 1.4641403490155585, 1.4960631929249386, 1.5499846211292467, 1.5690698425039018, 1.5803966044554318]
gamma=[0.8516713683006494, 0.7193446437825367, 0.0007841846810749953, 0.16088502969273943, 1, 0.7502156871909021]

Score=0.0814679283192
alpha=[0.04726954207615876, -0.002076034059394327, 0.057258370644131244]
beta=[1.445386084176127, 1.4471431873821146, 1.4960631929249386, 1.5499846211292467, 1.5690698425039018, 1.5803966044554318]
gamma=[1, 0.0293997851832295, 0.0007841846810749953, 0.16088502969273943, 0.8716368238526924, 0.5581574556563289]

Score=0.0512566496355
alpha=[0.004343275990773343, -0.014386386063796802, -0.0041088148953756015]
beta=[1.4948659780391449, 1.4641403490155585, 1.551185333045435, 1.4063589744121467, 1.4151633135748338, 1.6]
gamma=[0.8516713683006494, 0.941844728931245, 0.5786167514805779, 0.3314361432434896, 1, 0.7502156871909021]

Score=0.0465845132671
alpha=[0.046618137779808548, -0.002076034059394327, 0.057961871696665584]
beta=[1.4619831869192157, 1.4502298108664564, 1.4960631929249386, 1.5499846211292467, 1.5690698425039018, 1.5779059742198012]
gamma=[1, 0.7193446437825367, 0.0007841846810749953, 0.16088502969273943, 0.8716368238526924, 0.5581574556563289]

Score=0.0177057305613
alpha=[0.046618137779808548, -0.002076034059394327, 0.057961871696665584]
beta=[1.4619831869192157, 1.4502298108664564, 1.4960631929249386, 1.5499846211292467, 1.5690698425039018, 1.5803966044554318]
gamma=[1, 0.941844728931245, 0.0007841846810749953, 0.16088502969273943, 0.8716368238526924, 0.5581574556563289]

Score=0.0581122804362
alpha=[0.04726954207615876, -0.002076034059394327, 0.05779644340812689]
beta=[1.445386084176127, 1.4471431873821146, 1.4960631929249386, 1.5499846211292467, 1.5690698425039018, 1.5803966044554318]
gamma=[1, 0.7193446437825367, 0.0007841846810749953, 0.16088502969273943, 0.8716368238526924, 0.5581574556563289]

Score=0.0842080990736
alpha=[0.04726954207615876, -0.002076034059394327, 0.057258370644131244]
beta=[1.4619831869192157, 1.4471431873821146, 1.4960631929249386, 1.5499846211292467, 1.5690698425039018, 1.5803966044554318]
gamma=[1, 0.7193446437825367, 0.0007841846810749953, 0.16088502969273943, 0.8716368238526924, 0.5581574556563289]

Score=0.0933437987027
alpha=[0.004343275990773343, -0.014386386063796802, -0.0036926557866636314]
beta=[1.4948659780391449, 1.4641403490155585, 1.551185333045435, 1.4063589744121467, 1.4151633135748338, 1.5779059742198012]
gamma=[0.8516713683006494, 0.941844728931245, 0.5786167514805779, 0.3314361432434896, 0.8716368238526924, 0.7502156871909021]

Score=0.0721770052897
alpha=[0.004343275990773343, -0.014386386063796802, -0.0036926557866636314]
beta=[1.4948659780391449, 1.4641403490155585, 1.551185333045435, 1.4063589744121467, 1.4151633135748338, 1.6]
gamma=[0.8516713683006494, 0.941844728931245, 0.5786167514805779, 0.3314361432434896, 0.8716368238526924, 0.7502156871909021]

Score=0.0950301859081
alpha=[0.004343275990773343, -0.013746462469461825, -0.0036926557866636314]
beta=[1.4948659780391449, 1.4641403490155585, 1.551185333045435, 1.4063589744121467, 1.4151633135748338, 1.5803966044554318]
gamma=[0.8516713683006494, 0.941844728931245, 0.5786167514805779, 0.3314361432434896, 0.8716368238526924, 0.7502156871909021]

Score=0.0429460658404
alpha=[0.004343275990773343, -0.013746462469461825, -0.0036926557866636314]
beta=[1.4948659780391449, 1.4641403490155585, 1.551185333045435, 1.4063589744121467, 1.4151633135748338, 1.5803966044554318]
gamma=[0.8516713683006494, 0.941844728931245, 0.5786167514805779, 0.3314361432434896, 0.8716368238526924, 0.7502156871909021]

Score=0.0911156533588
alpha=[0.04726954207615876, -0.002076034059394327, 0.05779644340812689]
beta=[1.445386084176127, 1.4641403490155585, 1.4960631929249386, 1.5499846211292467, 1.5690698425039018, 1.5803966044554318]
gamma=[1, 0.7193446437825367, 0.0007841846810749953, 0.16088502969273943, 1, 0.5581574556563289]

Score=0.0347175982318
alpha=[0.046618137779808548, -0.002076034059394327, 0.057961871696665584]
beta=[1.4619831869192157, 1.4406285257312414, 1.4960631929249386, 1.5499846211292467, 1.5690698425039018, 1.5779059742198012]
gamma=[1, 0.7193446437825367, 0.0007841846810749953, 0.16088502969273943, 0.8716368238526924, 0.5581574556563289]

Score=0.0341573798408
alpha=[0.04685646301585366, -0.002076034059394327, 0.057258370644131244]
beta=[1.4619831869192157, 1.4406285257312414, 1.4960631929249386, 1.5499846211292467, 1.5690698425039018, 1.5779059742198012]
gamma=[1, 0.7193446437825367, 0.0007841846810749953, 0.16088502969273943, 0.8716368238526924, 0.5581574556563289]

Score=0.0827029041555
alpha=[0.04726954207615876, -0.002076034059394327, 0.05779644340812689]
beta=[1.48081699453094, 1.4402699032478949, 1.4960631929249386, 1.5499846211292467, 1.5690698425039018, 1.5803966044554318]
gamma=[1, 0.7193446437825367, 0.0007841846810749953, 0.16088502969273943, 0.8716368238526924, 0.5581574556563289]

Score=0.0690020099342
alpha=[0.004343275990773343, -0.015537098497507135, -0.0036926557866636314]
beta=[1.4865309198784058, 1.4641403490155585, 1.551185333045435, 1.4069898817975137, 1.4151633135748338, 1.5779059742198012]
gamma=[0.8516713683006494, 0.941844728931245, 0.5786167514805779, 0.3314361432434896, 0.8716368238526924, 0.7502156871909021]

Score=0.0052753278309
alpha=[0.046618137779808548, -0.002076034059394327, 0.057258370644131244]
beta=[1.4619831869192157, 1.4502298108664564, 1.4960631929249386, 1.5499846211292467, 1.5690698425039018, 1.5779059742198012]
gamma=[1, 0.7193446437825367, 0.0007841846810749953, 0.16088502969273943, 0.8716368238526924, 0.5581574556563289]

Score=0.0837277626528
alpha=[0.04685646301585366, -0.002076034059394327, 0.057258370644131244]
beta=[1.4619831869192157, 1.4406285257312414, 1.4960631929249386, 1.5499846211292467, 1.5690698425039018, 1.5803966044554318]
gamma=[1, 0.7193446437825367, 0.0007841846810749953, 0.16088502969273943, 1, 0.5581574556563289]

Score=0.0768464019128
alpha=[0.004343275990773343, -0.014386386063796802, -0.0036926557866636314]
beta=[1.4948659780391449, 1.4641403490155585, 1.551185333045435, 1.4063589744121467, 1.4151633135748338, 1.6]
gamma=[0.8516713683006494, 1, 0.5786167514805779, 0.3314361432434896, 0.8716368238526924, 0.7502156871909021]

Score=0.0535032346481
alpha=[0.04726954207615876, -0.002076034059394327, 0.05779644340812689]
beta=[1.48081699453094, 1.4471431873821146, 1.4960631929249386, 1.5499846211292467, 1.5690698425039018, 1.5868720402175047]
gamma=[1, 0.7193446437825367, 0.0007841846810749953, 0.16088502969273943, 0.8716368238526924, 0.5581574556563289]

Score=0.0719523662584
alpha=[0.004343275990773343, -0.002076034059394327, 0.05728840918256578]
beta=[1.445386084176127, 1.4641403490155585, 1.4960631929249386, 1.4063589744121467, 1.5690698425039018, 1.5803966044554318]
gamma=[0.8516713683006494, 0.7193446437825367, 0.5786167514805779, 0.16088502969273943, 1, 0.5581574556563289]

Score=0.0663915388756
alpha=[0.004343275990773343, -0.014386386063796802, -0.0041088148953756015]
beta=[1.4948659780391449, 1.4641403490155585, 1.551185333045435, 1.4063589744121467, 1.4122649310261559, 1.5779059742198012]
gamma=[0.8516713683006494, 0.941844728931245, 0.5786167514805779, 0.3314361432434896, 0.8716368238526924, 0.7502156871909021]

Score=0.0387848919088
alpha=[0.046618137779808548, -0.002076034059394327, 0.057961871696665584]
beta=[1.48081699453094, 1.4502298108664564, 1.4960631929249386, 1.5499846211292467, 1.5775168077083634, 1.5803966044554318]
gamma=[1, 0.941844728931245, 0.0007841846810749953, 0.16088502969273943, 0.8716368238526924, 0.5581574556563289]

Score=0.0616655490968
alpha=[0.046618137779808548, -0.002076034059394327, 0.057961871696665584]
beta=[1.4619831869192157, 1.4502298108664564, 1.4960631929249386, 1.5499846211292467, 1.5690698425039018, 1.5803966044554318]
gamma=[1, 0.941844728931245, 0.0007841846810749953, 0.16088502969273943, 0.8716368238526924, 0.5581574556563289]

Score=0.0367877123762
alpha=[0.04726954207615876, -0.002076034059394327, -0.0041088148953756015]
beta=[1.445386084176127, 1.4402699032478949, 1.4960631929249386, 1.5499846211292467, 1.5690698425039018, 1.5803966044554318]
gamma=[1, 0.7193446437825367, 0.0007841846810749953, 0.16088502969273943, 0.8716368238526924, 0.5581574556563289]

Score=0.0696614625712
alpha=[0.046618137779808548, -0.002076034059394327, 0.057961871696665584]
beta=[1.4619831869192157, 1.4406285257312414, 1.4960631929249386, 1.5499846211292467, 1.5690698425039018, 1.5779059742198012]
gamma=[1, 0.941844728931245, 0.0007841846810749953, 0.16088502969273943, 0.8716368238526924, 0.5581574556563289]

Score=0.0911404354254
alpha=[0.004343275990773343, -0.013746462469461825, -0.0036926557866636314]
beta=[1.4948659780391449, 1.4641403490155585, 1.551185333045435, 1.4063589744121467, 1.4151633135748338, 1.5779059742198012]
gamma=[0.8516713683006494, 0.941844728931245, 0.5786167514805779, 0.3314361432434896, 0.8716368238526924, 0.7502156871909021]

Score=0.055022350543
alpha=[0.046618137779808548, -0.002076034059394327, 0.057961871696665584]
beta=[1.4619831869192157, 1.4406285257312414, 1.4960631929249386, 1.5499846211292467, 1.5690698425039018, 1.5779059742198012]
gamma=[1, 0.7193446437825367, 0.0007841846810749953, 0.16088502969273943, 1, 0.5581574556563289]

Score=0.0832381418676
alpha=[0.046618137779808548, -0.002076034059394327, 0.057258370644131244]
beta=[1.4619831869192157, 1.4406285257312414, 1.4960631929249386, 1.5499846211292467, 1.5690698425039018, 1.5779059742198012]
gamma=[1, 0.7193446437825367, 0.0007841846810749953, 0.16088502969273943, 0.8716368238526924, 0.5581574556563289]

Score=0.0562255987348
alpha=[0.046618137779808548, -0.002076034059394327, 0.057258370644131244]
beta=[1.4619831869192157, 1.4406285257312414, 1.4960631929249386, 1.5499846211292467, 1.5690698425039018, 1.5779059742198012]
gamma=[1, 0.7193446437825367, 0.0007841846810749953, 0.16088502969273943, 0.8716368238526924, 0.5581574556563289]

Score=0.054476664936
alpha=[0.046618137779808548, -0.002076034059394327, 0.057258370644131244]
beta=[1.48081699453094, 1.4502298108664564, 1.4960631929249386, 1.5499846211292467, 1.5690698425039018, 1.5803966044554318]
gamma=[1, 0.7193446437825367, 0.0007841846810749953, 0.16088502969273943, 0.8716368238526924, 0.5581574556563289]

Score=0.0991555407959
alpha=[0.046618137779808548, -0.002076034059394327, -0.0036926557866636314]
beta=[1.4619831869192157, 1.4406285257312414, 1.4960631929249386, 1.5499846211292467, 1.4151633135748338, 1.5779059742198012]
gamma=[1, 0.7193446437825367, 0.0007841846810749953, 0.16088502969273943, 0.8716368238526924, 0.5581574556563289]

Score=0.0460483393629
alpha=[0.046618137779808548, -0.002076034059394327, 0.057258370644131244]
beta=[1.4619831869192157, 1.4406285257312414, 1.4960631929249386, 1.5499846211292467, 1.4151633135748338, 1.5779059742198012]
gamma=[1, 0.941844728931245, 0.0007841846810749953, 0.16088502969273943, 0.8716368238526924, 0.5581574556563289]

Score=0.0698355138103
alpha=[0.004343275990773343, -0.014386386063796802, -0.0041088148953756015]
beta=[1.4948659780391449, 1.4641403490155585, 1.551185333045435, 1.4063589744121467, 1.4122649310261559, 1.5803966044554318]
gamma=[0.8516713683006494, 0.941844728931245, 0.5786167514805779, 0.3314361432434896, 0.8716368238526924, 0.7502156871909021]

Score=0.0736029935411
alpha=[0.004343275990773343, -0.013746462469461825, -0.0036926557866636314]
beta=[1.4948659780391449, 1.4641403490155585, 1.551185333045435, 1.4063589744121467, 1.4151633135748338, 1.5803966044554318]
gamma=[0.8516713683006494, 0.941844728931245, 0.5786167514805779, 0.3314361432434896, 0.8716368238526924, 0.7502156871909021]

Score=0.081645791122
alpha=[0.046618137779808548, -0.002076034059394327, 0.05779644340812689]
beta=[1.4619831869192157, 1.4502298108664564, 1.4960631929249386, 1.5499846211292467, 1.5690698425039018, 1.5803966044554318]
gamma=[1, 0.7193446437825367, 0.0007841846810749953, 0.16088502969273943, 1, 0.5581574556563289]

Score=0.0847102769177
alpha=[0.046618137779808548, -0.002076034059394327, 0.057258370644131244]
beta=[1.48081699453094, 1.4502298108664564, 1.4960631929249386, 1.5499846211292467, 1.5690698425039018, 1.5803966044554318]
gamma=[1, 0.7193446437825367, 0.0007841846810749953, 0.16088502969273943, 0.8716368238526924, 0.5581574556563289]

Score=0.0067939816002
alpha=[0.046618137779808548, -0.002076034059394327, 0.057258370644131244]
beta=[1.4619831869192157, 1.4406285257312414, 1.4960631929249386, 1.5499846211292467, 1.5690698425039018, 1.5779059742198012]
gamma=[1, 0.7193446437825367, 0.0007841846810749953, 0.16088502969273943, 0.8716368238526924, 0.5581574556563289]

Score=0.0509109610753
alpha=[0.004343275990773343, -0.013746462469461825, -0.0036926557866636314]
beta=[1.4948659780391449, 1.4641403490155585, 1.551185333045435, 1.4063589744121467, 1.4151633135748338, 1.5779059742198012]
gamma=[0.8516713683006494, 0.941844728931245, 0.5786167514805779, 0.3314361432434896, 0.8716368238526924, 0.7502156871909021]

Score=0.083844055375
alpha=[0.04726954207615876, -0.002076034059394327, 0.05779644340812689]
beta=[1.4948659780391449, 1.4641403490155585, 1.4960631929249386, 1.5499846211292467, 1.5690698425039018, 1.5803966044554318]
gamma=[0.8516713683006494, 0.7193446437825367, 0.0007841846810749953, 0.16088502969273943, 1, 0.5581574556563289]

Score=0.0702344529071
alpha=[0.004343275990773343, -0.014386386063796802, -0.0036926557866636314]
beta=[1.4948659780391449, 1.4641403490155585, 1.551185333045435, 1.4063589744121467, 1.4122649310261559, 1.5803966044554318]
gamma=[0.8516713683006494, 0.941844728931245, 0.5786167514805779, 0.3314361432434896, 0.8716368238526924, 0.7502156871909021]

Score=0.0475793042722
alpha=[0.046618137779808548, -0.002076034059394327, 0.05779644340812689]
beta=[1.4948659780391449, 1.4641403490155585, 1.4960631929249386, 1.5499846211292467, 1.5690698425039018, 1.5803966044554318]
gamma=[0.8516713683006494, 0.7193446437825367, 0.0007841846810749953, 0.16088502969273943, 1, 0.5581574556563289]

Score=0.0934279178141
alpha=[0.046618137779808548, -0.002076034059394327, -0.0036926557866636314]
beta=[1.4619831869192157, 1.4406285257312414, 1.4960631929249386, 1.5499846211292467, 1.5690698425039018, 1.5779059742198012]
gamma=[1, 0.7193446437825367, 0.0007841846810749953, 0.16088502969273943, 0.8716368238526924, 0.5581574556563289]

Score=0.0349299951051
alpha=[0.046618137779808548, -0.002076034059394327, 0.05779644340812689]
beta=[1.48081699453094, 1.4502298108664564, 1.4960631929249386, 1.5499846211292467, 1.5690698425039018, 1.5803966044554318]
gamma=[1, 0.7193446437825367, 0.0007841846810749953, 0.16088502969273943, 0.8716368238526924, 0.5581574556563289]

Score=0.0401381618451
alpha=[0.047685443257277228, -0.002076034059394327, 0.057258370644131244]
beta=[1.4619831869192157, 1.4502298108664564, 1.4960631929249386, 1.5499846211292467, 1.5775168077083634, 1.5779059742198012]
gamma=[1, 0.7193446437825367, 0.0007841846810749953, 0.16088502969273943, 0.8716368238526924, 0.5581574556563289]

Score=0.0561317776129
alpha=[0.046618137779808548, -0.002076034059394327, -0.0036926557866636314]
beta=[1.48081699453094, 1.4406285257312414, 1.4960631929249386, 1.5499846211292467, 1.5690698425039018, 1.5803966044554318]
gamma=[1, 0.7193446437825367, 0.0007841846810749953, 0.16088502969273943, 0.8716368238526924, 0.5581574556563289]

Score=0.016036036287
alpha=[0.046618137779808548, -0.002076034059394327, 0.057961871696665584]
beta=[1.48081699453094, 1.4502298108664564, 1.4960631929249386, 1.5499846211292467, 1.5775168077083634, 1.5803966044554318]
gamma=[1, 0.941844728931245, 0.0007841846810749953, 0.16088502969273943, 0.8716368238526924, 0.5581574556563289]

Score=0.062170225568
alpha=[0.004343275990773343, -0.014386386063796802, -0.0036926557866636314]
beta=[1.4948659780391449, 1.4641403490155585, 1.5500097089987972, 1.5499846211292467, 1.4151633135748338, 1.5779059742198012]
gamma=[0.8516713683006494, 0.941844728931245, 0.5786167514805779, 0.3314361432434896, 0.8716368238526924, 0.7502156871909021]

Score=0.0299373274624
alpha=[0.004343275990773343, -0.014386386063796802, -0.0036926557866636314]
beta=[1.4948659780391449, 1.4641403490155585, 1.551185333045435, 1.4063589744121467, 1.4151633135748338, 1.5779059742198012]
gamma=[0.8516713683006494, 0.941844728931245, 0.5786167514805779, 0.3314361432434896, 0.8716368238526924, 0.7502156871909021]

Score=0.0607192888217
alpha=[0.046618137779808548, -0.002076034059394327, 0.05779644340812689]
beta=[1.48081699453094, 1.4502298108664564, 1.4960631929249386, 1.5499846211292467, 1.5690698425039018, 1.5803966044554318]
gamma=[1, 0.7193446437825367, 0.0007841846810749953, 0.16088502969273943, 0.8716368238526924, 0.5581574556563289]

Score=0.0930797818885
alpha=[0.04726954207615876, -0.002076034059394327, 0.05779644340812689]
beta=[1.4619831869192157, 1.4502298108664564, 1.4960631929249386, 1.5499846211292467, 1.5690698425039018, 1.5803966044554318]
gamma=[1, 0.7193446437825367, 0.0007841846810749953, 0.16088502969273943, 1, 0.5581574556563289]

Score=0.0538244467741
alpha=[0.046618137779808548, -0.002076034059394327, 0.057258370644131244]
beta=[1.48081699453094, 1.4502298108664564, 1.4960631929249386, 1.5499846211292467, 1.5775168077083634, 1.5803966044554318]
gamma=[1, 0.7193446437825367, 0.0007841846810749953, 0.16088502969273943, 0.8716368238526924, 0.5581574556563289]

Score=0.0847674265888
alpha=[0.047685443257277228, -0.002076034059394327, 0.05779644340812689]
beta=[1.4948659780391449, 1.4502298108664564, 1.4960631929249386, 1.5499846211292467, 1.5690698425039018, 1.5779059742198012]
gamma=[1, 0.7193446437825367, 0.0007841846810749953, 0.16088502969273943, 1, 0.5581574556563289]

Score=0.0910512523196
alpha=[0.004343275990773343, -0.014386386063796802, -0.0036926557866636314]
beta=[1.4948659780391449, 1.4641403490155585, 1.551185333045435, 1.4063589744121467, 1.4151633135748338, 1.5779059742198012]
gamma=[0.8516713683006494, 0.941844728931245, 0.5786167514805779, 0.3314361432434896, 0.8716368238526924, 0.7502156871909021]

Score=0.0552975774134
alpha=[0.047685443257277228, -0.002076034059394327, 0.057961871696665584]
beta=[1.48081699453094, 1.4502298108664564, 1.4960631929249386, 1.5499846211292467, 1.5775168077083634, 1.5779059742198012]
gamma=[1, 0.7193446437825367, 0.0007841846810749953, 0.16088502969273943, 0.8716368238526924, 0.5581574556563289]

Score=0.072243411349
alpha=[0.046618137779808548, -0.002076034059394327, -0.0036926557866636314]
beta=[1.4619831869192157, 1.4406285257312414, 1.4960631929249386, 1.5499846211292467, 1.4151633135748338, 1.5779059742198012]
gamma=[1, 0.7193446437825367, 0.0007841846810749953, 0.16088502969273943, 0.8716368238526924, 0.5581574556563289]

Score=0.089990710715
alpha=[0.047685443257277228, -0.002076034059394327, 0.05779644340812689]
beta=[1.4619831869192157, 1.4502298108664564, 1.4960631929249386, 1.5499846211292467, 1.5775168077083634, 1.5779059742198012]
gamma=[1, 0.7193446437825367, 0.0007841846810749953, 0.16088502969273943, 1, 0.5581574556563289]

Score=0.0725950579169
alpha=[0.004343275990773343, -0.014386386063796802, -0.0041088148953756015]
beta=[1.4948659780391449, 1.4641403490155585, 1.551185333045435, 1.4063589744121467, 1.4122649310261559, 1.5948386910736747]
gamma=[0.8516713683006494, 0.941844728931245, 0.5786167514805779, 0.3314361432434896, 0.8716368238526924, 0.7502156871909021]

Score=0.0714181152564
alpha=[0.004343275990773343, -0.014386386063796802, -0.0036926557866636314]
beta=[1.4948659780391449, 1.4406285257312414, 1.5500097089987972, 1.4063589744121467, 1.4151633135748338, 1.5779059742198012]
gamma=[0.8516713683006494, 0.941844728931245, 0.5786167514805779, 0.3314361432434896, 0.8716368238526924, 0.7502156871909021]

Score=0.0576124257286
alpha=[0.046618137779808548, -0.002076034059394327, -0.002482401316570528]
beta=[1.4619831869192157, 1.4406285257312414, 1.5035337830433855, 1.5499846211292467, 1.4151633135748338, 1.5803966044554318]
gamma=[1, 0.7193446437825367, 0.0007841846810749953, 0.16088502969273943, 0.8716368238526924, 0.5581574556563289]

Score=0.0965666350434
alpha=[0.004343275990773343, -0.014386386063796802, -0.0036926557866636314]
beta=[1.4948659780391449, 1.4641403490155585, 1.551185333045435, 1.4063589744121467, 1.4151633135748338, 1.5779059742198012]
gamma=[0.8516713683006494, 0.941844728931245, 0.5786167514805779, 0.3314361432434896, 0.8716368238526924, 0.7502156871909021]

Score=0.06275472398
alpha=[0.004343275990773343, -0.014386386063796802, -0.0036926557866636314]
beta=[1.4948659780391449, 1.4641403490155585, 1.551185333045435, 1.5499846211292467, 1.4151633135748338, 1.5779059742198012]
gamma=[0.8516713683006494, 0.941844728931245, 0.5786167514805779, 0.3314361432434896, 0.8716368238526924, 0.7502156871909021]

Score=0.0872625437867
alpha=[0.04685646301585366, -0.002076034059394327, 0.057258370644131244]
beta=[1.4619831869192157, 1.4502298108664564, 1.4960631929249386, 1.5499846211292467, 1.5775168077083634, 1.5779059742198012]
gamma=[1, 0.7193446437825367, 0.0007841846810749953, 0.16088502969273943, 0.8716368238526924, 0.5581574556563289]

Score=0.0863766290265
alpha=[0.004343275990773343, -0.014386386063796802, -0.0036926557866636314]
beta=[1.4948659780391449, 1.4641403490155585, 1.551185333045435, 1.4063589744121467, 1.4151633135748338, 1.5779059742198012]
gamma=[0.8516713683006494, 0.941844728931245, 0.5786167514805779, 0.3314361432434896, 0.8716368238526924, 0.7502156871909021]

Score=0.0689910927149
alpha=[0.004343275990773343, -0.014386386063796802, -0.0036926557866636314]
beta=[1.4948659780391449, 1.4641403490155585, 1.551185333045435, 1.4063589744121467, 1.4151633135748338, 1.5779059742198012]
gamma=[0.8516713683006494, 0.941844728931245, 0.5786167514805779, 0.3314361432434896, 0.8716368238526924, 0.7502156871909021]

Score=0.0359724649765
alpha=[0.046618137779808548, -0.002076034059394327, 0.05779644340812689]
beta=[1.48081699453094, 1.4502298108664564, 1.4960631929249386, 1.5499846211292467, 1.5690698425039018, 1.5803966044554318]
gamma=[1, 0.7193446437825367, 0.0007841846810749953, 0.16088502969273943, 0.8716368238526924, 0.5581574556563289]

Score=0.0854099986021
alpha=[0.047685443257277228, -0.002076034059394327, 0.057961871696665584]
beta=[1.48081699453094, 1.4502298108664564, 1.4960631929249386, 1.5499846211292467, 1.5775168077083634, 1.5779059742198012]
gamma=[1, 0.7193446437825367, 0.0007841846810749953, 0.16088502969273943, 0.8716368238526924, 0.5581574556563289]

Score=0.0466922007315
alpha=[0.004343275990773343, -0.014386386063796802, -0.0036926557866636314]
beta=[1.4948659780391449, 1.4641403490155585, 1.5500097089987972, 1.4063589744121467, 1.4151633135748338, 1.5779059742198012]
gamma=[0.8516713683006494, 0.941844728931245, 0.5786167514805779, 0.3314361432434896, 0.8716368238526924, 0.7502156871909021]

Score=0.0680585071719
alpha=[0.004343275990773343, -0.014386386063796802, -0.0036926557866636314]
beta=[1.4948659780391449, 1.4641403490155585, 1.551185333045435, 1.5499846211292467, 1.4151633135748338, 1.5779059742198012]
gamma=[0.8516713683006494, 0.941844728931245, 0.5786167514805779, 0.3314361432434896, 0.8716368238526924, 0.7502156871909021]

Score=0.053903826694
alpha=[0.045981727222140993, -0.002076034059394327, 0.05779644340812689]
beta=[1.48081699453094, 1.4502298108664564, 1.4960631929249386, 1.5499846211292467, 1.5690698425039018, 1.5779059742198012]
gamma=[1, 0.7193446437825367, 0.0007841846810749953, 0.16088502969273943, 0.8716368238526924, 0.5581574556563289]

Score=0.0624416626728
alpha=[0.046618137779808548, -0.002076034059394327, 0.05779644340812689]
beta=[1.48081699453094, 1.4406285257312414, 1.5035337830433855, 1.5499846211292467, 1.4151633135748338, 1.5803966044554318]
gamma=[1, 0.7193446437825367, 0.0007841846810749953, 0.16088502969273943, 0.8716368238526924, 0.5581574556563289]

Score=0.0592163370927
alpha=[0.047685443257277228, -0.002076034059394327, 0.057258370644131244]
beta=[1.4948659780391449, 1.4641403490155585, 1.4960631929249386, 1.5499846211292467, 1.5775168077083634, 1.5830235198338536]
gamma=[1, 0.7193446437825367, 0.0007841846810749953, 0.16088502969273943, 0.8716368238526924, 0.5581574556563289]

Score=0.0524232957296
alpha=[0.047685443257277228, -0.002076034059394327, 0.057961871696665584]
beta=[1.48081699453094, 1.4502298108664564, 1.4960631929249386, 1.5499846211292467, 1.5775168077083634, 1.5803966044554318]
gamma=[1, 0.7193446437825367, 0.0007841846810749953, 0.16088502969273943, 0.8716368238526924, 0.5581574556563289]

Score=0.0855836512853
alpha=[0.004343275990773343, -0.014386386063796802, -0.0041088148953756015]
beta=[1.4948659780391449, 1.4641403490155585, 1.551185333045435, 1.4063589744121467, 1.4149841667006289, 1.5948386910736747]
gamma=[0.8516713683006494, 0.941844728931245, 0.5786167514805779, 0.3314361432434896, 0.8716368238526924, 0.7502156871909021]

Score=0.06716395955
alpha=[0.004343275990773343, -0.014386386063796802, -0.0041088148953756015]
beta=[1.4948659780391449, 1.4641403490155585, 1.551185333045435, 1.4063589744121467, 1.4122649310261559, 1.5803966044554318]
gamma=[0.8516713683006494, 0.941844728931245, 0.5786167514805779, 0.3314361432434896, 0.8716368238526924, 0.7502156871909021]

Score=0.0969963755894
alpha=[0.004343275990773343, -0.014386386063796802, -0.0036926557866636314]
beta=[1.4948659780391449, 1.4641403490155585, 1.5500097089987972, 1.4063589744121467, 1.4151633135748338, 1.5779059742198012]
gamma=[0.8516713683006494, 0.941844728931245, 0.5786167514805779, 0.3314361432434896, 0.8716368238526924, 0.7502156871909021]

Score=0.0852992380945
alpha=[0.046618137779808548, -0.002076034059394327, 0.057258370644131244]
beta=[1.48081699453094, 1.4502298108664564, 1.516044817745156, 1.5499846211292467, 1.5775168077083634, 1.5779059742198012]
gamma=[1, 0.941844728931245, 0.0007841846810749953, 0.16088502969273943, 0.8716368238526924, 0.7502156871909021]

Score=0.044729061188
alpha=[0.004343275990773343, -0.014386386063796802, -0.0036926557866636314]
beta=[1.4948659780391449, 1.4641403490155585, 1.551185333045435, 1.4063589744121467, 1.4122649310261559, 1.5803966044554318]
gamma=[0.8516713683006494, 0.941844728931245, 0.5786167514805779, 0.3314361432434896, 0.8716368238526924, 0.7502156871909021]

Score=0.0910626000275
alpha=[0.046618137779808548, -0.002076034059394327, 0.05779644340812689]
beta=[1.48081699453094, 1.4502298108664564, 1.4927535316407854, 1.5499846211292467, 1.5775168077083634, 1.5803966044554318]
gamma=[1, 0.941844728931245, 0.0007841846810749953, 0.16088502969273943, 0.8716368238526924, 0.5581574556563289]

Score=0.0759711062354
alpha=[0.004343275990773343, -0.012962631105927729, -0.0036926557866636314]
beta=[1.4948659780391449, 1.4641403490155585, 1.5494967885740842, 1.5499846211292467, 1.4151633135748338, 1.5803966044554318]
gamma=[0.8516713683006494, 0.941844728931245, 0.5786167514805779, 0.3314361432434896, 0.8716368238526924, 0.7502156871909021]

Score=0.048134915059
alpha=[0.046618137779808548, -0.002076034059394327, 0.05779644340812689]
beta=[1.4948659780391449, 1.4502298108664564, 1.4960631929249386, 1.5499846211292467, 1.5775168077083634, 1.5803966044554318]
gamma=[1, 0.7193446437825367, 0.0007841846810749953, 0.16088502969273943, 0.8716368238526924, 0.5581574556563289]

Score=0.056600404926
alpha=[0.046618137779808548, -0.002076034059394327, 0.05779644340812689]
beta=[1.48081699453094, 1.4502298108664564, 1.4878287290509551, 1.5499846211292467, 1.5775168077083634, 1.5803966044554318]
gamma=[1, 0.7193446437825367, 0.0007841846810749953, 0.16088502969273943, 0.8716368238526924, 0.5581574556563289]

Score=0.0919646440852
alpha=[0.046618137779808548, -0.002076034059394327, 0.05779644340812689]
beta=[1.48081699453094, 1.4502298108664564, 1.4878287290509551, 1.5499846211292467, 1.5619390839937131, 1.5803966044554318]
gamma=[1, 0.7193446437825367, 0.0007841846810749953, 0.16088502969273943, 0.8716368238526924, 0.5581574556563289]

Score=0.061022996004
alpha=[0.04622869578756765, -0.002076034059394327, -0.0036926557866636314]
beta=[1.4948659780391449, 1.4641403490155585, 1.4960631929249386, 1.5511671746453559, 1.5775168077083634, 1.5779059742198012]
gamma=[1, 0.7193446437825367, 0.0007841846810749953, 0.16088502969273943, 0.8716368238526924, 0.5581574556563289]

Score=0.0924013952346
alpha=[0.004343275990773343, -0.014386386063796802, -0.0036926557866636314]
beta=[1.4948659780391449, 1.4641403490155585, 1.5500097089987972, 1.4063589744121467, 1.4151633135748338, 1.5779059742198012]
gamma=[0.8516713683006494, 0.941844728931245, 0.5786167514805779, 0.3314361432434896, 0.8716368238526924, 0.7502156871909021]

Score=0.088244877442
alpha=[0.046618137779808548, -0.002076034059394327, 0.05779644340812689]
beta=[1.4509627445896467, 1.4641403490155585, 1.4960631929249386, 1.5499846211292467, 1.5690698425039018, 1.5779059742198012]
gamma=[1, 0.7193446437825367, 0.0007841846810749953, 0.16088502969273943, 0.8716368238526924, 0.5581574556563289]

Score=0.0581127140312
alpha=[0.046618137779808548, -0.002076034059394327, 0.05779644340812689]
beta=[1.48081699453094, 1.4502298108664564, 1.4878287290509551, 1.5499846211292467, 1.5775168077083634, 1.5803966044554318]
gamma=[1, 0.7193446437825367, 0.0007841846810749953, 0.16088502969273943, 0.8716368238526924, 0.5581574556563289]

Score=0.0554776543513
alpha=[0.04622869578756765, -0.002076034059394327, 0.05779644340812689]
beta=[1.4948659780391449, 1.4502298108664564, 1.4960631929249386, 1.5511671746453559, 1.5775168077083634, 1.5779059742198012]
gamma=[1, 0.941844728931245, 0.0007841846810749953, 0.16088502969273943, 0.8716368238526924, 0.5581574556563289]

Score=0.0736753038408
alpha=[0.004343275990773343, -0.012962631105927729, -0.0036926557866636314]
beta=[1.4948659780391449, 1.4641403490155585, 1.5494967885740842, 1.4063589744121467, 1.4122649310261559, 1.5803966044554318]
gamma=[0.8516713683006494, 0.941844728931245, 0.5786167514805779, 0.3314361432434896, 0.8716368238526924, 0.7502156871909021]

Score=0.0184367755338
alpha=[0.004343275990773343, -0.014386386063796802, -0.0036926557866636314]
beta=[1.4948659780391449, 1.4641403490155585, 1.551185333045435, 1.4063589744121467, 1.4122649310261559, 1.5803966044554318]
gamma=[0.8516713683006494, 0.941844728931245, 0.5786167514805779, 0.3314361432434896, 0.8716368238526924, 0.7502156871909021]

Score=0.0989526854621
alpha=[0.004343275990773343, -0.014386386063796802, -0.0036926557866636314]
beta=[1.4948659780391449, 1.4641403490155585, 1.5500097089987972, 1.5499846211292467, 1.4151633135748338, 1.5803966044554318]
gamma=[0.8516713683006494, 0.941844728931245, 0.5786167514805779, 0.3314361432434896, 0.8716368238526924, 0.7502156871909021]

Score=0.0454793208046
alpha=[0.04622869578756765, -0.002076034059394327, 0.05779644340812689]
beta=[1.4948659780391449, 1.4502298108664564, 1.4960631929249386, 1.5511671746453559, 1.5775168077083634, 1.5779059742198012]
gamma=[1, 0.941844728931245, 0.0007841846810749953, 0.16088502969273943, 0.8716368238526924, 0.5581574556563289]

Score=0.0167258875953
alpha=[0.046618137779808548, -0.0028046818926932195, 0.059022262434065491]
beta=[1.48081699453094, 1.4502298108664564, 1.4960631929249386, 1.5499846211292467, 1.5775168077083634, 1.5779059742198012]
gamma=[1, 0.941844728931245, 0.0007841846810749953, 0.16088502969273943, 0.8716368238526924, 0.5581574556563289]

Score=0.00596831161937
alpha=[0.046618137779808548, -0.002076034059394327, 0.057961871696665584]
beta=[1.48081699453094, 1.4502298108664564, 1.516044817745156, 1.5499846211292467, 1.5775168077083634, 1.5779059742198012]
gamma=[1, 0.941844728931245, 0.0007841846810749953, 0.16088502969273943, 0.8716368238526924, 0.7502156871909021]

Score=0.0115237927051
alpha=[0.046618137779808548, -0.002076034059394327, 0.05779644340812689]
beta=[1.4948659780391449, 1.4502298108664564, 1.4960631929249386, 1.5511671746453559, 1.5775168077083634, 1.5819126368499026]
gamma=[1, 0.941844728931245, 0.0007841846810749953, 0.16088502969273943, 0.8716368238526924, 0.5581574556563289]

Score=0.0949750720054
alpha=[0.046618137779808548, -0.002076034059394327, 0.057961871696665584]
beta=[1.48081699453094, 1.4641916999926525, 1.4960631929249386, 1.5499846211292467, 1.5775168077083634, 1.5803966044554318]
gamma=[1, 0.941844728931245, 0.0007841846810749953, 0.16088502969273943, 0.8716368238526924, 0.5581574556563289]

Score=0.0816208124407
alpha=[0.046618137779808548, -0.002076034059394327, 0.057961871696665584]
beta=[1.4619831869192157, 1.4502298108664564, 1.516044817745156, 1.5499846211292467, 1.5775168077083634, 1.5803966044554318]
gamma=[1, 0.941844728931245, 0.0007841846810749953, 0.16088502969273943, 0.8716368238526924, 0.5581574556563289]

Score=0.0622000274279
alpha=[0.04685646301585366, -0.002076034059394327, 0.05779644340812689]
beta=[1.48081699453094, 1.4502298108664564, 1.4960631929249386, 1.5499846211292467, 1.5775168077083634, 1.5779059742198012]
gamma=[1, 0.941844728931245, 0.0007841846810749953, 0.16088502969273943, 0.8716368238526924, 0.5581574556563289]

Score=0.0134591698664
alpha=[0.046618137779808548, -0.002076034059394327, 0.05779644340812689]
beta=[1.48081699453094, 1.4502298108664564, 1.4960631929249386, 1.5499846211292467, 1.5690698425039018, 1.5803966044554318]
gamma=[1, 0.941844728931245, 0.0007841846810749953, 0.16088502969273943, 0.8716368238526924, 0.5581574556563289]

Score=0.0647406790822
alpha=[0.04685646301585366, -0.002076034059394327, 0.05779644340812689]
beta=[1.48081699453094, 1.4502298108664564, 1.4960631929249386, 1.5499846211292467, 1.5775168077083634, 1.5779059742198012]
gamma=[1, 0.941844728931245, 0.0007841846810749953, 0.16088502969273943, 0.8716368238526924, 0.5581574556563289]

Score=0.0604167509837
alpha=[0.046618137779808548, -0.002076034059394327, 0.05779644340812689]
beta=[1.4948659780391449, 1.4502298108664564, 1.4960631929249386, 1.5511671746453559, 1.5775168077083634, 1.5819126368499026]
gamma=[1, 0.941844728931245, 0.0007841846810749953, 0.16088502969273943, 0.8716368238526924, 0.5581574556563289]

Score=0.0672220661641
alpha=[0.046618137779808548, -0.002076034059394327, 0.057258370644131244]
beta=[1.4619831869192157, 1.4502298108664564, 1.516044817745156, 1.4063589744121467, 1.5775168077083634, 1.5779059742198012]
gamma=[1, 0.941844728931245, 0.0007841846810749953, 0.16088502969273943, 0.8716368238526924, 0.5581574556563289]

Score=0.0408759087093
alpha=[0.004343275990773343, -0.014386386063796802, -0.0041088148953756015]
beta=[1.4948659780391449, 1.4641403490155585, 1.551185333045435, 1.4063589744121467, 1.4122649310261559, 1.5842581534640889]
gamma=[0.8516713683006494, 0.941844728931245, 0.5786167514805779, 0.3314361432434896, 0.8716368238526924, 0.7502156871909021]

Score=0.0652396529251
alpha=[0.046618137779808548, -0.002076034059394327, 0.05779644340812689]
beta=[1.48081699453094, 1.4502298108664564, 1.4960631929249386, 1.5499846211292467, 1.5690698425039018, 1.5803966044554318]
gamma=[1, 0.941844728931245, 0.0007841846810749953, 0.16088502969273943, 0.8716368238526924, 0.5581574556563289]

Score=0.0933443376912
alpha=[0.004343275990773343, -0.014386386063796802, -0.0041088148953756015]
beta=[1.4948659780391449, 1.4641403490155585, 1.551185333045435, 1.4063589744121467, 1.4151633135748338, 1.5852428416071422]
gamma=[0.8516713683006494, 0.941844728931245, 0.5786167514805779, 0.16088502969273943, 0.8716368238526924, 0.7502156871909021]

Score=0.0703610141238
alpha=[0.046618137779808548, -0.002076034059394327, 0.057961871696665584]
beta=[1.48081699453094, 1.4502298108664564, 1.516044817745156, 1.5499846211292467, 1.5775168077083634, 1.5779059742198012]
gamma=[1, 0.941844728931245, 0.0007841846810749953, 0.16088502969273943, 0.8716368238526924, 0.5581574556563289]

Score=0.070659042931
alpha=[0.046618137779808548, -0.002076034059394327, 0.057961871696665584]
beta=[1.4619831869192157, 1.4502298108664564, 1.551185333045435, 1.5499846211292467, 1.4151633135748338, 1.5803966044554318]
gamma=[1, 0.941844728931245, 0.0007841846810749953, 0.16088502969273943, 1, 0.7502156871909021]

Score=0.0839939291473
alpha=[0.004343275990773343, -0.014386386063796802, -0.0036926557866636314]
beta=[1.5021616814334535, 1.4641403490155585, 1.4927907301381678, 1.4063589744121467, 1.4151633135748338, 1.5803966044554318]
gamma=[0.8516713683006494, 0.941844728931245, 0.5786167514805779, 0.3314361432434896, 0.8716368238526924, 0.7502156871909021]

Score=0.0615048340924
alpha=[0.046618137779808548, -0.002076034059394327, 0.057961871696665584]
beta=[1.48081699453094, 1.4502298108664564, 1.516044817745156, 1.5499846211292467, 1.5775168077083634, 1.5779059742198012]
gamma=[1, 0.941844728931245, 0.0007841846810749953, 0.16088502969273943, 0.8716368238526924, 0.5581574556563289]

Score=0.0643166769634
alpha=[0.046618137779808548, -0.002076034059394327, 0.05779644340812689]
beta=[1.4948659780391449, 1.4502298108664564, 1.4960631929249386, 1.5499846211292467, 1.5690698425039018, 1.5803966044554318]
gamma=[1, 0.941844728931245, 0.0007841846810749953, 0.16088502969273943, 0.8716368238526924, 0.5581574556563289]

Score=0.091033848142
alpha=[0.046618137779808548, -0.002076034059394327, 0.05779644340812689]
beta=[1.4948659780391449, 1.4502298108664564, 1.4960631929249386, 1.5499846211292467, 1.5775168077083634, 1.5779059742198012]
gamma=[1, 0.941844728931245, 0.0007841846810749953, 0.16088502969273943, 0.8716368238526924, 0.5581574556563289]

Score=0.0899795324778
alpha=[0.046618137779808548, -0.002076034059394327, 0.05779644340812689]
beta=[1.48081699453094, 1.4641916999926525, 1.4960631929249386, 1.5499846211292467, 1.5775168077083634, 1.5779059742198012]
gamma=[1, 0.941844728931245, 0.0007841846810749953, 0.16088502969273943, 0.8716368238526924, 0.5581574556563289]

Score=0.0956032703173
alpha=[0.004343275990773343, -0.014386386063796802, -0.0041088148953756015]
beta=[1.4948659780391449, 1.4641403490155585, 1.551185333045435, 1.4063589744121467, 1.4122649310261559, 1.5803966044554318]
gamma=[0.8516713683006494, 0.941844728931245, 0.5786167514805779, 0.3314361432434896, 0.8716368238526924, 0.7502156871909021]

Score=0.0770741608835
alpha=[0.046618137779808548, -0.002076034059394327, 0.057961871696665584]
beta=[1.48081699453094, 1.4597291141270234, 1.516044817745156, 1.5499846211292467, 1.5775168077083634, 1.5803966044554318]
gamma=[1, 0.941844728931245, 0.0007841846810749953, 0.16088502969273943, 0.8716368238526924, 0.7502156871909021]

Score=0.0755634949035
alpha=[0.004343275990773343, -0.015006351927518527, -0.0036926557866636314]
beta=[1.4948659780391449, 1.4641403490155585, 1.551185333045435, 1.4063589744121467, 1.4151633135748338, 1.5803966044554318]
gamma=[0.8516713683006494, 0.941844728931245, 0.5786167514805779, 0.3314361432434896, 0.8716368238526924, 0.7502156871909021]

Score=0.0946425847429
alpha=[0.046618137779808548, -0.002076034059394327, 0.05779644340812689]
beta=[1.4948659780391449, 1.4502298108664564, 1.4960631929249386, 1.5499846211292467, 1.5775168077083634, 1.5779059742198012]
gamma=[1, 0.7193446437825367, 0.0007841846810749953, 0.16088502969273943, 0.8716368238526924, 0.5581574556563289]

Score=0.0826280329677
alpha=[0.046618137779808548, -0.002076034059394327, 0.057961871696665584]
beta=[1.4619831869192157, 1.4502298108664564, 1.516044817745156, 1.5499846211292467, 1.5775168077083634, 1.5779059742198012]
gamma=[1, 0.7193446437825367, 0.0007841846810749953, 0.16088502969273943, 1, 0.5581574556563289]

Score=0.0918254444261
alpha=[0.046618137779808548, -0.002076034059394327, 0.057961871696665584]
beta=[1.48081699453094, 1.4502298108664564, 1.4927907301381678, 1.5499846211292467, 1.4151633135748338, 1.5779059742198012]
gamma=[1, 0.941844728931245, 0.0007841846810749953, 0.16088502969273943, 0.8716368238526924, 0.5581574556563289]

Score=0.0984417676891
alpha=[0.004343275990773343, -0.014386386063796802, -0.0036926557866636314]
beta=[1.4948659780391449, 1.4641403490155585, 1.551185333045435, 1.4063589744121467, 1.4151633135748338, 1.5803966044554318]
gamma=[0.8516713683006494, 0.941844728931245, 0.5786167514805779, 0.3314361432434896, 0.8716368238526924, 0.7502156871909021]

Score=0.0972746050623
alpha=[0.046618137779808548, -0.002076034059394327, 0.05779644340812689]
beta=[1.48081699453094, 1.4502298108664564, 1.4948888371817286, 1.5499846211292467, 1.5690698425039018, 1.5819126368499026]
gamma=[1, 0.7193446437825367, 0.0007841846810749953, 0.16088502969273943, 0.8716368238526924, 0.5581574556563289]

Score=0.0864057438291
alpha=[0.004343275990773343, -0.014386386063796802, -0.0041088148953756015]
beta=[1.4948659780391449, 1.4641403490155585, 1.551185333045435, 1.4063589744121467, 1.4122649310261559, 1.5803966044554318]
gamma=[0.8516713683006494, 0.941844728931245, 0.5786167514805779, 0.3314361432434896, 0.8716368238526924, 0.7502156871909021]

Score=0.0413036734632
alpha=[0.046618137779808548, -0.002076034059394327, 0.056497830135089126]
beta=[1.48081699453094, 1.4312238110767395, 1.4927907301381678, 1.5499846211292467, 1.4151633135748338, 1.5779059742198012]
gamma=[1, 0.941844728931245, 0.0007841846810749953, 0.16088502969273943, 0.8716368238526924, 0.5581574556563289]

Score=0.0957052471963
alpha=[0.046618137779808548, -0.002076034059394327, 0.057961871696665584]
beta=[1.48081699453094, 1.4312238110767395, 1.4960631929249386, 1.5499846211292467, 1.5775168077083634, 1.5803966044554318]
gamma=[1, 0.941844728931245, 0.0007841846810749953, 0.16088502969273943, 0.8716368238526924, 0.7502156871909021]

Score=0.0283282809934
alpha=[0.046618137779808548, -0.002076034059394327, 0.057961871696665584]
beta=[1.4619831869192157, 1.4502298108664564, 1.551185333045435, 1.5499846211292467, 1.4151633135748338, 1.5803966044554318]
gamma=[1, 0.941844728931245, 0.0007841846810749953, 0.16088502969273943, 1, 0.7502156871909021]

Score=0.0977980052694
alpha=[0.04685646301585366, -0.002076034059394327, 0.05779644340812689]
beta=[1.48081699453094, 1.4502298108664564, 1.4948888371817286, 1.5499846211292467, 1.5775168077083634, 1.5819126368499026]
gamma=[1, 0.941844728931245, 0.0007841846810749953, 0.16088502969273943, 0.8716368238526924, 0.5581574556563289]

Score=0.0625998941793
alpha=[0.046618137779808548, -0.002076034059394327, 0.05779644340812689]
beta=[1.48081699453094, 1.4502298108664564, 1.551185333045435, 1.4063589744121467, 1.5690698425039018, 1.5803966044554318]
gamma=[1, 0.941844728931245, 0.0007841846810749953, 0.16088502969273943, 0.8716368238526924, 0.5581574556563289]

Score=0.0945590916296
alpha=[0.004343275990773343, -0.014386386063796802, -0.0041088148953756015]
beta=[1.4978736724628623, 1.4641403490155585, 1.551185333045435, 1.4063589744121467, 1.4151633135748338, 1.5803966044554318]
gamma=[0.8516713683006494, 0.941844728931245, 0.5786167514805779, 1, 0.8716368238526924, 0.7502156871909021]

Score=0.0477005570126
alpha=[0.046618137779808548, -0.002076034059394327, 0.05779644340812689]
beta=[1.48081699453094, 1.4502298108664564, 1.4960631929249386, 1.5499846211292467, 1.5775168077083634, 1.5779059742198012]
gamma=[1, 0.941844728931245, 0.0007841846810749953, 0.16088502969273943, 0.8716368238526924, 0.5581574556563289]

Score=0.0607344639934
alpha=[0.046618137779808548, -0.002076034059394327, 0.05779644340812689]
beta=[1.48081699453094, 1.4502298108664564, 1.4960631929249386, 1.5499846211292467, 1.5775168077083634, 1.5779059742198012]
gamma=[1, 0.941844728931245, 0.0007841846810749953, 0.16088502969273943, 0.8716368238526924, 0.5581574556563289]

Score=0.068994182043
alpha=[0.046618137779808548, -0.002076034059394327, 0.057961871696665584]
beta=[1.4619831869192157, 1.4502298108664564, 1.4960631929249386, 1.5499846211292467, 1.5775168077083634, 1.5779059742198012]
gamma=[1, 0.7193446437825367, 0.0007841846810749953, 0.16088502969273943, 0.8716368238526924, 0.7502156871909021]

Score=0.0541544213155
alpha=[0.046618137779808548, -0.002076034059394327, 0.057961871696665584]
beta=[1.4619831869192157, 1.4502298108664564, 1.516044817745156, 1.5499846211292467, 1.5775168077083634, 1.5779059742198012]
gamma=[1, 0.7193446437825367, 0.0007841846810749953, 0.16088502969273943, 1, 0.5581574556563289]

Score=0.0575495771171
alpha=[0.046618137779808548, -0.002076034059394327, 0.057961871696665584]
beta=[1.4619831869192157, 1.4502298108664564, 1.516044817745156, 1.5499846211292467, 1.5775168077083634, 1.5779059742198012]
gamma=[1, 0.7193446437825367, 0.0007841846810749953, 0.16088502969273943, 0.8716368238526924, 0.7502156871909021]

Score=0.0417384699048
alpha=[0.046618137779808548, -0.002076034059394327, 0.057961871696665584]
beta=[1.4619831869192157, 1.4502298108664564, 1.4960631929249386, 1.5499846211292467, 1.5775168077083634, 1.5779059742198012]
gamma=[1, 0.7193446437825367, 0.0007841846810749953, 0.16088502969273943, 0.8716368238526924, 0.7502156871909021]

Score=0.084038562778
alpha=[0.046618137779808548, -0.002076034059394327, 0.057961871696665584]
beta=[1.4619831869192157, 1.4502298108664564, 1.516044817745156, 1.5499846211292467, 1.4151633135748338, 1.5803966044554318]
gamma=[1, 0.941844728931245, 0.0007841846810749953, 0.16088502969273943, 1, 0.5581574556563289]

Score=0.0687653404443
alpha=[0.046618137779808548, -0.002076034059394327, 0.057961871696665584]
beta=[1.48081699453094, 1.4502298108664564, 1.4960631929249386, 1.5499846211292467, 1.5775168077083634, 1.5779059742198012]
gamma=[1, 0.941844728931245, 0.0007841846810749953, 0.16088502969273943, 0.8716368238526924, 1]

Score=0.0944149807222
alpha=[0.046618137779808548, -0.002076034059394327, 0.05779644340812689]
beta=[1.48081699453094, 1.4502298108664564, 1.551185333045435, 1.4063589744121467, 1.5690698425039018, 1.5803966044554318]
gamma=[1, 0.941844728931245, 0.0007841846810749953, 0.16088502969273943, 0.8716368238526924, 0.5581574556563289]

Score=0.0891596562817
alpha=[0.004343275990773343, -0.014386386063796802, -0.0036926557866636314]
beta=[1.4948659780391449, 1.4641403490155585, 1.551185333045435, 1.4063589744121467, 1.4122649310261559, 1.5803966044554318]
gamma=[0.8516713683006494, 0.941844728931245, 0.5786167514805779, 0.3314361432434896, 0.8716368238526924, 0.7502156871909021]

