Score=0.0989510656697
[0.0012471113411726405, -0.015004997798948479, -0.090460192896144112, 1.5558819067071752, 1.4629408482960629, 1.5367607758463131, 1.4199111705089946, 1.5644888313291145, 1.4108034373579885, 0.5816612388993964, 0.2122381326532624, 1, 0.34357709562153604, 1, 1]

Score=0.0570448541775
[0.0012471113411726405, -0.015004997798948479, -0.088652011770065223, 1.5484042959379916, 1.4629408482960629, 1.5087389434597667, 1.4459894518186096, 1.5644888313291145, 1.4205385750751041, 0.5816612388993964, 0.2122381326532624, 1, 0.34357709562153604, 1, 1]

Score=0.0671662681274
[0.0012471113411726405, -0.015004997798948479, -0.089877928684286845, 1.5558819067071752, 1.4629408482960629, 1.5367607758463131, 1.4199111705089946, 1.5644888313291145, 1.4108034373579885, 0.5816612388993964, 0.2122381326532624, 1, 0.34357709562153604, 1, 1]

Score=0.0343931857614
[0.0012471113411726405, -0.015004997798948479, -0.088652011770065223, 1.5484042959379916, 1.4629408482960629, 1.5314837805413408, 1.4199111705089946, 1.5644888313291145, 1.4108034373579885, 0.5816612388993964, 0.2122381326532624, 1, 0.34357709562153604, 1, 1]

Score=0.455028081388
[0.0012471113411726405, -0.015004997798948479, -0.088652011770065223, 1.5484042959379916, 1.4629408482960629, 1.5087389434597667, 1.4459894518186096, 1.5644888313291145, 1.4108034373579885, 0.5816612388993964, 0.2122381326532624, 1, 1, 1, 1]

Score=0.103179190892
[0.0012471113411726405, -0.015004997798948479, -0.090460192896144112, 1.5558819067071752, 1.4629408482960629, 1.5367607758463131, 1.4459894518186096, 1.5663002240585504, 1.4205385750751041, 0.5816612388993964, 0.2122381326532624, 1, 0.34357709562153604, 1, 1]

Score=0.0341432111845
[0.0012471113411726405, -0.014788670037646109, -0.090460192896144112, 1.5558819067071752, 1.4629408482960629, 1.5367607758463131, 1.4459894518186096, 1.5663002240585504, 1.4205385750751041, 0.5816612388993964, 0.2122381326532624, 1, 0.34357709562153604, 1, 1]

Score=0.135952072115
[0.0012471113411726405, -0.013994151481360609, -0.090460192896144112, 1.5558819067071752, 1.4629408482960629, 1.5367607758463131, 1.4459894518186096, 1.5644888313291145, 1.4108034373579885, 0.5816612388993964, 0.2122381326532624, 1, 0.34357709562153604, 1, 1]

Score=0.0451871037841
[0.0012471113411726405, -0.015004997798948479, -0.090460192896144112, 1.5682456425726856, 1.4629408482960629, 1.5314837805413408, 1.4199111705089946, 1.5644888313291145, 1.4108034373579885, 0.5816612388993964, 0.2122381326532624, 1, 0.34357709562153604, 1, 1]

Score=0.119042468904
[0.0012471113411726405, -0.015004997798948479, -0.090486430024733791, 1.5484042959379916, 1.4629408482960629, 1.5367607758463131, 1.4459894518186096, 1.5562103346969014, 1.4108034373579885, 0.5816612388993964, 0.2122381326532624, 1, 0.34357709562153604, 1, 1]

Score=0.0346090882004
[0.0012471113411726405, -0.014788670037646109, -0.090486430024733791, 1.5484042959379916, 1.4629408482960629, 1.5367607758463131, 1.4459894518186096, 1.5663002240585504, 1.4205385750751041, 0.5816612388993964, 0.2122381326532624, 1, 0.34357709562153604, 1, 1]

Score=0.066975205187
[0.0012471113411726405, -0.013994151481360609, -0.090486430024733791, 1.5558819067071752, 1.4629408482960629, 1.5367607758463131, 1.4562376168723774, 1.5771599840462025, 1.4108034373579885, 0.5816612388993964, 0.2122381326532624, 1, 0.34357709562153604, 1, 1]

Score=0.310812197158
[0.0012471113411726405, -0.013994151481360609, -0.090486430024733791, 1.5510972035077566, 1.4537099086895038, 1.5316808784919254, 1.4459894518186096, 1.5615265054759764, 1.4205385750751041, 0.5816612388993964, 0.2122381326532624, 1, 0.34357709562153604, 1, 1]

Score=0.040649696624
[0.0017760303011754399, -0.013994151481360609, -0.091785953819531252, 1.5484042959379916, 1.4629408482960629, 1.5316808784919254, 1.4459894518186096, 1.575795331667031, 1.4205385750751041, 0.5816612388993964, 0.2122381326532624, 1, 0.34357709562153604, 1, 1]

Score=0.0808837273573
[0.0012471113411726405, -0.014788670037646109, -0.090486430024733791, 1.5510972035077566, 1.4629408482960629, 1.5255126334693858, 1.4459894518186096, 1.5615265054759764, 1.4108034373579885, 0.5816612388993964, 0.2122381326532624, 1, 0.34357709562153604, 1, 1]

Score=0.0382695539432
[0.0012471113411726405, -0.013994151481360609, -0.090486430024733791, 1.5510972035077566, 1.4537099086895038, 1.5316808784919254, 1.4459894518186096, 1.5644888313291145, 1.4108034373579885, 0.5816612388993964, 0.2122381326532624, 1, 0.34357709562153604, 1, 1]

Score=0.236025034169
[0.0012471113411726405, -0.013994151481360609, -0.090486430024733791, 1.5510972035077566, 1.4457953362765936, 1.5316808784919254, 1.4571314572441658, 1.5771599840462025, 1.4205385750751041, 0.5816612388993964, 0.2122381326532624, 1, 0.34357709562153604, 1, 1]

Score=0.0348958126965
[0.0012471113411726405, -0.013994151481360609, -0.090486430024733791, 1.546774693366576, 1.4629408482960629, 1.5316808784919254, 1.4459894518186096, 1.5644888313291145, 1.4108034373579885, 0.5816612388993964, 0.2122381326532624, 1, 0.34357709562153604, 1, 1]

Score=0.0379097535017
[0.0012471113411726405, -0.013994151481360609, -0.090486430024733791, 1.5484042959379916, 1.467341478819292, 1.5316808784919254, 1.4562376168723774, 1.5771599840462025, 1.4205385750751041, 0.5816612388993964, 0.2122381326532624, 1, 0.34357709562153604, 1, 1]

Score=0.0775983166359
[0.0012471113411726405, -0.013994151481360609, -0.090486430024733791, 1.5484042959379916, 1.4457953362765936, 1.5316808784919254, 1.4571314572441658, 1.5771599840462025, 1.4205385750751041, 0.5816612388993964, 0.2122381326532624, 1, 0.34357709562153604, 1, 1]

Score=0.0343246388626
[0.0012471113411726405, -0.014788670037646109, -0.090486430024733791, 1.5510972035077566, 1.467341478819292, 1.5316808784919254, 1.4562376168723774, 1.5644888313291145, 1.4205385750751041, 0.5816612388993964, 0.2122381326532624, 1, 0.34357709562153604, 1, 1]

Score=0.0800884496635
[0.0012471113411726405, -0.013994151481360609, -0.090486430024733791, 1.5510972035077566, 1.467341478819292, 1.5316808784919254, 1.4562376168723774, 1.5644888313291145, 1.4108034373579885, 0.5816612388993964, 0.2122381326532624, 1, 0.34357709562153604, 1, 1]

Score=0.088368516231
[0.0012471113411726405, -0.015004997798948479, -0.090486430024733791, 1.5510972035077566, 1.4629408482960629, 1.5367607758463131, 1.4562376168723774, 1.5731788185535491, 1.4108034373579885, 0.5816612388993964, 0.2122381326532624, 1, 0.34357709562153604, 1, 1]

Score=0.144385770321
[0.0012471113411726405, -0.013994151481360609, -0.090486430024733791, 1.5484042959379916, 1.4457953362765936, 1.5304626470581628, 1.4459894518186096, 1.5644888313291145, 1.4205385750751041, 0.5816612388993964, 0.2122381326532624, 1, 0.34357709562153604, 1, 1]

Score=0.0939802504959
[0.0012471113411726405, -0.013994151481360609, -0.090486430024733791, 1.5484042959379916, 1.4629408482960629, 1.5367607758463131, 1.4459894518186096, 1.5644888313291145, 1.4108034373579885, 0.5816612388993964, 0.2122381326532624, 1, 0.34357709562153604, 1, 1]

Score=0.117387631223
[0.0012471113411726405, -0.014788670037646109, -0.090486430024733791, 1.5510972035077566, 1.467341478819292, 1.5411618572111332, 1.4459894518186096, 1.5644888313291145, 1.4108034373579885, 0.5816612388993964, 0.2122381326532624, 1, 0.34357709562153604, 1, 1]

Score=0.034764212315
[0.0012471113411726405, -0.013994151481360609, -0.090486430024733791, 1.5484042959379916, 1.4537099086895038, 1.5367607758463131, 1.4459894518186096, 1.5771599840462025, 1.4108034373579885, 0.5816612388993964, 0.2122381326532624, 1, 0.34357709562153604, 1, 1]

Score=0.0406490222779
[0.0012471113411726405, -0.015004997798948479, -0.090486430024733791, 1.5484042959379916, 1.4629408482960629, 1.5367607758463131, 1.4459894518186096, 1.5644888313291145, 1.4205385750751041, 0.5816612388993964, 0.2122381326532624, 1, 0.34357709562153604, 1, 1]

Score=0.144040037157
[0.0012471113411726405, -0.014788670037646109, -0.090486430024733791, 1.5510972035077566, 1.4629408482960629, 1.5411618572111332, 1.4562376168723774, 1.5644888313291145, 1.4108034373579885, 0.5816612388993964, 0.2122381326532624, 1, 0.34357709562153604, 1, 1]

Score=0.180079234756
[0.0012471113411726405, -0.013994151481360609, -0.090486430024733791, 1.546774693366576, 1.4537099086895038, 1.5087389434597667, 1.4459894518186096, 1.5568765125811475, 1.4108034373579885, 0.5816612388993964, 0.2122381326532624, 1, 0.34357709562153604, 1, 1]




Final Population
[0.0012471113411726405, -0.015004997798948479, -0.090460192896144112, 1.5558819067071752, 1.4629408482960629, 1.5367607758463131, 1.4199111705089946, 1.5644888313291145, 1.4108034373579885, 0.5816612388993964, 0.2122381326532624, 1, 0.34357709562153604, 1, 1]
[0.0012471113411726405, -0.015004997798948479, -0.088652011770065223, 1.5484042959379916, 1.4629408482960629, 1.5087389434597667, 1.4459894518186096, 1.5644888313291145, 1.4205385750751041, 0.5816612388993964, 0.2122381326532624, 1, 0.34357709562153604, 1, 1]
[0.0012471113411726405, -0.015004997798948479, -0.089877928684286845, 1.5558819067071752, 1.4629408482960629, 1.5367607758463131, 1.4199111705089946, 1.5644888313291145, 1.4108034373579885, 0.5816612388993964, 0.2122381326532624, 1, 0.34357709562153604, 1, 1]
[0.0012471113411726405, -0.015004997798948479, -0.088652011770065223, 1.5484042959379916, 1.4629408482960629, 1.5314837805413408, 1.4199111705089946, 1.5644888313291145, 1.4108034373579885, 0.5816612388993964, 0.2122381326532624, 1, 0.34357709562153604, 1, 1]
[0.0012471113411726405, -0.015004997798948479, -0.088652011770065223, 1.5484042959379916, 1.4629408482960629, 1.5087389434597667, 1.4459894518186096, 1.5644888313291145, 1.4108034373579885, 0.5816612388993964, 0.2122381326532624, 1, 1, 1, 1]
[0.0012471113411726405, -0.015004997798948479, -0.090460192896144112, 1.5558819067071752, 1.4629408482960629, 1.5367607758463131, 1.4459894518186096, 1.5663002240585504, 1.4205385750751041, 0.5816612388993964, 0.2122381326532624, 1, 0.34357709562153604, 1, 1]
[0.0012471113411726405, -0.014788670037646109, -0.090460192896144112, 1.5558819067071752, 1.4629408482960629, 1.5367607758463131, 1.4459894518186096, 1.5663002240585504, 1.4205385750751041, 0.5816612388993964, 0.2122381326532624, 1, 0.34357709562153604, 1, 1]
[0.0012471113411726405, -0.013994151481360609, -0.090460192896144112, 1.5558819067071752, 1.4629408482960629, 1.5367607758463131, 1.4459894518186096, 1.5644888313291145, 1.4108034373579885, 0.5816612388993964, 0.2122381326532624, 1, 0.34357709562153604, 1, 1]
[0.0012471113411726405, -0.015004997798948479, -0.090460192896144112, 1.5682456425726856, 1.4629408482960629, 1.5314837805413408, 1.4199111705089946, 1.5644888313291145, 1.4108034373579885, 0.5816612388993964, 0.2122381326532624, 1, 0.34357709562153604, 1, 1]
[0.0012471113411726405, -0.015004997798948479, -0.090486430024733791, 1.5484042959379916, 1.4629408482960629, 1.5367607758463131, 1.4459894518186096, 1.5562103346969014, 1.4108034373579885, 0.5816612388993964, 0.2122381326532624, 1, 0.34357709562153604, 1, 1]
[0.0012471113411726405, -0.014788670037646109, -0.090486430024733791, 1.5484042959379916, 1.4629408482960629, 1.5367607758463131, 1.4459894518186096, 1.5663002240585504, 1.4205385750751041, 0.5816612388993964, 0.2122381326532624, 1, 0.34357709562153604, 1, 1]
[0.0012471113411726405, -0.013994151481360609, -0.090486430024733791, 1.5558819067071752, 1.4629408482960629, 1.5367607758463131, 1.4562376168723774, 1.5771599840462025, 1.4108034373579885, 0.5816612388993964, 0.2122381326532624, 1, 0.34357709562153604, 1, 1]
[0.0012471113411726405, -0.013994151481360609, -0.090486430024733791, 1.5510972035077566, 1.4537099086895038, 1.5316808784919254, 1.4459894518186096, 1.5615265054759764, 1.4205385750751041, 0.5816612388993964, 0.2122381326532624, 1, 0.34357709562153604, 1, 1]
[0.0017760303011754399, -0.013994151481360609, -0.091785953819531252, 1.5484042959379916, 1.4629408482960629, 1.5316808784919254, 1.4459894518186096, 1.575795331667031, 1.4205385750751041, 0.5816612388993964, 0.2122381326532624, 1, 0.34357709562153604, 1, 1]
[0.0012471113411726405, -0.014788670037646109, -0.090486430024733791, 1.5510972035077566, 1.4629408482960629, 1.5255126334693858, 1.4459894518186096, 1.5615265054759764, 1.4108034373579885, 0.5816612388993964, 0.2122381326532624, 1, 0.34357709562153604, 1, 1]
[0.0012471113411726405, -0.013994151481360609, -0.090486430024733791, 1.5510972035077566, 1.4537099086895038, 1.5316808784919254, 1.4459894518186096, 1.5644888313291145, 1.4108034373579885, 0.5816612388993964, 0.2122381326532624, 1, 0.34357709562153604, 1, 1]
[0.0012471113411726405, -0.013994151481360609, -0.090486430024733791, 1.5510972035077566, 1.4457953362765936, 1.5316808784919254, 1.4571314572441658, 1.5771599840462025, 1.4205385750751041, 0.5816612388993964, 0.2122381326532624, 1, 0.34357709562153604, 1, 1]
[0.0012471113411726405, -0.013994151481360609, -0.090486430024733791, 1.546774693366576, 1.4629408482960629, 1.5316808784919254, 1.4459894518186096, 1.5644888313291145, 1.4108034373579885, 0.5816612388993964, 0.2122381326532624, 1, 0.34357709562153604, 1, 1]
[0.0012471113411726405, -0.013994151481360609, -0.090486430024733791, 1.5484042959379916, 1.467341478819292, 1.5316808784919254, 1.4562376168723774, 1.5771599840462025, 1.4205385750751041, 0.5816612388993964, 0.2122381326532624, 1, 0.34357709562153604, 1, 1]
[0.0012471113411726405, -0.013994151481360609, -0.090486430024733791, 1.5484042959379916, 1.4457953362765936, 1.5316808784919254, 1.4571314572441658, 1.5771599840462025, 1.4205385750751041, 0.5816612388993964, 0.2122381326532624, 1, 0.34357709562153604, 1, 1]
[0.0012471113411726405, -0.014788670037646109, -0.090486430024733791, 1.5510972035077566, 1.467341478819292, 1.5316808784919254, 1.4562376168723774, 1.5644888313291145, 1.4205385750751041, 0.5816612388993964, 0.2122381326532624, 1, 0.34357709562153604, 1, 1]
[0.0012471113411726405, -0.013994151481360609, -0.090486430024733791, 1.5510972035077566, 1.467341478819292, 1.5316808784919254, 1.4562376168723774, 1.5644888313291145, 1.4108034373579885, 0.5816612388993964, 0.2122381326532624, 1, 0.34357709562153604, 1, 1]
[0.0012471113411726405, -0.015004997798948479, -0.090486430024733791, 1.5510972035077566, 1.4629408482960629, 1.5367607758463131, 1.4562376168723774, 1.5731788185535491, 1.4108034373579885, 0.5816612388993964, 0.2122381326532624, 1, 0.34357709562153604, 1, 1]
[0.0012471113411726405, -0.013994151481360609, -0.090486430024733791, 1.5484042959379916, 1.4457953362765936, 1.5304626470581628, 1.4459894518186096, 1.5644888313291145, 1.4205385750751041, 0.5816612388993964, 0.2122381326532624, 1, 0.34357709562153604, 1, 1]
[0.0012471113411726405, -0.013994151481360609, -0.090486430024733791, 1.5484042959379916, 1.4629408482960629, 1.5367607758463131, 1.4459894518186096, 1.5644888313291145, 1.4108034373579885, 0.5816612388993964, 0.2122381326532624, 1, 0.34357709562153604, 1, 1]
[0.0012471113411726405, -0.014788670037646109, -0.090486430024733791, 1.5510972035077566, 1.467341478819292, 1.5411618572111332, 1.4459894518186096, 1.5644888313291145, 1.4108034373579885, 0.5816612388993964, 0.2122381326532624, 1, 0.34357709562153604, 1, 1]
[0.0012471113411726405, -0.013994151481360609, -0.090486430024733791, 1.5484042959379916, 1.4537099086895038, 1.5367607758463131, 1.4459894518186096, 1.5771599840462025, 1.4108034373579885, 0.5816612388993964, 0.2122381326532624, 1, 0.34357709562153604, 1, 1]
[0.0012471113411726405, -0.015004997798948479, -0.090486430024733791, 1.5484042959379916, 1.4629408482960629, 1.5367607758463131, 1.4459894518186096, 1.5644888313291145, 1.4205385750751041, 0.5816612388993964, 0.2122381326532624, 1, 0.34357709562153604, 1, 1]
[0.0012471113411726405, -0.014788670037646109, -0.090486430024733791, 1.5510972035077566, 1.4629408482960629, 1.5411618572111332, 1.4562376168723774, 1.5644888313291145, 1.4108034373579885, 0.5816612388993964, 0.2122381326532624, 1, 0.34357709562153604, 1, 1]
[0.0012471113411726405, -0.013994151481360609, -0.090486430024733791, 1.546774693366576, 1.4537099086895038, 1.5087389434597667, 1.4459894518186096, 1.5568765125811475, 1.4108034373579885, 0.5816612388993964, 0.2122381326532624, 1, 0.34357709562153604, 1, 1]
