Score=0.097869613796
alpha=[0.031436099360264515, -0.06562444370880839, -0.06624727027557788]
beta=[1.555772062446726, 1.529531458815822, 1.5647636276721548, 1.5794826791869994, 1.457664281026995, 1.4188973276048502]
gamma=[0.3688653479110443, 0.6946734230396159, 0.5943441210191863, 0.9059443254054996, 0.8531732270130238, 1]
[0.031436099360264515, -0.06562444370880839, -0.06624727027557788, 1.555772062446726, 1.529531458815822, 1.5647636276721548, 1.5794826791869994, 1.457664281026995, 1.4188973276048502, 0.3688653479110443, 0.6946734230396159, 0.5943441210191863, 0.9059443254054996, 0.8531732270130238, 1]

Score=0.0921733167475
alpha=[0.0071506736809520827, -0.08018362625522342, -0.07403895854379319]
beta=[1.5075966287556952, 1.5484997985695623, 1.5130435996723997, 1.5688434631205996, 1.457664281026995, 1.535335706422668]
gamma=[0.04385207397415403, 0.8405980747276985, 0.11066794706963257, 1, 1, 1]
[0.0071506736809520827, -0.08018362625522342, -0.07403895854379319, 1.5075966287556952, 1.5484997985695623, 1.5130435996723997, 1.5688434631205996, 1.457664281026995, 1.535335706422668, 0.04385207397415403, 0.8405980747276985, 0.11066794706963257, 1, 1, 1]

Score=0.0672016258015
alpha=[0.011287757291712885, -0.06562444370880839, -0.06624727027557788]
beta=[1.5918561726089426, 1.5869120402055341, 1.5420455907903559, 1.576434806716197, 1.457664281026995, 1.4188973276048502]
gamma=[1, 0.292406153223703, 0.11066794706963257, 0.9059443254054996, 0.135757204318819, 1]
[0.011287757291712885, -0.06562444370880839, -0.06624727027557788, 1.5918561726089426, 1.5869120402055341, 1.5420455907903559, 1.576434806716197, 1.457664281026995, 1.4188973276048502, 1, 0.292406153223703, 0.11066794706963257, 0.9059443254054996, 0.135757204318819, 1]

Score=0.0980252035509
alpha=[0.0071506736809520827, -0.08018362625522342, -0.07403895854379319]
beta=[1.4942431615593854, 1.5860615289806346, 1.5420455907903559, 1.5688434631205996, 1.457664281026995, 1.535335706422668]
gamma=[0.04385207397415403, 0.8405980747276985, 0.11066794706963257, 0.9059443254054996, 1, 1]
[0.0071506736809520827, -0.08018362625522342, -0.07403895854379319, 1.4942431615593854, 1.5860615289806346, 1.5420455907903559, 1.5688434631205996, 1.457664281026995, 1.535335706422668, 0.04385207397415403, 0.8405980747276985, 0.11066794706963257, 0.9059443254054996, 1, 1]

Score=0.0887746185151
alpha=[0.0099458654423940137, -0.06562444370880839, -0.06624727027557788]
beta=[1.5797188440829897, 1.4468866910871696, 1.5670557489835542, 1.576434806716197, 1.457664281026995, 1.4188973276048502]
gamma=[1, 0.292406153223703, 0.11066794706963257, 0.9059443254054996, 0.135757204318819, 1]
[0.0099458654423940137, -0.06562444370880839, -0.06624727027557788, 1.5797188440829897, 1.4468866910871696, 1.5670557489835542, 1.576434806716197, 1.457664281026995, 1.4188973276048502, 1, 0.292406153223703, 0.11066794706963257, 0.9059443254054996, 0.135757204318819, 1]

Score=0.0766346301327
alpha=[0.0074776825261326507, -0.08018362625522342, -0.07403895854379319]
beta=[1.5075966287556952, 1.5869120402055341, 1.5130435996723997, 1.5740927547893504, 1.457664281026995, 1.535335706422668]
gamma=[0.04385207397415403, 0.8405980747276985, 0.11066794706963257, 1, 1, 1]
[0.0074776825261326507, -0.08018362625522342, -0.07403895854379319, 1.5075966287556952, 1.5869120402055341, 1.5130435996723997, 1.5740927547893504, 1.457664281026995, 1.535335706422668, 0.04385207397415403, 0.8405980747276985, 0.11066794706963257, 1, 1, 1]

Score=0.0727306438277
alpha=[0.011287757291712885, -0.066941741116104125, -0.06624727027557788]
beta=[1.4942431615593854, 1.5869120402055341, 1.5647636276721548, 1.576434806716197, 1.457664281026995, 1.535335706422668]
gamma=[0.24978044037021319, 1, 0.11066794706963257, 0.9059443254054996, 0.135757204318819, 1]
[0.011287757291712885, -0.066941741116104125, -0.06624727027557788, 1.4942431615593854, 1.5869120402055341, 1.5647636276721548, 1.576434806716197, 1.457664281026995, 1.535335706422668, 0.24978044037021319, 1, 0.11066794706963257, 0.9059443254054996, 0.135757204318819, 1]

Score=0.0825950707629
alpha=[0.0074776825261326507, -0.066941741116104125, -0.06624727027557788]
beta=[1.5918561726089426, 1.4468866910871696, 1.5647636276721548, 1.576434806716197, 1.457664281026995, 1.535335706422668]
gamma=[1, 0.292406153223703, 0.11066794706963257, 0.9059443254054996, 0.135757204318819, 1]
[0.0074776825261326507, -0.066941741116104125, -0.06624727027557788, 1.5918561726089426, 1.4468866910871696, 1.5647636276721548, 1.576434806716197, 1.457664281026995, 1.535335706422668, 1, 0.292406153223703, 0.11066794706963257, 0.9059443254054996, 0.135757204318819, 1]

Score=0.0569040056315
alpha=[0.0074776825261326507, -0.067576144933299789, -0.06624727027557788]
beta=[1.5918561726089426, 1.4468866910871696, 1.5806506447289108, 1.576434806716197, 1.457664281026995, 1.535335706422668]
gamma=[1, 0.292406153223703, 0.11066794706963257, 0.9059443254054996, 0.135757204318819, 1]
[0.0074776825261326507, -0.067576144933299789, -0.06624727027557788, 1.5918561726089426, 1.4468866910871696, 1.5806506447289108, 1.576434806716197, 1.457664281026995, 1.535335706422668, 1, 0.292406153223703, 0.11066794706963257, 0.9059443254054996, 0.135757204318819, 1]

Score=0.078367753808
alpha=[0.0074776825261326507, -0.08018362625522342, -0.07403895854379319]
beta=[1.4942431615593854, 1.5721614395812709, 1.5841784691083294, 1.576434806716197, 1.457664281026995, 1.5309883811757032]
gamma=[1, 0.292406153223703, 0.11066794706963257, 0.9059443254054996, 1, 1]
[0.0074776825261326507, -0.08018362625522342, -0.07403895854379319, 1.4942431615593854, 1.5721614395812709, 1.5841784691083294, 1.576434806716197, 1.457664281026995, 1.5309883811757032, 1, 0.292406153223703, 0.11066794706963257, 0.9059443254054996, 1, 1]

Score=0.0962760248601
alpha=[0.0074776825261326507, -0.06562444370880839, -0.06624727027557788]
beta=[1.516832692234962, 1.5721614395812709, 1.5841784691083294, 1.576434806716197, 1.457664281026995, 1.5309883811757032]
gamma=[1, 0.8405980747276985, 0.11066794706963257, 1, 1, 1]
[0.0074776825261326507, -0.06562444370880839, -0.06624727027557788, 1.516832692234962, 1.5721614395812709, 1.5841784691083294, 1.576434806716197, 1.457664281026995, 1.5309883811757032, 1, 0.8405980747276985, 0.11066794706963257, 1, 1, 1]

Score=0.0979970549527
alpha=[0.0074776825261326507, -0.06562444370880839, -0.066752734749624176]
beta=[1.5918561726089426, 1.4468866910871696, 1.5806506447289108, 1.576434806716197, 1.457664281026995, 1.5309883811757032]
gamma=[1, 0.292406153223703, 0.11066794706963257, 0.9059443254054996, 1, 1]
[0.0074776825261326507, -0.06562444370880839, -0.066752734749624176, 1.5918561726089426, 1.4468866910871696, 1.5806506447289108, 1.576434806716197, 1.457664281026995, 1.5309883811757032, 1, 0.292406153223703, 0.11066794706963257, 0.9059443254054996, 1, 1]

Score=0.0461927191542
alpha=[0.011287757291712885, -0.066941741116104125, -0.07403895854379319]
beta=[1.4942431615593854, 1.5484997985695623, 1.5647636276721548, 1.576434806716197, 1.457664281026995, 1.5309883811757032]
gamma=[0.24978044037021319, 1, 0.11066794706963257, 0.9059443254054996, 0.135757204318819, 1]
[0.011287757291712885, -0.066941741116104125, -0.07403895854379319, 1.4942431615593854, 1.5484997985695623, 1.5647636276721548, 1.576434806716197, 1.457664281026995, 1.5309883811757032, 0.24978044037021319, 1, 0.11066794706963257, 0.9059443254054996, 0.135757204318819, 1]

Score=0.0914936117858
alpha=[0.0074776825261326507, -0.067765593990057493, -0.066752734749624176]
beta=[1.5918561726089426, 1.5804988590257876, 1.5806506447289108, 1.576434806716197, 1.457664281026995, 1.5203689770425115]
gamma=[1, 0.292406153223703, 0.11066794706963257, 0.9059443254054996, 1, 1]
[0.0074776825261326507, -0.067765593990057493, -0.066752734749624176, 1.5918561726089426, 1.5804988590257876, 1.5806506447289108, 1.576434806716197, 1.457664281026995, 1.5203689770425115, 1, 0.292406153223703, 0.11066794706963257, 0.9059443254054996, 1, 1]

Score=0.0397282796425
alpha=[0.0074776825261326507, -0.06562444370880839, -0.066752734749624176]
beta=[1.4942431615593854, 1.4410848795678177, 1.5806506447289108, 1.576434806716197, 1.457664281026995, 1.5309883811757032]
gamma=[1, 0.292406153223703, 0.11066794706963257, 0.9059443254054996, 0.135757204318819, 1]
[0.0074776825261326507, -0.06562444370880839, -0.066752734749624176, 1.4942431615593854, 1.4410848795678177, 1.5806506447289108, 1.576434806716197, 1.457664281026995, 1.5309883811757032, 1, 0.292406153223703, 0.11066794706963257, 0.9059443254054996, 0.135757204318819, 1]

Score=0.099600600116
alpha=[0.0074776825261326507, -0.066125171012604872, -0.066752734749624176]
beta=[1.5918561726089426, 1.4410848795678177, 1.5806506447289108, 1.576434806716197, 1.457664281026995, 1.5309883811757032]
gamma=[1, 0.292406153223703, 0.11066794706963257, 0.9059443254054996, 0.135757204318819, 1]
[0.0074776825261326507, -0.066125171012604872, -0.066752734749624176, 1.5918561726089426, 1.4410848795678177, 1.5806506447289108, 1.576434806716197, 1.457664281026995, 1.5309883811757032, 1, 0.292406153223703, 0.11066794706963257, 0.9059443254054996, 0.135757204318819, 1]

Score=0.0713579245892
alpha=[0.0074776825261326507, -0.067765593990057493, -0.066752734749624176]
beta=[1.4942431615593854, 1.4410848795678177, 1.5806506447289108, 1.576434806716197, 1.457664281026995, 1.5309883811757032]
gamma=[1, 0.292406153223703, 0.11066794706963257, 0.9059443254054996, 0.135757204318819, 1]
[0.0074776825261326507, -0.067765593990057493, -0.066752734749624176, 1.4942431615593854, 1.4410848795678177, 1.5806506447289108, 1.576434806716197, 1.457664281026995, 1.5309883811757032, 1, 0.292406153223703, 0.11066794706963257, 0.9059443254054996, 0.135757204318819, 1]

Score=0.089872064674
alpha=[0.0074776825261326507, -0.066941741116104125, -0.066963011725878069]
beta=[1.4942431615593854, 1.5804988590257876, 1.5841784691083294, 1.576434806716197, 1.4567453862250608, 1.5246112393671529]
gamma=[0.24978044037021319, 1, 0.11066794706963257, 1, 1, 1]
[0.0074776825261326507, -0.066941741116104125, -0.066963011725878069, 1.4942431615593854, 1.5804988590257876, 1.5841784691083294, 1.576434806716197, 1.4567453862250608, 1.5246112393671529, 0.24978044037021319, 1, 0.11066794706963257, 1, 1, 1]

Score=0.0692841124079
alpha=[0.0074776825261326507, -0.066941741116104125, -0.066752734749624176]
beta=[1.4942431615593854, 1.5721839266805855, 1.5841784691083294, 1.5811046811785856, 1.4407963674562103, 1.5246112393671529]
gamma=[1, 0.292406153223703, 0.11066794706963257, 0.9059443254054996, 1, 1]
[0.0074776825261326507, -0.066941741116104125, -0.066752734749624176, 1.4942431615593854, 1.5721839266805855, 1.5841784691083294, 1.5811046811785856, 1.4407963674562103, 1.5246112393671529, 1, 0.292406153223703, 0.11066794706963257, 0.9059443254054996, 1, 1]

Score=0.08602461009
alpha=[0.011287757291712885, -0.066941741116104125, -0.066963011725878069]
beta=[1.4942431615593854, 1.5837420000431413, 1.5841784691083294, 1.576434806716197, 1.4567453862250608, 1.5309883811757032]
gamma=[0.24978044037021319, 1, 0.11066794706963257, 1, 0.135757204318819, 1]
[0.011287757291712885, -0.066941741116104125, -0.066963011725878069, 1.4942431615593854, 1.5837420000431413, 1.5841784691083294, 1.576434806716197, 1.4567453862250608, 1.5309883811757032, 0.24978044037021319, 1, 0.11066794706963257, 1, 0.135757204318819, 1]

Score=0.0420444207461
alpha=[0.0074776825261326507, -0.066941741116104125, -0.066752734749624176]
beta=[1.5918561726089426, 1.5721839266805855, 1.5841784691083294, 1.5811046811785856, 1.4407963674562103, 1.5203689770425115]
gamma=[1, 0.292406153223703, 0.11066794706963257, 1, 0.135757204318819, 1]
[0.0074776825261326507, -0.066941741116104125, -0.066752734749624176, 1.5918561726089426, 1.5721839266805855, 1.5841784691083294, 1.5811046811785856, 1.4407963674562103, 1.5203689770425115, 1, 0.292406153223703, 0.11066794706963257, 1, 0.135757204318819, 1]

Score=0.0454273347848
alpha=[0.011287757291712885, -0.066941741116104125, -0.066963011725878069]
beta=[1.4942431615593854, 1.5721839266805855, 1.5841784691083294, 1.576434806716197, 1.4567453862250608, 1.5203689770425115]
gamma=[0.24978044037021319, 1, 0.11066794706963257, 1, 0.135757204318819, 1]
[0.011287757291712885, -0.066941741116104125, -0.066963011725878069, 1.4942431615593854, 1.5721839266805855, 1.5841784691083294, 1.576434806716197, 1.4567453862250608, 1.5203689770425115, 0.24978044037021319, 1, 0.11066794706963257, 1, 0.135757204318819, 1]

Score=0.0944335052869
alpha=[0.011287757291712885, -0.066941741116104125, -0.066752734749624176]
beta=[1.5918561726089426, 1.5721839266805855, 1.5841784691083294, 1.5811046811785856, 1.4407963674562103, 1.5203689770425115]
gamma=[1, 0.292406153223703, 0.11066794706963257, 1, 0.135757204318819, 1]
[0.011287757291712885, -0.066941741116104125, -0.066752734749624176, 1.5918561726089426, 1.5721839266805855, 1.5841784691083294, 1.5811046811785856, 1.4407963674562103, 1.5203689770425115, 1, 0.292406153223703, 0.11066794706963257, 1, 0.135757204318819, 1]

Score=0.0539521876081
alpha=[0.011287757291712885, -0.066941741116104125, -0.066963011725878069]
beta=[1.5918561726089426, 1.5721839266805855, 1.5448131831800329, 1.576434806716197, 1.4407963674562103, 1.5203689770425115]
gamma=[0.24978044037021319, 1, 0.11066794706963257, 1, 0.135757204318819, 1]
[0.011287757291712885, -0.066941741116104125, -0.066963011725878069, 1.5918561726089426, 1.5721839266805855, 1.5448131831800329, 1.576434806716197, 1.4407963674562103, 1.5203689770425115, 0.24978044037021319, 1, 0.11066794706963257, 1, 0.135757204318819, 1]

Score=0.0935634408176
alpha=[0.0074776825261326507, -0.066941741116104125, -0.066752734749624176]
beta=[1.4942431615593854, 1.5721839266805855, 1.5841784691083294, 1.5811046811785856, 1.4407963674562103, 1.5203689770425115]
gamma=[1, 0.292406153223703, 0.11066794706963257, 0.9059443254054996, 0.135757204318819, 1]
[0.0074776825261326507, -0.066941741116104125, -0.066752734749624176, 1.4942431615593854, 1.5721839266805855, 1.5841784691083294, 1.5811046811785856, 1.4407963674562103, 1.5203689770425115, 1, 0.292406153223703, 0.11066794706963257, 0.9059443254054996, 0.135757204318819, 1]

Score=0.084580927865
alpha=[0.0074776825261326507, -0.066941741116104125, -0.072718690678577044]
beta=[1.4942431615593854, 1.5721839266805855, 1.5841784691083294, 1.576434806716197, 1.4407963674562103, 1.5108103544862515]
gamma=[1, 1, 0.11066794706963257, 1, 1, 1]
[0.0074776825261326507, -0.066941741116104125, -0.072718690678577044, 1.4942431615593854, 1.5721839266805855, 1.5841784691083294, 1.576434806716197, 1.4407963674562103, 1.5108103544862515, 1, 1, 0.11066794706963257, 1, 1, 1]

Score=0.095788185646
alpha=[0.0099122707452336013, -0.066941741116104125, -0.066963011725878069]
beta=[1.5918561726089426, 1.5721839266805855, 1.551444295650878, 1.576434806716197, 1.4567453862250608, 1.5203689770425115]
gamma=[1, 0.292406153223703, 0.11066794706963257, 1, 0.135757204318819, 1]
[0.0099122707452336013, -0.066941741116104125, -0.066963011725878069, 1.5918561726089426, 1.5721839266805855, 1.551444295650878, 1.576434806716197, 1.4567453862250608, 1.5203689770425115, 1, 0.292406153223703, 0.11066794706963257, 1, 0.135757204318819, 1]

Score=0.0847822728233
alpha=[0.0070470314903214541, -0.066941741116104125, -0.07403895854379319]
beta=[1.5921109967769722, 1.5721839266805855, 1.5841784691083294, 1.576434806716197, 1.4237417307771303, 1.5203689770425115]
gamma=[1, 0.292406153223703, 0.11066794706963257, 0.9059443254054996, 0.135757204318819, 1]
[0.0070470314903214541, -0.066941741116104125, -0.07403895854379319, 1.5921109967769722, 1.5721839266805855, 1.5841784691083294, 1.576434806716197, 1.4237417307771303, 1.5203689770425115, 1, 0.292406153223703, 0.11066794706963257, 0.9059443254054996, 0.135757204318819, 1]

Score=0.0964309469107
alpha=[0.0099122707452336013, -0.066941741116104125, -0.066752734749624176]
beta=[1.4942431615593854, 1.5668976087902828, 1.5448131831800329, 1.5914730120598579, 1.4407963674562103, 1.5182080144943044]
gamma=[1, 0.292406153223703, 0.11066794706963257, 1, 1, 1]
[0.0099122707452336013, -0.066941741116104125, -0.066752734749624176, 1.4942431615593854, 1.5668976087902828, 1.5448131831800329, 1.5914730120598579, 1.4407963674562103, 1.5182080144943044, 1, 0.292406153223703, 0.11066794706963257, 1, 1, 1]

Score=0.0715316871023
alpha=[0.0070470314903214541, -0.066941741116104125, -0.066963011725878069]
beta=[1.5918561726089426, 1.5792371614974414, 1.5841784691083294, 1.5625465003124319, 1.4407963674562103, 1.5203689770425115]
gamma=[1, 0.292406153223703, 0.11066794706963257, 0.9059443254054996, 0.135757204318819, 1]
[0.0070470314903214541, -0.066941741116104125, -0.066963011725878069, 1.5918561726089426, 1.5792371614974414, 1.5841784691083294, 1.5625465003124319, 1.4407963674562103, 1.5203689770425115, 1, 0.292406153223703, 0.11066794706963257, 0.9059443254054996, 0.135757204318819, 1]

Score=0.0854438705853
alpha=[0.0070470314903214541, -0.066941741116104125, -0.066963011725878069]
beta=[1.5921109967769722, 1.5611290590012783, 1.5841784691083294, 1.5625465003124319, 1.4407963674562103, 1.5203689770425115]
gamma=[1, 0.292406153223703, 0.11066794706963257, 1, 1, 1]
[0.0070470314903214541, -0.066941741116104125, -0.066963011725878069, 1.5921109967769722, 1.5611290590012783, 1.5841784691083294, 1.5625465003124319, 1.4407963674562103, 1.5203689770425115, 1, 0.292406153223703, 0.11066794706963257, 1, 1, 1]

Score=0.0779252523772
alpha=[0.0070470314903214541, -0.066941741116104125, -0.066963011725878069]
beta=[1.5921109967769722, 1.5721839266805855, 1.5841784691083294, 1.5811046811785856, 1.4567453862250608, 1.5108103544862515]
gamma=[1, 0.292406153223703, 0.11066794706963257, 1, 0.135757204318819, 1]
[0.0070470314903214541, -0.066941741116104125, -0.066963011725878069, 1.5921109967769722, 1.5721839266805855, 1.5841784691083294, 1.5811046811785856, 1.4567453862250608, 1.5108103544862515, 1, 0.292406153223703, 0.11066794706963257, 1, 0.135757204318819, 1]

Score=0.0915269778778
alpha=[0.0070470314903214541, -0.066941741116104125, -0.066963011725878069]
beta=[1.5921109967769722, 1.5721839266805855, 1.5841784691083294, 1.5811046811785856, 1.4567453862250608, 1.5108103544862515]
gamma=[1, 0.292406153223703, 0.11066794706963257, 1, 0.135757204318819, 1]
[0.0070470314903214541, -0.066941741116104125, -0.066963011725878069, 1.5921109967769722, 1.5721839266805855, 1.5841784691083294, 1.5811046811785856, 1.4567453862250608, 1.5108103544862515, 1, 0.292406153223703, 0.11066794706963257, 1, 0.135757204318819, 1]

Score=0.0886060141345
alpha=[0.0070470314903214541, -0.066941741116104125, -0.066963011725878069]
beta=[1.5918561726089426, 1.5792371614974414, 1.5841784691083294, 1.5811046811785856, 1.4407963674562103, 1.5203689770425115]
gamma=[1, 0.292406153223703, 0.11066794706963257, 0.9059443254054996, 0.135757204318819, 1]
[0.0070470314903214541, -0.066941741116104125, -0.066963011725878069, 1.5918561726089426, 1.5792371614974414, 1.5841784691083294, 1.5811046811785856, 1.4407963674562103, 1.5203689770425115, 1, 0.292406153223703, 0.11066794706963257, 0.9059443254054996, 0.135757204318819, 1]

Score=0.0835056200449
alpha=[0.0070470314903214541, -0.066941741116104125, -0.066963011725878069]
beta=[1.5921109967769722, 1.5721839266805855, 1.5841784691083294, 1.5811046811785856, 1.4407963674562103, 1.5203689770425115]
gamma=[1, 0.292406153223703, 0.11066794706963257, 0.9059443254054996, 0.135757204318819, 1]
[0.0070470314903214541, -0.066941741116104125, -0.066963011725878069, 1.5921109967769722, 1.5721839266805855, 1.5841784691083294, 1.5811046811785856, 1.4407963674562103, 1.5203689770425115, 1, 0.292406153223703, 0.11066794706963257, 0.9059443254054996, 0.135757204318819, 1]

Score=0.0619772473498
alpha=[0.0070470314903214541, -0.066941741116104125, -0.066963011725878069]
beta=[1.5918561726089426, 1.5792371614974414, 1.5841784691083294, 1.5625465003124319, 1.4407963674562103, 1.5203689770425115]
gamma=[1, 0.292406153223703, 0.11066794706963257, 0.9059443254054996, 0.135757204318819, 1]
[0.0070470314903214541, -0.066941741116104125, -0.066963011725878069, 1.5918561726089426, 1.5792371614974414, 1.5841784691083294, 1.5625465003124319, 1.4407963674562103, 1.5203689770425115, 1, 0.292406153223703, 0.11066794706963257, 0.9059443254054996, 0.135757204318819, 1]

Score=0.0922103083934
alpha=[0.011555581740306645, -0.066941741116104125, -0.072718690678577044]
beta=[1.5918561726089426, 1.5767659972032895, 1.5841784691083294, 1.5882948285268572, 1.4360011451910606, 1.5203689770425115]
gamma=[1, 0.292406153223703, 0.11066794706963257, 1, 1, 1]
[0.011555581740306645, -0.066941741116104125, -0.072718690678577044, 1.5918561726089426, 1.5767659972032895, 1.5841784691083294, 1.5882948285268572, 1.4360011451910606, 1.5203689770425115, 1, 0.292406153223703, 0.11066794706963257, 1, 1, 1]

Score=0.0952629917964
alpha=[0.011555581740306645, -0.066941741116104125, -0.066963011725878069]
beta=[1.5918561726089426, 1.5721839266805855, 1.5841784691083294, 1.5811046811785856, 1.4567453862250608, 1.5203689770425115]
gamma=[1, 0.292406153223703, 0.11066794706963257, 1, 1, 1]
[0.011555581740306645, -0.066941741116104125, -0.066963011725878069, 1.5918561726089426, 1.5721839266805855, 1.5841784691083294, 1.5811046811785856, 1.4567453862250608, 1.5203689770425115, 1, 0.292406153223703, 0.11066794706963257, 1, 1, 1]

Score=0.0638144751043
alpha=[0.0070470314903214541, -0.066941741116104125, -0.070741357023694787]
beta=[1.5921109967769722, 1.5792371614974414, 1.5841784691083294, 1.5625465003124319, 1.4407963674562103, 1.5203689770425115]
gamma=[1, 0.292406153223703, 0.11066794706963257, 1, 0.135757204318819, 1]
[0.0070470314903214541, -0.066941741116104125, -0.070741357023694787, 1.5921109967769722, 1.5792371614974414, 1.5841784691083294, 1.5625465003124319, 1.4407963674562103, 1.5203689770425115, 1, 0.292406153223703, 0.11066794706963257, 1, 0.135757204318819, 1]

Score=0.0641567501948
alpha=[0.0070470314903214541, -0.066859818866021256, -0.066963011725878069]
beta=[1.5918561726089426, 1.5721839266805855, 1.5841784691083294, 1.5811046811785856, 1.4407963674562103, 1.5203689770425115]
gamma=[1, 0.292406153223703, 0.11066794706963257, 0.9059443254054996, 0.135757204318819, 1]
[0.0070470314903214541, -0.066859818866021256, -0.066963011725878069, 1.5918561726089426, 1.5721839266805855, 1.5841784691083294, 1.5811046811785856, 1.4407963674562103, 1.5203689770425115, 1, 0.292406153223703, 0.11066794706963257, 0.9059443254054996, 0.135757204318819, 1]

Score=0.0974362681115
alpha=[0.011555581740306645, -0.069036010991037317, -0.072718690678577044]
beta=[1.5921109967769722, 1.5721839266805855, 1.5841784691083294, 1.576434806716197, 1.4237417307771303, 1.5108103544862515]
gamma=[1, 0.292406153223703, 0.11066794706963257, 1, 1, 1]
[0.011555581740306645, -0.069036010991037317, -0.072718690678577044, 1.5921109967769722, 1.5721839266805855, 1.5841784691083294, 1.576434806716197, 1.4237417307771303, 1.5108103544862515, 1, 0.292406153223703, 0.11066794706963257, 1, 1, 1]

Score=0.0957982542443
alpha=[0.011555581740306645, -0.069036010991037317, -0.072718690678577044]
beta=[1.5921109967769722, 1.5721839266805855, 1.5841784691083294, 1.5625465003124319, 1.4541447242344729, 1.5108103544862515]
gamma=[1, 0.292406153223703, 0.11066794706963257, 1, 0.135757204318819, 1]
[0.011555581740306645, -0.069036010991037317, -0.072718690678577044, 1.5921109967769722, 1.5721839266805855, 1.5841784691083294, 1.5625465003124319, 1.4541447242344729, 1.5108103544862515, 1, 0.292406153223703, 0.11066794706963257, 1, 0.135757204318819, 1]

Score=0.0842739473804
alpha=[0.0070470314903214541, -0.069036010991037317, -0.066963011725878069]
beta=[1.5921109967769722, 1.5721839266805855, 1.5841784691083294, 1.5811046811785856, 1.4407963674562103, 1.5182080144943044]
gamma=[1, 1, 0.11066794706963257, 0.9059443254054996, 0.135757204318819, 1]
[0.0070470314903214541, -0.069036010991037317, -0.066963011725878069, 1.5921109967769722, 1.5721839266805855, 1.5841784691083294, 1.5811046811785856, 1.4407963674562103, 1.5182080144943044, 1, 1, 0.11066794706963257, 0.9059443254054996, 0.135757204318819, 1]

Score=0.0613914299754
alpha=[0.011555581740306645, -0.066941741116104125, -0.066963011725878069]
beta=[1.5918561726089426, 1.5792371614974414, 1.5841784691083294, 1.5623944817988391, 1.4407963674562103, 1.5203689770425115]
gamma=[1, 0.292406153223703, 0.11066794706963257, 1, 0.135757204318819, 1]
[0.011555581740306645, -0.066941741116104125, -0.066963011725878069, 1.5918561726089426, 1.5792371614974414, 1.5841784691083294, 1.5623944817988391, 1.4407963674562103, 1.5203689770425115, 1, 0.292406153223703, 0.11066794706963257, 1, 0.135757204318819, 1]

Score=0.0992383556576
alpha=[0.0070470314903214541, -0.066941741116104125, -0.066963011725878069]
beta=[1.5918561726089426, 1.5792371614974414, 1.5841784691083294, 1.5625465003124319, 1.4407963674562103, 1.5203689770425115]
gamma=[1, 0.292406153223703, 0.11066794706963257, 1, 0.135757204318819, 1]
[0.0070470314903214541, -0.066941741116104125, -0.066963011725878069, 1.5918561726089426, 1.5792371614974414, 1.5841784691083294, 1.5625465003124319, 1.4407963674562103, 1.5203689770425115, 1, 0.292406153223703, 0.11066794706963257, 1, 0.135757204318819, 1]

Score=0.0831578115096
alpha=[0.0070470314903214541, -0.066941741116104125, -0.066963011725878069]
beta=[1.5918561726089426, 1.5792371614974414, 1.5841784691083294, 1.5622662131112346, 1.4407963674562103, 1.5114397700667499]
gamma=[1, 0.292406153223703, 0.11066794706963257, 0.9059443254054996, 0.135757204318819, 1]
[0.0070470314903214541, -0.066941741116104125, -0.066963011725878069, 1.5918561726089426, 1.5792371614974414, 1.5841784691083294, 1.5622662131112346, 1.4407963674562103, 1.5114397700667499, 1, 0.292406153223703, 0.11066794706963257, 0.9059443254054996, 0.135757204318819, 1]

Score=0.0663204356302
alpha=[0.0070470314903214541, -0.066941741116104125, -0.066963011725878069]
beta=[1.5918561726089426, 1.5792371614974414, 1.5961827619472106, 1.5622662131112346, 1.4407963674562103, 1.5203689770425115]
gamma=[1, 0.292406153223703, 0.11066794706963257, 0.9059443254054996, 0.135757204318819, 1]
[0.0070470314903214541, -0.066941741116104125, -0.066963011725878069, 1.5918561726089426, 1.5792371614974414, 1.5961827619472106, 1.5622662131112346, 1.4407963674562103, 1.5203689770425115, 1, 0.292406153223703, 0.11066794706963257, 0.9059443254054996, 0.135757204318819, 1]

Score=0.0904253531767
alpha=[0.0070470314903214541, -0.066941741116104125, -0.066963011725878069]
beta=[1.5918561726089426, 1.5792371614974414, 1.5841784691083294, 1.578486621527537, 1.4407963674562103, 1.5203689770425115]
gamma=[1, 0.292406153223703, 0.11066794706963257, 1, 0.135757204318819, 1]
[0.0070470314903214541, -0.066941741116104125, -0.066963011725878069, 1.5918561726089426, 1.5792371614974414, 1.5841784691083294, 1.578486621527537, 1.4407963674562103, 1.5203689770425115, 1, 0.292406153223703, 0.11066794706963257, 1, 0.135757204318819, 1]

