Score=0.0960761568439
alpha=[0.006643530932143194, -0.07187095803485383, -0.01968767431184858]
beta=[1.5189892721292975, 1.4810896693133957, 1.400643506284895, 1.4175461457821532, 1.4580713270306236, 1.4090798582139761]
gamma=[0.3687333983515869, 1, 0.037362953185088976, 0.07878716320675372, 0.6523506828559353, 1]

Score=0.0479727439864
alpha=[0.006643530932143194, -0.050902812093050191, -0.051801718740451]
beta=[1.5189892721292975, 1.4883781292724683, 1.5996718076892529, 1.4475418414924648, 1.4810287817458443, 1.4427368381243855]
gamma=[0.3687333983515869, 0.8713866240648092, 0.3266346937116833, 0.6356144569989833, 0.053809369448177824, 1]

Score=0.0795721194222
alpha=[0.006643530932143194, -0.07187095803485383, -0.051801718740451]
beta=[1.5159395387488508, 1.4874997683568942, 1.4214627764560104, 1.4475418414924648, 1.4895497730210006, 1.4090798582139761]
gamma=[1, 1, 0.037362953185088976, 0.07878716320675372, 0.053809369448177824, 1]

Score=0.0836724171607
alpha=[0.006643530932143194, -0.07187095803485383, -0.051801718740451]
beta=[1.5197710123640462, 1.4874997683568942, 1.4214627764560104, 1.4205598780134325, 1.4895497730210006, 1.4090798582139761]
gamma=[1, 1, 0.037362953185088976, 0.07878716320675372, 0.053809369448177824, 1]

Score=0.0971678335574
alpha=[0.006643530932143194, -0.049566430479922076, -0.05836917250758314]
beta=[1.5159395387488508, 1.4874997683568942, 1.4214627764560104, 1.4175461457821532, 1.4895497730210006, 1.4090798582139761]
gamma=[1, 0.8563886346498184, 0.037362953185088976, 0.07878716320675372, 0.053809369448177824, 1]

Score=0.0894093990758
alpha=[0.0062962846911125544, -0.065278679882423099, -0.05836917250758314]
beta=[1.5186448567091764, 1.5482967762859676, 1.400643506284895, 1.4505749222430482, 1.4580713270306236, 1.5947486840988334]
gamma=[1, 0.8563886346498184, 0.037362953185088976, 0.07878716320675372, 1, 1]

Score=0.0992445112766
alpha=[0.006643530932143194, -0.072077008369252002, -0.05836917250758314]
beta=[1.5189892721292975, 1.4839453180515747, 1.4214627764560104, 1.4572562777506153, 1.4810287817458443, 1.4090798582139761]
gamma=[0.3687333983515869, 0.8713866240648092, 0.037362953185088976, 0.07878716320675372, 0.053809369448177824, 1]

Score=0.098350913169
alpha=[0.006643530932143194, -0.065278679882423099, -0.051801718740451]
beta=[1.4194251526368282, 1.4810896693133957, 1.400643506284895, 1.4475418414924648, 1.4705047649703338, 1.4427368381243855]
gamma=[1, 0.8713866240648092, 0.037362953185088976, 0.07878716320675372, 0.6830564354552924, 1]

Score=0.0828986554174
alpha=[0.0062962846911125544, -0.065278679882423099, -0.05836917250758314]
beta=[1.5186448567091764, 1.5396272698754594, 1.400643506284895, 1.4505749222430482, 1.4652971529814567, 1.5947486840988334]
gamma=[0.3687333983515869, 0.8563886346498184, 0.037362953185088976, 0.07878716320675372, 1, 1]

Score=0.0993399256842
alpha=[0.006643530932143194, -0.07187095803485383, -0.05836917250758314]
beta=[1.5189892721292975, 1.4874997683568942, 1.4214627764560104, 1.4572562777506153, 1.4810287817458443, 1.4090798582139761]
gamma=[0.3687333983515869, 1, 0.037362953185088976, 0.07878716320675372, 0.053809369448177824, 1]

Score=0.0688506338984
alpha=[0.006643530932143194, -0.065278679882423099, -0.05836917250758314]
beta=[1.5186448567091764, 1.4883781292724683, 1.400643506284895, 1.4505749222430482, 1.4385324795406369, 1.5947486840988334]
gamma=[0.3687333983515869, 0.8563886346498184, 0.037362953185088976, 0.07878716320675372, 1, 1]

Score=0.0965884858175
alpha=[0.006643530932143194, -0.065278679882423099, -0.051801718740451]
beta=[1.5189892721292975, 1.4883781292724683, 1.400643506284895, 1.4475418414924648, 1.4810287817458443, 1.4427368381243855]
gamma=[1, 0.8713866240648092, 0.037362953185088976, 0.07878716320675372, 0.6523506828559353, 1]

Score=0.0918692177225
alpha=[0.006643530932143194, -0.049566430479922076, -0.051801718740451]
beta=[1.5159395387488508, 1.4874997683568942, 1.5996718076892529, 1.4475418414924648, 1.4810287817458443, 1.4427368381243855]
gamma=[1, 0.8713866240648092, 0.037362953185088976, 0.6356144569989833, 0.6523506828559353, 1]

Score=0.0856741389644
alpha=[0.0062962846911125544, -0.065278679882423099, -0.05836917250758314]
beta=[1.5186448567091764, 1.4883781292724683, 1.400643506284895, 1.4475418414924648, 1.457895976108901, 1.4427368381243855]
gamma=[0.3687333983515869, 0.8563886346498184, 0.037362953185088976, 0.07878716320675372, 0.6523506828559353, 1]

Score=0.0940572622123
alpha=[0.006643530932143194, -0.065278679882423099, -0.05836917250758314]
beta=[1.5186448567091764, 1.4883781292724683, 1.4214627764560104, 1.4505749222430482, 1.4810287817458443, 1.5947486840988334]
gamma=[0.3687333983515869, 0.8563886346498184, 0.037362953185088976, 0.6356144569989833, 0.053809369448177824, 1]

Score=0.0982720108817
alpha=[0.006643530932143194, -0.065278679882423099, -0.05836917250758314]
beta=[1.5186448567091764, 1.4883781292724683, 1.400643506284895, 1.4505749222430482, 1.4385324795406369, 1.5947486840988334]
gamma=[0.3687333983515869, 0.8563886346498184, 0.037362953185088976, 0.07878716320675372, 1, 1]

Score=0.0914960461256
alpha=[0.006643530932143194, -0.065278679882423099, -0.051801718740451]
beta=[1.5189892721292975, 1.4883781292724683, 1.400643506284895, 1.4475418414924648, 1.4707300388717286, 1.4427368381243855]
gamma=[1, 0.8563886346498184, 0.037362953185088976, 0.07878716320675372, 0.6523506828559353, 1]

Score=0.0734408573269
alpha=[0.006643530932143194, -0.050902812093050191, -0.051801718740451]
beta=[1.5189892721292975, 1.4874997683568942, 1.5996718076892529, 1.4475418414924648, 1.4810287817458443, 1.4427368381243855]
gamma=[0.3687333983515869, 0.8713866240648092, 0.3266346937116833, 0.6356144569989833, 0.053809369448177824, 1]

Score=0.0774607507946
alpha=[0.0062962846911125544, -0.065278679882423099, -0.055840656794348291]
beta=[1.5186448567091764, 1.4883781292724683, 1.400643506284895, 1.4505749222430482, 1.457895976108901, 1.4427368381243855]
gamma=[1, 0.8563886346498184, 0.037362953185088976, 0.07878716320675372, 0.6523506828559353, 1]

Score=0.0736975063844
alpha=[0.0062962846911125544, -0.065278679882423099, -0.05836917250758314]
beta=[1.5186448567091764, 1.4883781292724683, 1.400643506284895, 1.4475418414924648, 1.4580713270306236, 1.5947486840988334]
gamma=[0.3687333983515869, 0.8563886346498184, 0.037362953185088976, 0.07878716320675372, 0.6523506828559353, 1]

Score=0.096646476009
alpha=[0.006643530932143194, -0.065278679882423099, -0.059140813415739568]
beta=[1.5186448567091764, 1.4883781292724683, 1.400643506284895, 1.4505749222430482, 1.4580713270306236, 1.4427368381243855]
gamma=[1, 0.8563886346498184, 0.037362953185088976, 0.07878716320675372, 0.053809369448177824, 1]

Score=0.0850291470073
alpha=[0.0062962846911125544, -0.065278679882423099, -0.05836917250758314]
beta=[1.5186448567091764, 1.4883781292724683, 1.400643506284895, 1.4475418414924648, 1.4580713270306236, 1.4427368381243855]
gamma=[0.3687333983515869, 0.8563886346498184, 0.037362953185088976, 0.07878716320675372, 0.6523506828559353, 1]

Score=0.0931031111319
alpha=[0.006643530932143194, -0.050902812093050191, -0.051801718740451]
beta=[1.5189892721292975, 1.4883781292724683, 1.5996718076892529, 1.4475418414924648, 1.4810287817458443, 1.4427368381243855]
gamma=[0.3687333983515869, 0.8713866240648092, 0.3266346937116833, 0.6356144569989833, 0.053809369448177824, 1]

Score=0.0943774745049
alpha=[0.0062962846911125544, -0.065278679882423099, -0.059140813415739568]
beta=[1.5186448567091764, 1.5509199385110621, 1.400643506284895, 1.4505749222430482, 1.4580713270306236, 1.4427368381243855]
gamma=[0.3687333983515869, 0.8563886346498184, 0.037362953185088976, 0.07878716320675372, 0.6523506828559353, 1]

Score=0.0945624554717
alpha=[0.0062962846911125544, -0.065278679882423099, -0.05836917250758314]
beta=[1.5186448567091764, 1.5509199385110621, 1.400643506284895, 1.4600239533287771, 1.4810287817458443, 1.4427368381243855]
gamma=[0.3687333983515869, 0.8563886346498184, 0.037362953185088976, 0.07878716320675372, 0.6523506828559353, 1]

Score=0.0737530176692
alpha=[0.006643530932143194, -0.065278679882423099, -0.05836917250758314]
beta=[1.5186448567091764, 1.4826913937623827, 1.400643506284895, 1.4505749222430482, 1.4521064168058246, 1.4090798582139761]
gamma=[1, 0.8563886346498184, 0.037362953185088976, 0.07878716320675372, 0.053809369448177824, 1]

Score=0.0706054534721
alpha=[0.0062962846911125544, -0.072077008369252002, -0.059140813415739568]
beta=[1.5186448567091764, 1.5509199385110621, 1.400643506284895, 1.4505749222430482, 1.4810287817458443, 1.4427368381243855]
gamma=[0.3687333983515869, 0.8713866240648092, 0.037362953185088976, 0.07878716320675372, 0.6523506828559353, 1]

Score=0.0627386461048
alpha=[0.0062962846911125544, -0.065278679882423099, -0.05836917250758314]
beta=[1.5186448567091764, 1.5509199385110621, 1.400643506284895, 1.4505749222430482, 1.4580713270306236, 1.4427368381243855]
gamma=[0.3687333983515869, 0.8563886346498184, 0.037362953185088976, 0.07878716320675372, 0.6523506828559353, 1]

Score=0.0772307043996
alpha=[0.0062962846911125544, -0.065278679882423099, -0.05836917250758314]
beta=[1.5186448567091764, 1.5509199385110621, 1.400643506284895, 1.4475418414924648, 1.4580713270306236, 1.4427368381243855]
gamma=[0.3687333983515869, 0.8713866240648092, 0.037362953185088976, 0.07878716320675372, 0.6523506828559353, 1]

Score=0.084784168376
alpha=[0.006643530932143194, -0.050575183843747255, -0.051801718740451]
beta=[1.5189892721292975, 1.4746921256144379, 1.5996718076892529, 1.4475418414924648, 1.4810287817458443, 1.4427368381243855]
gamma=[0.3687333983515869, 1, 0.3266346937116833, 0.6356144569989833, 0.053809369448177824, 1]

Score=0.0645138050075
alpha=[0.006643530932143194, -0.050575183843747255, -0.051801718740451]
beta=[1.5189892721292975, 1.4746921256144379, 1.5996718076892529, 1.4475418414924648, 1.4707300388717286, 1.4427368381243855]
gamma=[0.3687333983515869, 1, 0.037362953185088976, 0.6356144569989833, 0.053809369448177824, 1]

Score=0.0998225996624
alpha=[0.0062962846911125544, -0.072077008369252002, -0.05836917250758314]
beta=[1.5186448567091764, 1.5509199385110621, 1.400643506284895, 1.4505749222430482, 1.4810287817458443, 1.4427368381243855]
gamma=[1, 0.8563886346498184, 0.037362953185088976, 0.07878716320675372, 0.6523506828559353, 1]

Score=0.0762029496262
alpha=[0.006643530932143194, -0.065278679882423099, -0.05836917250758314]
beta=[1.5186448567091764, 1.5509199385110621, 1.400643506284895, 1.4505749222430482, 1.4521064168058246, 1.4427368381243855]
gamma=[1, 0.8563886346498184, 0.037362953185088976, 0.07878716320675372, 0.053809369448177824, 1]

Score=0.0767048430961
alpha=[0.0062962846911125544, -0.065278679882423099, -0.05836917250758314]
beta=[1.5186448567091764, 1.5509199385110621, 1.400643506284895, 1.4475418414924648, 1.4580713270306236, 1.4427368381243855]
gamma=[1, 0.8563886346498184, 0.037362953185088976, 0.07878716320675372, 0.6523506828559353, 1]

Score=0.0835644450133
alpha=[0.006643530932143194, -0.049566430479922076, -0.051801718740451]
beta=[1.5186448567091764, 1.4746921256144379, 1.5996718076892529, 1.4475418414924648, 1.4810287817458443, 1.4427368381243855]
gamma=[0.3687333983515869, 1, 0.3266346937116833, 0.6356144569989833, 0.6523506828559353, 1]

Score=0.0973220500357
alpha=[0.006643530932143194, -0.050575183843747255, -0.051801718740451]
beta=[1.5186448567091764, 1.5509199385110621, 1.400643506284895, 1.4505749222430482, 1.4810287817458443, 1.4427368381243855]
gamma=[1, 0.8713866240648092, 0.037362953185088976, 0.07878716320675372, 0.053809369448177824, 1]

Score=0.0880810116585
alpha=[0.006643530932143194, -0.064695715224002359, -0.058351678076167847]
beta=[1.5189892721292975, 1.5509199385110621, 1.4214627764560104, 1.4459098262206393, 1.4810287817458443, 1.4090798582139761]
gamma=[1, 0.8563886346498184, 0.037362953185088976, 0.07878716320675372, 0.053809369448177824, 1]

Score=0.0938141844303
alpha=[0.0062962846911125544, -0.065278679882423099, -0.05836917250758314]
beta=[1.5186448567091764, 1.5509199385110621, 1.400643506284895, 1.4475418414924648, 1.4580713270306236, 1.4427368381243855]
gamma=[1, 0.8713866240648092, 0.037362953185088976, 0.07878716320675372, 0.053809369448177824, 1]

Score=0.0609037375609
alpha=[0.006643530932143194, -0.050575183843747255, -0.051801718740451]
beta=[1.5189892721292975, 1.4746921256144379, 1.5996718076892529, 1.4475418414924648, 1.4810287817458443, 1.4427368381243855]
gamma=[0.3687333983515869, 1, 0.3266346937116833, 0.6356144569989833, 0.6523506828559353, 1]

Score=0.0843041046467
alpha=[0.006643530932143194, -0.064695715224002359, -0.05836917250758314]
beta=[1.5186448567091764, 1.4883781292724683, 1.400643506284895, 1.4459098262206393, 1.4810287817458443, 1.4090798582139761]
gamma=[1, 0.8713866240648092, 0.037362953185088976, 0.07878716320675372, 0.053809369448177824, 1]

Score=0.091294386567
alpha=[0.006643530932143194, -0.064695715224002359, -0.058351678076167847]
beta=[1.5186448567091764, 1.4883781292724683, 1.400643506284895, 1.4459098262206393, 1.4810287817458443, 1.4090798582139761]
gamma=[1, 0.8713866240648092, 0.037362953185088976, 0.07878716320675372, 0.053809369448177824, 1]

Score=0.0919292125267
alpha=[0.006643530932143194, -0.065278679882423099, -0.05836917250758314]
beta=[1.5186448567091764, 1.5509199385110621, 1.400643506284895, 1.4505749222430482, 1.4521064168058246, 1.4427368381243855]
gamma=[1, 0.8713866240648092, 0.037362953185088976, 0.07878716320675372, 0.053809369448177824, 1]

Score=0.0930829119745
alpha=[0.0062962846911125544, -0.065278679882423099, -0.057779965751477924]
beta=[1.5189892721292975, 1.5509199385110621, 1.400643506284895, 1.4475418414924648, 1.4580713270306236, 1.4427368381243855]
gamma=[1, 0.8563886346498184, 0.037362953185088976, 0.07878716320675372, 0.053809369448177824, 1]

Score=0.0734812869766
alpha=[0.006643530932143194, -0.050575183843747255, -0.051801718740451]
beta=[1.5189892721292975, 1.4746921256144379, 1.5996718076892529, 1.4475418414924648, 1.4810287817458443, 1.4427368381243855]
gamma=[0.3687333983515869, 1, 0.3266346937116833, 0.6356144569989833, 0.6523506828559353, 1]

Score=0.0903706070233
alpha=[0.006643530932143194, -0.050575183843747255, -0.051801718740451]
beta=[1.5189892721292975, 1.4746921256144379, 1.5996718076892529, 1.4505749222430482, 1.4810287817458443, 1.4427368381243855]
gamma=[0.3687333983515869, 1, 0.3266346937116833, 0.6356144569989833, 0.6523506828559353, 1]

Score=0.054430561418
alpha=[0.006643530932143194, -0.050575183843747255, -0.05836917250758314]
beta=[1.5186448567091764, 1.4883781292724683, 1.4, 1.4505749222430482, 1.4810287817458443, 1.4427368381243855]
gamma=[1, 0.8713866240648092, 0.037362953185088976, 0.07878716320675372, 0.053809369448177824, 1]

Score=0.0763538881356
alpha=[0.006643530932143194, -0.050575183843747255, -0.052055982221752402]
beta=[1.5189892721292975, 1.4746921256144379, 1.5996718076892529, 1.4459098262206393, 1.4810287817458443, 1.4427368381243855]
gamma=[1, 0.8713866240648092, 0.3266346937116833, 0.6356144569989833, 0.053809369448177824, 1]

Score=0.0940057934485
alpha=[0.006643530932143194, -0.050575183843747255, -0.051801718740451]
beta=[1.5189892721292975, 1.4746921256144379, 1.5996718076892529, 1.4475418414924648, 1.4810287817458443, 1.4427368381243855]
gamma=[0.3687333983515869, 1, 0.3266346937116833, 1, 0.053809369448177824, 1]

Score=0.0923436723417
alpha=[0.0074497483908071245, -0.064695715224002359, -0.058351678076167847]
beta=[1.5189892721292975, 1.5509199385110621, 1.400643506284895, 1.4505749222430482, 1.4810287817458443, 1.4090798582139761]
gamma=[1, 0.8713866240648092, 0.3266346937116833, 0.6356144569989833, 0.053809369448177824, 1]

Score=0.0903009774712
alpha=[0.0062962846911125544, -0.065278679882423099, -0.05836917250758314]
beta=[1.5186448567091764, 1.5509199385110621, 1.400643506284895, 1.4505749222430482, 1.4580713270306236, 1.4427368381243855]
gamma=[0.3687333983515869, 0.8563886346498184, 0.037362953185088976, 0.07878716320675372, 0.6523506828559353, 1]

Score=0.0567947081687
alpha=[0.0062962846911125544, -0.065278679882423099, -0.05836917250758314]
beta=[1.5186448567091764, 1.5509199385110621, 1.4142753562584516, 1.4505749222430482, 1.4521064168058246, 1.4427368381243855]
gamma=[0.3687333983515869, 0.8563886346498184, 0.037362953185088976, 0.07878716320675372, 0.6523506828559353, 1]

Score=0.0929537026903
alpha=[0.006643530932143194, -0.050575183843747255, -0.051801718740451]
beta=[1.5189892721292975, 1.4779064987337707, 1.5996718076892529, 1.4475418414924648, 1.4810287817458443, 1.4427368381243855]
gamma=[0.3687333983515869, 1, 0.3266346937116833, 0.6356144569989833, 0.053809369448177824, 1]

Score=0.0965845255872
alpha=[0.006643530932143194, -0.050575183843747255, -0.05836917250758314]
beta=[1.5189892721292975, 1.4746921256144379, 1.5996718076892529, 1.4475418414924648, 1.4810287817458443, 1.4427368381243855]
gamma=[0.3687333983515869, 0.8563886346498184, 0.037362953185088976, 0.6356144569989833, 0.053809369448177824, 1]

Score=0.0836706037247
alpha=[0.0062962846911125544, -0.065278679882423099, -0.05836917250758314]
beta=[1.5135704830305845, 1.5509199385110621, 1.400643506284895, 1.4505749222430482, 1.4580713270306236, 1.4427368381243855]
gamma=[0.3687333983515869, 0.8563886346498184, 0.037362953185088976, 0.07878716320675372, 0.053809369448177824, 1]

Score=0.0802797141772
alpha=[0.006643530932143194, -0.050575183843747255, -0.051801718740451]
beta=[1.5186448567091764, 1.4746921256144379, 1.5996718076892529, 1.4475418414924648, 1.4810287817458443, 1.4427368381243855]
gamma=[0.3687333983515869, 1, 0.3266346937116833, 0.6356144569989833, 0.6523506828559353, 1]

Score=0.082455988362
alpha=[0.0062962846911125544, -0.065278679882423099, -0.05836917250758314]
beta=[1.5186448567091764, 1.5509199385110621, 1.400643506284895, 1.4505749222430482, 1.4580713270306236, 1.4427368381243855]
gamma=[0.3687333983515869, 0.8563886346498184, 0.037362953185088976, 0.07878716320675372, 0.053809369448177824, 1]

Score=0.0781723632171
alpha=[0.0062962846911125544, -0.050575183843747255, -0.05836917250758314]
beta=[1.5135704830305845, 1.4746921256144379, 1.400643506284895, 1.4475418414924648, 1.4521064168058246, 1.4427368381243855]
gamma=[0.3687333983515869, 0.8563886346498184, 0.037362953185088976, 0.6356144569989833, 0.053809369448177824, 1]

Score=0.052527797089
alpha=[0.0074497483908071245, -0.064695715224002359, -0.05836917250758314]
beta=[1.5189892721292975, 1.4826913937623827, 1.400643506284895, 1.4505749222430482, 1.4810287817458443, 1.4090798582139761]
gamma=[1, 0.8713866240648092, 0.037362953185088976, 0.07878716320675372, 0.053809369448177824, 1]

Score=0.0671121883022
alpha=[0.0062962846911125544, -0.050575183843747255, -0.05836917250758314]
beta=[1.5186448567091764, 1.4746921256144379, 1.4142753562584516, 1.4505749222430482, 1.4521064168058246, 1.4299136934519214]
gamma=[0.3687333983515869, 0.8563886346498184, 0.037362953185088976, 0.07878716320675372, 0.6523506828559353, 1]

Score=0.0613318634993
alpha=[0.006643530932143194, -0.050575183843747255, -0.058351678076167847]
beta=[1.5186448567091764, 1.4883781292724683, 1.4214627764560104, 1.4505749222430482, 1.4810287817458443, 1.4393352414459872]
gamma=[1, 0.8713866240648092, 0.037362953185088976, 0.07878716320675372, 0.053809369448177824, 1]

Score=0.0745590333664
alpha=[0.0074497483908071245, -0.050575183843747255, -0.05836917250758314]
beta=[1.5186448567091764, 1.4826913937623827, 1.400643506284895, 1.4475418414924648, 1.4810287817458443, 1.4090798582139761]
gamma=[1, 0.8563886346498184, 0.037362953185088976, 0.07878716320675372, 0.053809369448177824, 1]

Score=0.0638648869899
alpha=[0.0074497483908071245, -0.064695715224002359, -0.058351678076167847]
beta=[1.5189892721292975, 1.4923624950794505, 1.400643506284895, 1.4505749222430482, 1.4810287817458443, 1.4090798582139761]
gamma=[1, 0.8713866240648092, 0.037362953185088976, 0.07878716320675372, 0.053809369448177824, 1]

Score=0.094013024314
alpha=[0.006643530932143194, -0.065278679882423099, -0.05836917250758314]
beta=[1.5186448567091764, 1.5509199385110621, 1.400643506284895, 1.4505749222430482, 1.4810287817458443, 1.4427368381243855]
gamma=[1, 0.8563886346498184, 0.037362953185088976, 0.07878716320675372, 0.053809369448177824, 1]

Score=0.0711405189323
alpha=[0.0074497483908071245, -0.065278679882423099, -0.05836917250758314]
beta=[1.5186448567091764, 1.5509199385110621, 1.400643506284895, 1.4475418414924648, 1.4521064168058246, 1.4427368381243855]
gamma=[1, 0.8563886346498184, 0.037362953185088976, 0.07878716320675372, 0.053809369448177824, 1]

Score=0.0768314022177
alpha=[0.006643530932143194, -0.065278679882423099, -0.05836917250758314]
beta=[1.5189892721292975, 1.4746921256144379, 1.4142753562584516, 1.4475418414924648, 1.4810287817458443, 1.4090798582139761]
gamma=[0.3687333983515869, 0.8563886346498184, 0.037362953185088976, 0.07878716320675372, 0.6523506828559353, 1]

Score=0.0751109097021
alpha=[0.0073037360407218407, -0.065278679882423099, -0.05836917250758314]
beta=[1.5186448567091764, 1.5509199385110621, 1.400643506284895, 1.4475418414924648, 1.4521064168058246, 1.4427368381243855]
gamma=[1, 0.8563886346498184, 0.037362953185088976, 0.07878716320675372, 0.053809369448177824, 1]

Score=0.0713337853337
alpha=[0.0074497483908071245, -0.064695715224002359, -0.05836917250758314]
beta=[1.5189892721292975, 1.4826913937623827, 1.400643506284895, 1.4505749222430482, 1.4810287817458443, 1.4090798582139761]
gamma=[1, 0.8713866240648092, 0.037362953185088976, 0.07878716320675372, 0.053809369448177824, 1]

Score=0.0667608845268
alpha=[0.0062962846911125544, -0.065278679882423099, -0.05836917250758314]
beta=[1.5189892721292975, 1.4746921256144379, 1.4142753562584516, 1.4505749222430482, 1.4810287817458443, 1.4090798582139761]
gamma=[1, 0.8563886346498184, 0.037362953185088976, 0.07878716320675372, 0.6523506828559353, 1]

Score=0.0764579154884
alpha=[0.0074497483908071245, -0.050575183843747255, -0.05836917250758314]
beta=[1.5189892721292975, 1.4883781292724683, 1.4214627764560104, 1.4505749222430482, 1.4810287817458443, 1.4393352414459872]
gamma=[0.3687333983515869, 0.8563886346498184, 0.037362953185088976, 0.07878716320675372, 0.053809369448177824, 1]

Score=0.0945844717656
alpha=[0.0074497483908071245, -0.050575183843747255, -0.05836917250758314]
beta=[1.5189892721292975, 1.4826913937623827, 1.400643506284895, 1.4475418414924648, 1.4810287817458443, 1.4393352414459872]
gamma=[1, 0.8713866240648092, 0.037362953185088976, 0.07878716320675372, 0.053809369448177824, 1]

Score=0.0843373158976
alpha=[0.0074497483908071245, -0.065278679882423099, -0.05836917250758314]
beta=[1.5186448567091764, 1.4746921256144379, 1.4142753562584516, 1.4475418414924648, 1.4521064168058246, 1.4386932849615519]
gamma=[0.3687333983515869, 0.8563886346498184, 0.037362953185088976, 0.07878716320675372, 0.6523506828559353, 1]

Score=0.0858482952551
alpha=[0.0062962846911125544, -0.050575183843747255, -0.05836917250758314]
beta=[1.5186448567091764, 1.4746921256144379, 1.4142753562584516, 1.4459098262206393, 1.4524080128845476, 1.4528307406255907]
gamma=[1, 0.8563886346498184, 0.037362953185088976, 0.07878716320675372, 0.6523506828559353, 1]

Score=0.0593259358274
alpha=[0.0074497483908071245, -0.065268760073316251, -0.05836917250758314]
beta=[1.5189892721292975, 1.5509199385110621, 1.400643506284895, 1.4505749222430482, 1.4904052180375305, 1.4393352414459872]
gamma=[1, 0.8563886346498184, 0.037362953185088976, 0.07878716320675372, 0.053809369448177824, 1]

Score=0.070102987222
alpha=[0.006643530932143194, -0.065278679882423099, -0.05836917250758314]
beta=[1.5189892721292975, 1.4746921256144379, 1.4142753562584516, 1.4505749222430482, 1.4810287817458443, 1.4]
gamma=[0.3687333983515869, 0.8563886346498184, 0.037362953185088976, 0.07878716320675372, 0.6523506828559353, 1]

Score=0.0984373344057
alpha=[0.006643530932143194, -0.050575183843747255, -0.057017359438595525]
beta=[1.5186448567091764, 1.5509199385110621, 1.4214627764560104, 1.4505749222430482, 1.4521064168058246, 1.4393352414459872]
gamma=[1, 0.8563886346498184, 0.037362953185088976, 0.07878716320675372, 0.053809369448177824, 1]

Score=0.0423364910282
alpha=[0.0074497483908071245, -0.065278679882423099, -0.05836917250758314]
beta=[1.5189892721292975, 1.5509199385110621, 1.400643506284895, 1.4505749222430482, 1.4904052180375305, 1.4393352414459872]
gamma=[1, 0.8563886346498184, 0.037362953185088976, 0.07878716320675372, 0.053809369448177824, 1]

Score=0.0627554024578
alpha=[0.0074497483908071245, -0.050575183843747255, -0.058351678076167847]
beta=[1.5186448567091764, 1.4826913937623827, 1.4214627764560104, 1.4505749222430482, 1.4904052180375305, 1.4393352414459872]
gamma=[1, 0.8563886346498184, 0.037362953185088976, 0.07878716320675372, 0.053809369448177824, 1]

Score=0.0913087063155
alpha=[0.0074497483908071245, -0.050575183843747255, -0.057017359438595525]
beta=[1.5186448567091764, 1.4826913937623827, 1.4214627764560104, 1.4505749222430482, 1.4904052180375305, 1.4393352414459872]
gamma=[1, 0.8713866240648092, 0.037362953185088976, 0.07878716320675372, 0.053809369448177824, 1]

Score=0.0747666520207
alpha=[0.0074497483908071245, -0.065278679882423099, -0.051801718740451]
beta=[1.5189892721292975, 1.5509199385110621, 1.4142753562584516, 1.4475418414924648, 1.4521064168058246, 1.4090798582139761]
gamma=[0.3687333983515869, 0.8563886346498184, 0.037362953185088976, 0.07878716320675372, 0.6523506828559353, 1]

Score=0.0943609102759
alpha=[0.0074497483908071245, -0.065278679882423099, -0.05836917250758314]
beta=[1.5189892721292975, 1.5509199385110621, 1.4142753562584516, 1.4475418414924648, 1.4521064168058246, 1.4299136934519214]
gamma=[0.3687333983515869, 1, 0.037362953185088976, 0.07878716320675372, 0.6523506828559353, 1]

Score=0.0979278746887
alpha=[0.0074497483908071245, -0.065278679882423099, -0.05836917250758314]
beta=[1.5186448567091764, 1.5509199385110621, 1.4113797725296608, 1.4505749222430482, 1.4521064168058246, 1.4427368381243855]
gamma=[1, 0.8563886346498184, 0.037362953185088976, 0.07878716320675372, 0.053809369448177824, 1]

Score=0.0771128081264
alpha=[0.0074497483908071245, -0.065278679882423099, -0.05836917250758314]
beta=[1.5186448567091764, 1.5509199385110621, 1.4142753562584516, 1.4475418414924648, 1.4521064168058246, 1.4427368381243855]
gamma=[0.3687333983515869, 1, 0.037362953185088976, 0.07878716320675372, 0.6523506828559353, 1]

Score=0.0846843588576
alpha=[0.0074497483908071245, -0.065278679882423099, -0.058606901537776875]
beta=[1.5189892721292975, 1.5509199385110621, 1.400643506284895, 1.4475418414924648, 1.4521064168058246, 1.4299136934519214]
gamma=[1, 1, 0.037362953185088976, 0.07878716320675372, 0.053809369448177824, 1]

Score=0.0782015594693
alpha=[0.0062962846911125544, -0.051183275969244622, -0.05836917250758314]
beta=[1.5186448567091764, 1.5509199385110621, 1.4214627764560104, 1.4475418414924648, 1.4521064168058246, 1.4090798582139761]
gamma=[1, 0.8563886346498184, 0.037362953185088976, 0.07878716320675372, 0.053809369448177824, 1]

Score=0.0985225071236
alpha=[0.0074497483908071245, -0.051183275969244622, -0.05836917250758314]
beta=[1.5186448567091764, 1.5509199385110621, 1.4113797725296608, 1.4475418414924648, 1.4521064168058246, 1.4090798582139761]
gamma=[1, 0.8563886346498184, 0.037362953185088976, 0.07878716320675372, 0.053809369448177824, 1]

Score=0.0895863810547
alpha=[0.0074497483908071245, -0.065278679882423099, -0.05836917250758314]
beta=[1.5171547434936676, 1.4746921256144379, 1.4142753562584516, 1.4505749222430482, 1.4686661503744904, 1.4090798582139761]
gamma=[1, 0.8563886346498184, 0.037362953185088976, 0.07878716320675372, 0.6523506828559353, 1]

Score=0.0507011129394
alpha=[0.0062962846911125544, -0.065278679882423099, -0.05836917250758314]
beta=[1.5186448567091764, 1.5509199385110621, 1.400643506284895, 1.4475418414924648, 1.4521064168058246, 1.4427368381243855]
gamma=[1, 0.8563886346498184, 0.037362953185088976, 0.07878716320675372, 0.053809369448177824, 1]

Score=0.0833499849295
alpha=[0.0074497483908071245, -0.065278679882423099, -0.05836917250758314]
beta=[1.5186448567091764, 1.5509199385110621, 1.400643506284895, 1.4475418414924648, 1.4521064168058246, 1.4427368381243855]
gamma=[1, 0.8563886346498184, 0.037362953185088976, 0.07878716320675372, 0.053809369448177824, 1]

Score=0.0702969028718
alpha=[0.006643530932143194, -0.065278679882423099, -0.05836917250758314]
beta=[1.5171547434936676, 1.4861100238699931, 1.4142753562584516, 1.4475418414924648, 1.4686661503744904, 1.4090798582139761]
gamma=[1, 0.8563886346498184, 0.037362953185088976, 0.07878716320675372, 0.6523506828559353, 1]

Score=0.0809729531025
alpha=[0.0074497483908071245, -0.065278679882423099, -0.05836917250758314]
beta=[1.5186448567091764, 1.5509199385110621, 1.4113797725296608, 1.4475418414924648, 1.4521064168058246, 1.4528307406255907]
gamma=[1, 0.8563886346498184, 0.037362953185088976, 0.07878716320675372, 0.053809369448177824, 1]

Score=0.0969260313305
alpha=[0.006643530932143194, -0.065278679882423099, -0.05836917250758314]
beta=[1.5186448567091764, 1.5509199385110621, 1.400643506284895, 1.4505749222430482, 1.4810287817458443, 1.4393352414459872]
gamma=[1, 0.8563886346498184, 0.037362953185088976, 0.07878716320675372, 0.053809369448177824, 1]

Score=0.0584382141648
alpha=[0.0074497483908071245, -0.065278679882423099, -0.051801718740451]
beta=[1.5189892721292975, 1.5509199385110621, 1.4142753562584516, 1.4475418414924648, 1.4521064168058246, 1.4090798582139761]
gamma=[0.3687333983515869, 0.8563886346498184, 0.037362953185088976, 0.07878716320675372, 0.6523506828559353, 1]

Score=0.0505424614636
alpha=[0.0062962846911125544, -0.065278679882423099, -0.05836917250758314]
beta=[1.5186448567091764, 1.5509199385110621, 1.4113797725296608, 1.4475418414924648, 1.4521064168058246, 1.4427368381243855]
gamma=[1, 0.8563886346498184, 0.037362953185088976, 0.07878716320675372, 0.053809369448177824, 1]

Score=0.0717595583652
alpha=[0.006643530932143194, -0.064695715224002359, -0.05836917250758314]
beta=[1.5073014394014908, 1.4826913937623827, 1.4214627764560104, 1.4475418414924648, 1.4904052180375305, 1.4393352414459872]
gamma=[1, 0.8563886346498184, 0.037362953185088976, 0.07878716320675372, 0.053809369448177824, 1]

Score=0.0940130117619
alpha=[0.0062962846911125544, -0.065278679882423099, -0.058606901537776875]
beta=[1.5186448567091764, 1.5509199385110621, 1.4142753562584516, 1.4475418414924648, 1.4512440811740543, 1.4299136934519214]
gamma=[0.3687333983515869, 1, 0.037362953185088976, 0.07878716320675372, 0.053809369448177824, 1]

Score=0.0986739761523
alpha=[0.0074497483908071245, -0.065278679882423099, -0.05836917250758314]
beta=[1.5186448567091764, 1.4826913937623827, 1.4142753562584516, 1.4505749222430482, 1.4904052180375305, 1.4090798582139761]
gamma=[1, 0.8563886346498184, 0.037362953185088976, 0.07878716320675372, 0.6523506828559353, 1]

Score=0.0986792419026
alpha=[0.0074497483908071245, -0.065278679882423099, -0.05836917250758314]
beta=[1.5171547434936676, 1.4746921256144379, 1.4142753562584516, 1.4505749222430482, 1.4686661503744904, 1.4090798582139761]
gamma=[1, 0.8563886346498184, 0.037362953185088976, 0.07878716320675372, 0.053809369448177824, 1]

Score=0.0901122887064
alpha=[0.006643530932143194, -0.064695715224002359, -0.05836917250758314]
beta=[1.5073014394014908, 1.5509199385110621, 1.4214627764560104, 1.4475418414924648, 1.4904052180375305, 1.4393352414459872]
gamma=[1, 0.8563886346498184, 0.037362953185088976, 0.07878716320675372, 0.053809369448177824, 1]

Score=0.0650279168711
alpha=[0.0074497483908071245, -0.065278679882423099, -0.05836917250758314]
beta=[1.5189892721292975, 1.5431141394931776, 1.4113797725296608, 1.4475418414924648, 1.4521064168058246, 1.4432707819460324]
gamma=[0.3687333983515869, 0.8563886346498184, 0.037362953185088976, 0.07878716320675372, 0.053809369448177824, 1]

Score=0.0940017400193
alpha=[0.006643530932143194, -0.065278679882423099, -0.05836917250758314]
beta=[1.5186448567091764, 1.4746921256144379, 1.4214627764560104, 1.4505749222430482, 1.4657212820890304, 1.4090798582139761]
gamma=[1, 0.8563886346498184, 0.037362953185088976, 0.07878716320675372, 0.053809369448177824, 1]

Score=0.0937312799111
alpha=[0.0062962846911125544, -0.065278679882423099, -0.05836917250758314]
beta=[1.5186448567091764, 1.5509199385110621, 1.4214627764560104, 1.4475418414924648, 1.4521064168058246, 1.4407284625181465]
gamma=[1, 0.8563886346498184, 0.037362953185088976, 0.07878716320675372, 0.053809369448177824, 1]

Score=0.0984540841964
alpha=[0.0062962846911125544, -0.065278679882423099, -0.051801718740451]
beta=[1.5189892721292975, 1.5509199385110621, 1.4113797725296608, 1.4475418414924648, 1.4521064168058246, 1.4090798582139761]
gamma=[1, 0.8563886346498184, 0.037362953185088976, 0.07878716320675372, 0.053809369448177824, 1]

Score=0.0673076711324
alpha=[0.0062962846911125544, -0.065278679882423099, -0.05836917250758314]
beta=[1.5186448567091764, 1.5509199385110621, 1.4214627764560104, 1.4475418414924648, 1.4521064168058246, 1.4427368381243855]
gamma=[1, 0.8563886346498184, 0.037362953185088976, 0.07878716320675372, 0.053809369448177824, 1]

Score=0.0403638980126
alpha=[0.006643530932143194, -0.051183275969244622, -0.057135042542036774]
beta=[1.5186448567091764, 1.5509199385110621, 1.4214627764560104, 1.4464507103739277, 1.4904052180375305, 1.4393352414459872]
gamma=[1, 0.8563886346498184, 0.037362953185088976, 0.07878716320675372, 0.053809369448177824, 1]

Score=0.022497475263
alpha=[0.006643530932143194, -0.064695715224002359, -0.057135042542036774]
beta=[1.5073014394014908, 1.5463571318266407, 1.4214627764560104, 1.4475418414924648, 1.4904052180375305, 1.4427368381243855]
gamma=[1, 0.8563886346498184, 0.037362953185088976, 0.07878716320675372, 0.053809369448177824, 1]

Score=0.0704055647383
alpha=[0.006643530932143194, -0.065278679882423099, -0.05836917250758314]
beta=[1.5186448567091764, 1.5463571318266407, 1.4182890675457935, 1.4475418414924648, 1.4904052180375305, 1.4393352414459872]
gamma=[1, 0.8563886346498184, 0.037362953185088976, 0.07878716320675372, 0.053809369448177824, 1]

Score=0.0821899950905
alpha=[0.0062962846911125544, -0.065278679882423099, -0.05836917250758314]
beta=[1.5186448567091764, 1.5509199385110621, 1.4142753562584516, 1.4475418414924648, 1.4512440811740543, 1.4299136934519214]
gamma=[0.3687333983515869, 0.8563886346498184, 0.037362953185088976, 0.07878716320675372, 0.053809369448177824, 1]

Score=0.091125500675
alpha=[0.0062962846911125544, -0.065278679882423099, -0.05836917250758314]
beta=[1.4990721726757203, 1.4746921256144379, 1.4142753562584516, 1.4505749222430482, 1.4625921161103592, 1.4090798582139761]
gamma=[1, 0.8563886346498184, 0.037362953185088976, 0.07878716320675372, 0.053809369448177824, 1]

Score=0.0609866452643
alpha=[0.0062962846911125544, -0.065278679882423099, -0.05836917250758314]
beta=[1.5186448567091764, 1.5509199385110621, 1.4142753562584516, 1.4475418414924648, 1.4512440811740543, 1.4299136934519214]
gamma=[0.3687333983515869, 0.8563886346498184, 0.037362953185088976, 0.07878716320675372, 0.053809369448177824, 1]

Score=0.0922903037225
alpha=[0.0062962846911125544, -0.065278679882423099, -0.05836917250758314]
beta=[1.4990721726757203, 1.4746921256144379, 1.4165030509566989, 1.4505749222430482, 1.4657212820890304, 1.4090798582139761]
gamma=[1, 0.8563886346498184, 0.037362953185088976, 0.07878716320675372, 1, 1]

Score=0.0776358524194
alpha=[0.0074497483908071245, -0.065278679882423099, -0.051801718740451]
beta=[1.5186448567091764, 1.5509199385110621, 1.4142753562584516, 1.4505749222430482, 1.4904052180375305, 1.4393352414459872]
gamma=[1, 0.8563886346498184, 0.037362953185088976, 0.07878716320675372, 0.053809369448177824, 1]

Score=0.0367668015799
alpha=[0.0062962846911125544, -0.065278679882423099, -0.051801718740451]
beta=[1.5189892721292975, 1.4746921256144379, 1.4142753562584516, 1.4475418414924648, 1.4625921161103592, 1.4090798582139761]
gamma=[1, 0.8563886346498184, 0.037362953185088976, 0.07878716320675372, 0.6523506828559353, 1]

Score=0.0542973789214
alpha=[0.0074497483908071245, -0.065278679882423099, -0.05836917250758314]
beta=[1.5189892721292975, 1.5509199385110621, 1.4113797725296608, 1.4475418414924648, 1.4904052180375305, 1.4432707819460324]
gamma=[0.3687333983515869, 0.8563886346498184, 0.037362953185088976, 0.07878716320675372, 0.053809369448177824, 1]

Score=0.0828417083934
alpha=[0.0074497483908071245, -0.065278679882423099, -0.051801718740451]
beta=[1.5186448567091764, 1.5509199385110621, 1.4142753562584516, 1.4475418414924648, 1.4521064168058246, 1.4090798582139761]
gamma=[0.3687333983515869, 0.8563886346498184, 0.037362953185088976, 0.07878716320675372, 0.6523506828559353, 1]

Score=0.097935503734
alpha=[0.0062962846911125544, -0.051183275969244622, 0.058118500984501678]
beta=[1.5186448567091764, 1.5509199385110621, 1.4113797725296608, 1.4505749222430482, 1.4521064168058246, 1.4090798582139761]
gamma=[1, 0.8563886346498184, 0.037362953185088976, 0.07878716320675372, 0.053809369448177824, 1]

Score=0.0938207391461
alpha=[0.006643530932143194, -0.064695715224002359, -0.057135042542036774]
beta=[1.5186448567091764, 1.5463571318266407, 1.4214627764560104, 1.4475418414924648, 1.4904052180375305, 1.4090798582139761]
gamma=[1, 0.8563886346498184, 0.037362953185088976, 0.07878716320675372, 0.053809369448177824, 1]

Score=0.0877664747134
alpha=[0.0062962846911125544, -0.051183275969244622, -0.05836917250758314]
beta=[1.5186448567091764, 1.5509199385110621, 1.4214627764560104, 1.4464507103739277, 1.4521064168058246, 1.4427368381243855]
gamma=[1, 0.8563886346498184, 0.037362953185088976, 0.07878716320675372, 0.053809369448177824, 1]

Score=0.0961099189824
alpha=[0.0074497483908071245, -0.065278679882423099, -0.05836917250758314]
beta=[1.5189892721292975, 1.5431141394931776, 1.4113797725296608, 1.4475418414924648, 1.4904052180375305, 1.4432707819460324]
gamma=[0.3687333983515869, 0.8563886346498184, 0.037362953185088976, 0.07878716320675372, 0.053809369448177824, 1]

Score=0.0923090872585
alpha=[0.0079405402493567118, -0.065268760073316251, -0.051801718740451]
beta=[1.5186448567091764, 1.5495265090461721, 1.4142753562584516, 1.4505749222430482, 1.4904052180375305, 1.4393352414459872]
gamma=[1, 1, 0.037362953185088976, 0.07878716320675372, 0.053809369448177824, 1]

Score=0.0994857767202
alpha=[0.0074497483908071245, -0.065278679882423099, -0.05836917250758314]
beta=[1.5189892721292975, 1.5509199385110621, 1.4113797725296608, 1.4581207973049299, 1.4521064168058246, 1.4432707819460324]
gamma=[1, 1, 0.037362953185088976, 0.07878716320675372, 0.053809369448177824, 1]

Score=0.0604078360072
alpha=[0.0062962846911125544, -0.051183275969244622, 0.058118500984501678]
beta=[1.5186448567091764, 1.5509199385110621, 1.4113797725296608, 1.4505749222430482, 1.4521064168058246, 1.4090798582139761]
gamma=[1, 0.8563886346498184, 0.037362953185088976, 0.07878716320675372, 0.053809369448177824, 1]

Score=0.0841419613071
alpha=[0.0062962846911125544, -0.051183275969244622, 0.058118500984501678]
beta=[1.5073014394014908, 1.5463571318266407, 1.4113797725296608, 1.4475418414924648, 1.4521064168058246, 1.4090798582139761]
gamma=[1, 0.8563886346498184, 0.037362953185088976, 0.07878716320675372, 0.053809369448177824, 1]

Score=0.0873476131748
alpha=[0.0062962846911125544, -0.064695715224002359, -0.05836917250758314]
beta=[1.5073201724823921, 1.5463571318266407, 1.4214627764560104, 1.4475418414924648, 1.4521064168058246, 1.4427368381243855]
gamma=[1, 0.8563886346498184, 0.037362953185088976, 0.07878716320675372, 0.053809369448177824, 1]

Score=0.0558785048331
alpha=[0.0074497483908071245, -0.065278679882423099, -0.051801718740451]
beta=[1.5189892721292975, 1.5509199385110621, 1.4142753562584516, 1.4475418414924648, 1.4521064168058246, 1.4432707819460324]
gamma=[1, 0.8563886346498184, 0.037362953185088976, 0.07878716320675372, 0.6523506828559353, 1]

Score=0.0951544122013
alpha=[0.0062962846911125544, -0.050502856335690474, -0.05836917250758314]
beta=[1.5186448567091764, 1.5509199385110621, 1.4214627764560104, 1.4464507103739277, 1.4521064168058246, 1.4427368381243855]
gamma=[1, 0.8563886346498184, 0.037362953185088976, 0.07878716320675372, 0.053809369448177824, 1]

Score=0.0998995404212
alpha=[0.0062962846911125544, -0.065278679882423099, -0.05836917250758314]
beta=[1.5186448567091764, 1.5509199385110621, 1.4113797725296608, 1.4505749222430482, 1.4521064168058246, 1.4090798582139761]
gamma=[1, 0.8563886346498184, 0.037362953185088976, 0.07878716320675372, 0.053809369448177824, 1]

Score=0.0995708212344
alpha=[0.0074497483908071245, -0.065278679882423099, -0.05836917250758314]
beta=[1.5189892721292975, 1.5509199385110621, 1.4142753562584516, 1.4475418414924648, 1.4521064168058246, 1.4432707819460324]
gamma=[1, 1, 0.037362953185088976, 0.07878716320675372, 0.053809369448177824, 1]

Score=0.0635394457809
alpha=[0.0062962846911125544, -0.065278679882423099, -0.051801718740451]
beta=[1.5189892721292975, 1.4746921256144379, 1.4142753562584516, 1.4475418414924648, 1.4625921161103592, 1.4090798582139761]
gamma=[1, 0.8563886346498184, 0.037362953185088976, 0.07878716320675372, 0.6523506828559353, 1]

Score=0.0711604306548
alpha=[0.0079405402493567118, -0.065278679882423099, -0.049112940013821993]
beta=[1.5189892721292975, 1.5463571318266407, 1.4113797725296608, 1.4475418414924648, 1.4521064168058246, 1.4090798582139761]
gamma=[1, 0.8563886346498184, 0.037362953185088976, 0.07878716320675372, 0.6523506828559353, 1]

Score=0.0342702509195
alpha=[0.0062962846911125544, -0.065278679882423099, -0.051801718740451]
beta=[1.5189892721292975, 1.5463571318266407, 1.4113797725296608, 1.4475418414924648, 1.5042593454751774, 1.4393352414459872]
gamma=[1, 0.8563886346498184, 0.037362953185088976, 0.07878716320675372, 0.6523506828559353, 1]

Score=0.0726176644632
alpha=[0.0062962846911125544, -0.05239574636514719, 0.058118500984501678]
beta=[1.5186448567091764, 1.5509199385110621, 1.4113797725296608, 1.4505749222430482, 1.4904052180375305, 1.4427368381243855]
gamma=[1, 0.8563886346498184, 0.037362953185088976, 0.07878716320675372, 0.053809369448177824, 1]

Score=0.0930728083714
alpha=[0.0062962846911125544, -0.065278679882423099, -0.051801718740451]
beta=[1.5073201724823921, 1.5463571318266407, 1.4142753562584516, 1.4475418414924648, 1.5042593454751774, 1.4090798582139761]
gamma=[1, 0.8563886346498184, 0.037362953185088976, 0.07878716320675372, 0.6523506828559353, 1]

Score=0.091584485143
alpha=[0.0062962846911125544, -0.065278679882423099, 0.058118500984501678]
beta=[1.5186448567091764, 1.5509199385110621, 1.4113797725296608, 1.4505749222430482, 1.4904052180375305, 1.4427368381243855]
gamma=[1, 0.8563886346498184, 0.037362953185088976, 0.07878716320675372, 0.053809369448177824, 1]

Score=0.0950197974425
alpha=[0.0079405402493567118, -0.065278679882423099, -0.051801718740451]
beta=[1.5189892721292975, 1.4746921256144379, 1.4142753562584516, 1.4475418414924648, 1.4625921161103592, 1.4090798582139761]
gamma=[1, 0.8563886346498184, 0.037362953185088976, 0.07878716320675372, 0.6523506828559353, 1]

Score=0.0846388645021
alpha=[0.0074497483908071245, -0.065278679882423099, -0.05836917250758314]
beta=[1.5203527713016494, 1.5509199385110621, 1.4142753562584516, 1.4475418414924648, 1.486218310891728, 1.4427368381243855]
gamma=[1, 0.8563886346498184, 0.037362953185088976, 0.07878716320675372, 0.053809369448177824, 1]

Score=0.0843194955391
alpha=[0.0062962846911125544, -0.064695715224002359, -0.057135042542036774]
beta=[1.5186448567091764, 1.5509199385110621, 1.4214627764560104, 1.4475418414924648, 1.4521064168058246, 1.4427368381243855]
gamma=[1, 0.8563886346498184, 0.037362953185088976, 0.07878716320675372, 0.053809369448177824, 1]

Score=0.0981268986878
alpha=[0.0074497483908071245, -0.063581186107982746, -0.05836917250758314]
beta=[1.5186448567091764, 1.5509199385110621, 1.4142753562584516, 1.4505749222430482, 1.4657212820890304, 1.4393352414459872]
gamma=[1, 0.8563886346498184, 0.037362953185088976, 0.07878716320675372, 0.053809369448177824, 1]

Score=0.082678725927
alpha=[0.0062962846911125544, -0.065278679882423099, -0.05836917250758314]
beta=[1.5186448567091764, 1.5509199385110621, 1.4113797725296608, 1.4475418414924648, 1.4521064168058246, 1.4427368381243855]
gamma=[1, 0.8563886346498184, 0.037362953185088976, 0.07878716320675372, 0.053809369448177824, 1]

Score=0.0796040694947
alpha=[0.006643530932143194, -0.065278679882423099, -0.057135042542036774]
beta=[1.5186448567091764, 1.5509199385110621, 1.4214627764560104, 1.4505749222430482, 1.4521064168058246, 1.4427368381243855]
gamma=[1, 0.8563886346498184, 0.037362953185088976, 0.07878716320675372, 0.6523506828559353, 1]

Score=0.091367778765
alpha=[0.0062962846911125544, -0.065278679882423099, -0.051801718740451]
beta=[1.5186448567091764, 1.4746921256144379, 1.4142753562584516, 1.4475418414924648, 1.4521064168058246, 1.4090798582139761]
gamma=[1, 0.8563886346498184, 0.037362953185088976, 0.07878716320675372, 0.053809369448177824, 1]

Score=0.091282231252
alpha=[0.0062962846911125544, -0.065278679882423099, -0.051801718740451]
beta=[1.5189892721292975, 1.5463571318266407, 1.4113797725296608, 1.4475418414924648, 1.5042593454751774, 1.4090798582139761]
gamma=[1, 0.8563886346498184, 0.037362953185088976, 0.07878716320675372, 0.6523506828559353, 1]

Score=0.0994643996159
alpha=[0.0052810311833489405, -0.065278679882423099, -0.051801718740451]
beta=[1.5189892721292975, 1.4746921256144379, 1.4142753562584516, 1.4379390652816155, 1.4904052180375305, 1.4393352414459872]
gamma=[1, 0.8563886346498184, 0.037362953185088976, 0.07878716320675372, 0.053809369448177824, 1]

Score=0.0829584623163
alpha=[0.006643530932143194, -0.065278679882423099, -0.057135042542036774]
beta=[1.5186448567091764, 1.5509199385110621, 1.4214627764560104, 1.4420648475111955, 1.4521064168058246, 1.4090798582139761]
gamma=[1, 0.8563886346498184, 0.037362953185088976, 0.07878716320675372, 0.6523506828559353, 1]

Score=0.0727213308954
alpha=[0.006643530932143194, -0.065185214636820227, -0.05836917250758314]
beta=[1.5096325641045072, 1.5463571318266407, 1.4113797725296608, 1.4475418414924648, 1.5042593454751774, 1.4432707819460324]
gamma=[0.3687333983515869, 0.8563886346498184, 0.037362953185088976, 0.07878716320675372, 0.053809369448177824, 1]

Score=0.0476128861811
alpha=[0.0062962846911125544, -0.051183275969244622, -0.05836917250758314]
beta=[1.5186448567091764, 1.5509199385110621, 1.4214627764560104, 1.4464507103739277, 1.4904052180375305, 1.4427368381243855]
gamma=[1, 0.8563886346498184, 0.037362953185088976, 0.07878716320675372, 0.053809369448177824, 1]

Score=0.0889399964472
alpha=[0.0052810311833489405, -0.065278679882423099, -0.051801718740451]
beta=[1.5186448567091764, 1.4746921256144379, 1.4142753562584516, 1.4379390652816155, 1.4904052180375305, 1.4090798582139761]
gamma=[1, 0.8563886346498184, 0.037362953185088976, 0.07878716320675372, 0.053809369448177824, 1]

Score=0.0409291052216
alpha=[0.0074497483908071245, -0.065278679882423099, -0.05836917250758314]
beta=[1.5096325641045072, 1.5463571318266407, 1.4113797725296608, 1.4475418414924648, 1.4904052180375305, 1.4432707819460324]
gamma=[0.3687333983515869, 1, 0.037362953185088976, 0.07878716320675372, 0.053809369448177824, 1]

Score=0.0915912098999
alpha=[0.0074497483908071245, -0.065278679882423099, -0.05836917250758314]
beta=[1.5189892721292975, 1.4746921256144379, 1.4142753562584516, 1.4379390652816155, 1.4904052180375305, 1.4427368381243855]
gamma=[1, 0.8563886346498184, 0.037362953185088976, 0.07878716320675372, 0.053809369448177824, 1]

Score=0.0665515254216
alpha=[0.006643530932143194, -0.065278679882423099, -0.051801718740451]
beta=[1.5073201724823921, 1.4746921256144379, 1.4142753562584516, 1.4475418414924648, 1.4625921161103592, 1.4393352414459872]
gamma=[1, 0.8563886346498184, 0.037362953185088976, 0.07878716320675372, 0.6523506828559353, 1]

Score=0.0960936411181
alpha=[0.006643530932143194, -0.065278679882423099, -0.057135042542036774]
beta=[1.5186448567091764, 1.4746921256144379, 1.4214627764560104, 1.4475418414924648, 1.4521064168058246, 1.4427368381243855]
gamma=[1, 0.8563886346498184, 0.037362953185088976, 0.07878716320675372, 0.053809369448177824, 1]

Score=0.0908860770694
alpha=[0.006643530932143194, -0.065278679882423099, -0.057135042542036774]
beta=[1.5186448567091764, 1.4746921256144379, 1.4142753562584516, 1.4420648475111955, 1.4904052180375305, 1.4090798582139761]
gamma=[1, 0.8563886346498184, 0.037362953185088976, 0.07878716320675372, 0.6523506828559353, 1]

Score=0.0661253065829
alpha=[0.006643530932143194, -0.064695715224002359, -0.051801718740451]
beta=[1.5189892721292975, 1.5509199385110621, 1.4214627764560104, 1.4464507103739277, 1.4521064168058246, 1.4432707819460324]
gamma=[1, 0.8563886346498184, 0.037362953185088976, 0.07878716320675372, 0.053809369448177824, 1]

Score=0.0632067031959
alpha=[0.0062962846911125544, -0.065278679882423099, -0.051801718740451]
beta=[1.5073201724823921, 1.4746921256144379, 1.4142753562584516, 1.4541445566123765, 1.4625921161103592, 1.4393352414459872]
gamma=[1, 0.8563886346498184, 0.037362953185088976, 0.07878716320675372, 0.6523506828559353, 1]

Score=0.0931253768317
alpha=[0.0062962846911125544, -0.051183275969244622, -0.05836917250758314]
beta=[1.4872876226496055, 1.5509199385110621, 1.4214627764560104, 1.4464507103739277, 1.4521064168058246, 1.4427368381243855]
gamma=[1, 0.8563886346498184, 0.037362953185088976, 0.07878716320675372, 0.053809369448177824, 1]

Score=0.0650339557435
alpha=[0.0062962846911125544, -0.051183275969244622, -0.05836917250758314]
beta=[1.5096325641045072, 1.5463571318266407, 1.4214627764560104, 1.4475418414924648, 1.4521064168058246, 1.4432707819460324]
gamma=[0.3687333983515869, 0.8563886346498184, 0.037362953185088976, 0.07878716320675372, 0.053809369448177824, 1]

Score=0.0350952921443
alpha=[0.006643530932143194, -0.065278679882423099, -0.051801718740451]
beta=[1.5073201724823921, 1.4746921256144379, 1.4214627764560104, 1.4475418414924648, 1.4657212820890304, 1.4393352414459872]
gamma=[1, 0.8563886346498184, 0.037362953185088976, 0.07878716320675372, 0.6523506828559353, 1]

Score=0.0812576508134
alpha=[0.006643530932143194, -0.065278679882423099, -0.057135042542036774]
beta=[1.5186448567091764, 1.4746921256144379, 1.4214627764560104, 1.4475418414924648, 1.4625921161103592, 1.4393352414459872]
gamma=[1, 0.8563886346498184, 0.037362953185088976, 0.07878716320675372, 0.053809369448177824, 1]

Score=0.0792752455191
alpha=[0.006643530932143194, -0.064695715224002359, -0.051801718740451]
beta=[1.5186448567091764, 1.5509199385110621, 1.4214627764560104, 1.4464507103739277, 1.4521064168058246, 1.4427368381243855]
gamma=[1, 0.8563886346498184, 0.037362953185088976, 0.07878716320675372, 0.053809369448177824, 1]

Score=0.0704125114205
alpha=[0.006643530932143194, -0.064695715224002359, -0.051801718740451]
beta=[1.5189892721292975, 1.5509199385110621, 1.4214627764560104, 1.4464507103739277, 1.4521064168058246, 1.4432707819460324]
gamma=[1, 0.8563886346498184, 0.037362953185088976, 0.07878716320675372, 0.053809369448177824, 1]

Score=0.0292917090585
alpha=[0.0062962846911125544, -0.064695715224002359, -0.051801718740451]
beta=[1.5186448567091764, 1.5509199385110621, 1.4214627764560104, 1.4464507103739277, 1.4521064168058246, 1.4427368381243855]
gamma=[1, 0.8563886346498184, 0.037362953185088976, 0.07878716320675372, 0.053809369448177824, 1]

Score=0.0436892194857
alpha=[0.0062962846911125544, -0.065278679882423099, -0.051801718740451]
beta=[1.5186448567091764, 1.5509199385110621, 1.4142753562584516, 1.4318279939702718, 1.4657212820890304, 1.4427368381243855]
gamma=[1, 0.8563886346498184, 0.037362953185088976, 0.07878716320675372, 0.053809369448177824, 1]

Score=0.0642415310687
alpha=[0.0062962846911125544, -0.064695715224002359, -0.051801718740451]
beta=[1.5189892721292975, 1.5509199385110621, 1.4113797725296608, 1.4380416201404793, 1.5042593454751774, 1.4432707819460324]
gamma=[1, 0.8563886346498184, 0.037362953185088976, 0.07878716320675372, 0.053809369448177824, 1]

Score=0.0379220552307
alpha=[0.0062962846911125544, -0.064695715224002359, -0.05836917250758314]
beta=[1.5186448567091764, 1.5463571318266407, 1.4214627764560104, 1.4464507103739277, 1.4521064168058246, 1.4432707819460324]
gamma=[1, 0.8563886346498184, 0.037362953185088976, 0.07878716320675372, 0.053809369448177824, 1]

Score=0.061486192634
alpha=[0.0062962846911125544, -0.065278679882423099, -0.051801718740451]
beta=[1.5189892721292975, 1.5463571318266407, 1.4113797725296608, 1.4475418414924648, 1.5042593454751774, 1.4090798582139761]
gamma=[1, 0.8563886346498184, 0.037362953185088976, 0.07878716320675372, 0.6523506828559353, 1]

Score=0.0689804176283
alpha=[0.0062962846911125544, -0.065278679882423099, -0.057135042542036774]
beta=[1.5073201724823921, 1.5509199385110621, 1.4142753562584516, 1.4464507103739277, 1.4521064168058246, 1.4427368381243855]
gamma=[1, 0.8563886346498184, 0.037362953185088976, 0.07878716320675372, 0.6523506828559353, 1]

Score=0.0867835498863
alpha=[0.0060059666936482835, -0.065278679882423099, -0.057135042542036774]
beta=[1.5073201724823921, 1.4746921256144379, 1.4214627764560104, 1.4464507103739277, 1.4521064168058246, 1.4393352414459872]
gamma=[1, 0.8563886346498184, 0.037362953185088976, 0.07878716320675372, 0.6523506828559353, 1]

Score=0.0550187258165
alpha=[0.0062962846911125544, -0.065278679882423099, -0.051801718740451]
beta=[1.5186448567091764, 1.5509199385110621, 1.4214627764560104, 1.4475418414924648, 1.4326164783047535, 1.4432707819460324]
gamma=[1, 0.8563886346498184, 0.037362953185088976, 0.07878716320675372, 0.053809369448177824, 1]

Score=0.0607022060269
alpha=[0.0062962846911125544, -0.064695715224002359, -0.05836917250758314]
beta=[1.5189892721292975, 1.5441040644911217, 1.4113797725296608, 1.4464507103739277, 1.4904052180375305, 1.4432707819460324]
gamma=[1, 0.8563886346498184, 0.037362953185088976, 0.07878716320675372, 0.053809369448177824, 1]

Score=0.0778428647434
alpha=[0.0062962846911125544, -0.065278679882423099, -0.051801718740451]
beta=[1.5096325641045072, 1.5463571318266407, 1.4113797725296608, 1.4475418414924648, 1.4625921161103592, 1.4090798582139761]
gamma=[1, 0.8563886346498184, 0.037362953185088976, 0.07878716320675372, 0.6523506828559353, 1]

Score=0.0734128710625
alpha=[0.0062962846911125544, -0.065278679882423099, -0.051801718740451]
beta=[1.5096325641045072, 1.5276226639980408, 1.4113797725296608, 1.4380416201404793, 1.4625921161103592, 1.4090798582139761]
gamma=[1, 0.8563886346498184, 0.037362953185088976, 0.07878716320675372, 0.6523506828559353, 1]

Score=0.0578556649086
alpha=[0.0062962846911125544, -0.065278679882423099, -0.051801718740451]
beta=[1.5189892721292975, 1.4746921256144379, 1.4214627764560104, 1.4475418414924648, 1.4625921161103592, 1.4090798582139761]
gamma=[1, 0.8563886346498184, 0.037362953185088976, 0.07878716320675372, 0.6523506828559353, 1]

Score=0.0585191006492
alpha=[0.0062962846911125544, -0.065278679882423099, -0.051801718740451]
beta=[1.5186448567091764, 1.5276226639980408, 1.4113797725296608, 1.4475418414924648, 1.4625921161103592, 1.4432707819460324]
gamma=[1, 0.8563886346498184, 0.037362953185088976, 0.07878716320675372, 0.6523506828559353, 1]

Score=0.0809544742931
alpha=[0.0062962846911125544, -0.064695715224002359, -0.051801718740451]
beta=[1.5186448567091764, 1.5509199385110621, 1.4170205902887918, 1.4318279939702718, 1.4657212820890304, 1.4427368381243855]
gamma=[1, 0.8563886346498184, 0.037362953185088976, 0.07878716320675372, 0.053809369448177824, 1]

Score=0.086502778833
alpha=[0.0062962846911125544, -0.065278679882423099, -0.051801718740451]
beta=[1.5073201724823921, 1.4746921256144379, 1.4214627764560104, 1.4464507103739277, 1.4521064168058246, 1.4393352414459872]
gamma=[1, 0.8563886346498184, 0.037362953185088976, 0.07878716320675372, 0.6523506828559353, 1]

Score=0.0396903931596
alpha=[0.0062962846911125544, -0.065278679882423099, -0.051801718740451]
beta=[1.5096325641045072, 1.5463571318266407, 1.4113797725296608, 1.4464507103739277, 1.4625921161103592, 1.4090798582139761]
gamma=[1, 0.8563886346498184, 0.037362953185088976, 0.07878716320675372, 0.6523506828559353, 1]

