Score=0.149595810165
[0.049056398820648668, 0.077708837560756541, 0.048936348537232083, 1.4407322392968138, 1.5146707397868557, 1.4861161427978855, 1.4327873085626954, 1.4058158501320821, 1.4371883148446689, 0.10371062075686754, 0.8264745890239532, 1, 1, 1, 0.04215755893850748]

Score=0.13145054057
[0.0466731024724941, 0.077708837560756541, 0.048936348537232083, 1.4402608999721334, 1.5111548586182995, 1.4861161427978855, 1.4413102775781235, 1.4058158501320821, 1.4371883148446689, 0.10371062075686754, 0.8264745890239532, 1, 1, 1, 0.04215755893850748]

Score=0.246763082707
[0.048029048352562657, 0.07777225808315763, 0.048936348537232083, 1.4402608999721334, 1.5017425947399032, 1.4861161427978855, 1.4327873085626954, 1.4058158501320821, 1.4371883148446689, 0.10371062075686754, 0.8264745890239532, 1, 1, 1, 0.04215755893850748]

Score=0.215527291068
[0.049746826434562484, 0.077708837560756541, 0.048936348537232083, 1.4407322392968138, 1.5111548586182995, 1.4861161427978855, 1.4322113264645873, 1.4113195187002119, 1.4554664688576837, 0.10371062075686754, 0.8264745890239532, 1, 1, 1, 0.04215755893850748]

Score=0.212998012147
[0.04964256091586601, 0.077708837560756541, 0.048936348537232083, 1.4402608999721334, 1.5187145914509297, 1.4861161427978855, 1.4463703599855504, 1.4113195187002119, 1.4371883148446689, 0.10371062075686754, 0.8264745890239532, 1, 1, 1, 0.04215755893850748]

Score=0.183361187189
[0.0466731024724941, 0.07777225808315763, 0.048936348537232083, 1.4520210347200395, 1.5017425947399032, 1.4861161427978855, 1.4463703599855504, 1.4058158501320821, 1.4554664688576837, 0.10371062075686754, 0.8264745890239532, 1, 1, 1, 0.04215755893850748]

Score=0.213617712034
[0.048363127382183319, 0.07777225808315763, 0.048936348537232083, 1.454425710745278, 1.5269958715791883, 1.4861161427978855, 1.4327873085626954, 1.4058158501320821, 1.4371883148446689, 0.10371062075686754, 0.8264745890239532, 1, 1, 1, 0.04215755893850748]

Score=0.145127794042
[0.04964256091586601, 0.07777225808315763, 0.048936348537232083, 1.454425710745278, 1.5187145914509297, 1.4861161427978855, 1.4463703599855504, 1.4, 1.4554664688576837, 0.10371062075686754, 0.8264745890239532, 1, 1, 1, 0.04215755893850748]

Score=0.146269236574
[0.049746826434562484, 0.077708837560756541, 0.048936348537232083, 1.454425710745278, 1.5111548586182995, 1.4861161427978855, 1.4463703599855504, 1.4113195187002119, 1.4554664688576837, 0.10371062075686754, 0.8264745890239532, 1, 1, 1, 0.04215755893850748]

Score=0.153124174427
[0.049056398820648668, 0.078974368585794083, 0.048936348537232083, 1.4520210347200395, 1.5017425947399032, 1.4861161427978855, 1.4322113264645873, 1.4058158501320821, 1.4554664688576837, 0.10371062075686754, 0.8264745890239532, 1, 1, 1, 0.04215755893850748]

Score=0.260627120024
[0.0466731024724941, 0.07777225808315763, 0.048936348537232083, 1.454425710745278, 1.5187145914509297, 1.4861161427978855, 1.4463703599855504, 1.4058158501320821, 1.4371883148446689, 0.10371062075686754, 0.8264745890239532, 1, 1, 1, 0.04215755893850748]

Score=0.184444296564
[0.04964256091586601, 0.078974368585794083, 0.048936348537232083, 1.454425710745278, 1.5187145914509297, 1.4861161427978855, 1.4463703599855504, 1.4113195187002119, 1.4554664688576837, 0.10371062075686754, 0.8264745890239532, 1, 1, 1, 0.04215755893850748]

Score=0.200073954694
[0.04964256091586601, 0.078974368585794083, 0.048936348537232083, 1.454425710745278, 1.5215962960364433, 1.4861161427978855, 1.4463703599855504, 1.4113195187002119, 1.4554664688576837, 0.10371062075686754, 0.8264745890239532, 1, 1, 1, 0.04215755893850748]

Score=0.192986278743
[0.04964256091586601, 0.077708837560756541, 0.048936348537232083, 1.454425710745278, 1.5215962960364433, 1.4861161427978855, 1.4463703599855504, 1.4113195187002119, 1.4554664688576837, 0.10371062075686754, 0.8264745890239532, 1, 1, 1, 0.04215755893850748]

Score=0.218266098708
[0.049056398820648668, 0.07777225808315763, 0.04964991613187153, 1.454425710745278, 1.5265405457738546, 1.4861161427978855, 1.4463703599855504, 1.4017536281072778, 1.4554664688576837, 0.10371062075686754, 1, 1, 1, 1, 0.04215755893850748]

Score=0.261754722903
[0.049056398820648668, 0.07777225808315763, 0.048936348537232083, 1.454425710745278, 1.5111548586182995, 1.4861161427978855, 1.4463703599855504, 1.4017536281072778, 1.4554664688576837, 0.10371062075686754, 1, 1, 1, 1, 0.04215755893850748]

Score=0.204135138743
[0.049056398820648668, 0.07777225808315763, 0.04964991613187153, 1.454425710745278, 1.5265405457738546, 1.4861161427978855, 1.4463703599855504, 1.4113195187002119, 1.4554664688576837, 0.10371062075686754, 1, 1, 1, 1, 0.04215755893850748]

Score=0.146751370567
[0.049056398820648668, 0.07777225808315763, 0.048936348537232083, 1.454425710745278, 1.5111548586182995, 1.4861161427978855, 1.4463703599855504, 1.4056365703820606, 1.4554664688576837, 0.10371062075686754, 1, 1, 1, 1, 0.04215755893850748]

Score=0.121672937756
[0.049056398820648668, 0.07777225808315763, 0.04964991613187153, 1.454425710745278, 1.5111548586182995, 1.4861161427978855, 1.4463703599855504, 1.4017536281072778, 1.4554664688576837, 0.10371062075686754, 1, 1, 1, 1, 0.04215755893850748]

Score=0.249453604147
[0.048029048352562657, 0.07777225808315763, 0.04964991613187153, 1.4390303237619189, 1.5111548586182995, 1.4861161427978855, 1.4380954721241248, 1.4056365703820606, 1.4554664688576837, 0.10371062075686754, 0.8264745890239532, 1, 1, 1, 0.04215755893850748]

Score=0.158277300381
[0.049056398820648668, 0.07777225808315763, 0.048936348537232083, 1.454425710745278, 1.5111548586182995, 1.4861161427978855, 1.4463703599855504, 1.4056365703820606, 1.4554664688576837, 0.10371062075686754, 1, 1, 1, 1, 0.04215755893850748]

Score=0.256820163142
[0.048029048352562657, 0.07777225808315763, 0.04964991613187153, 1.454425710745278, 1.5134905284589286, 1.4861161427978855, 1.4380954721241248, 1.4017536281072778, 1.4371883148446689, 1, 0.8264745890239532, 1, 1, 1, 0.04215755893850748]

Score=0.133714599062
[0.048029048352562657, 0.07777225808315763, 0.048936348537232083, 1.454425710745278, 1.5134905284589286, 1.4861161427978855, 1.4463703599855504, 1.4113195187002119, 1.4371883148446689, 0.10371062075686754, 0.8264745890239532, 1, 1, 1, 0.04215755893850748]

Score=0.200472701964
[0.048029048352562657, 0.07777225808315763, 0.04964991613187153, 1.4446467728277117, 1.5187145914509297, 1.4861161427978855, 1.4380954721241248, 1.4056365703820606, 1.4371883148446689, 0.10371062075686754, 0.8264745890239532, 1, 1, 1, 0.04215755893850748]

Score=0.148296641411
[0.049056398820648668, 0.07777225808315763, 0.048936348537232083, 1.454425710745278, 1.5187145914509297, 1.4861161427978855, 1.4463703599855504, 1.4056365703820606, 1.4554664688576837, 0.10371062075686754, 1, 1, 1, 1, 0.04215755893850748]

Score=0.15990168258
[0.049056398820648668, 0.07777225808315763, 0.048936348537232083, 1.4446467728277117, 1.5291634877329956, 1.4861161427978855, 1.4463703599855504, 1.4058158501320821, 1.4554664688576837, 0.10371062075686754, 0.8264745890239532, 1, 1, 1, 0.04215755893850748]

Score=0.136215324071
[0.049056398820648668, 0.07777225808315763, 0.048936348537232083, 1.4407322392968138, 1.5146707397868557, 1.4861161427978855, 1.4463703599855504, 1.4058158501320821, 1.4554664688576837, 0.10371062075686754, 0.8264745890239532, 1, 1, 1, 0.04215755893850748]

Score=0.215403832208
[0.048029048352562657, 0.07777225808315763, 0.048936348537232083, 1.4407322392968138, 1.5146707397868557, 1.4861161427978855, 1.4327873085626954, 1.4058158501320821, 1.4371883148446689, 0.10371062075686754, 1, 1, 1, 1, 0.04215755893850748]

Score=0.147396601709
[0.049056398820648668, 0.07777225808315763, 0.048936348537232083, 1.4407322392968138, 1.5146707397868557, 1.4861161427978855, 1.4463703599855504, 1.4058158501320821, 1.4554664688576837, 0.10371062075686754, 0.8264745890239532, 1, 1, 1, 0.04215755893850748]

Score=0.179996286662
[0.048029048352562657, 0.07777225808315763, 0.048936348537232083, 1.4402608999721334, 1.5111548586182995, 1.4861161427978855, 1.4327873085626954, 1.4058158501320821, 1.4371883148446689, 0.10371062075686754, 0.8264745890239532, 1, 1, 1, 0.04215755893850748]




Final Population
[0.049056398820648668, 0.077708837560756541, 0.048936348537232083, 1.4407322392968138, 1.5146707397868557, 1.4861161427978855, 1.4327873085626954, 1.4058158501320821, 1.4371883148446689, 0.10371062075686754, 0.8264745890239532, 1, 1, 1, 0.04215755893850748]
[0.0466731024724941, 0.077708837560756541, 0.048936348537232083, 1.4402608999721334, 1.5111548586182995, 1.4861161427978855, 1.4413102775781235, 1.4058158501320821, 1.4371883148446689, 0.10371062075686754, 0.8264745890239532, 1, 1, 1, 0.04215755893850748]
[0.048029048352562657, 0.07777225808315763, 0.048936348537232083, 1.4402608999721334, 1.5017425947399032, 1.4861161427978855, 1.4327873085626954, 1.4058158501320821, 1.4371883148446689, 0.10371062075686754, 0.8264745890239532, 1, 1, 1, 0.04215755893850748]
[0.049746826434562484, 0.077708837560756541, 0.048936348537232083, 1.4407322392968138, 1.5111548586182995, 1.4861161427978855, 1.4322113264645873, 1.4113195187002119, 1.4554664688576837, 0.10371062075686754, 0.8264745890239532, 1, 1, 1, 0.04215755893850748]
[0.04964256091586601, 0.077708837560756541, 0.048936348537232083, 1.4402608999721334, 1.5187145914509297, 1.4861161427978855, 1.4463703599855504, 1.4113195187002119, 1.4371883148446689, 0.10371062075686754, 0.8264745890239532, 1, 1, 1, 0.04215755893850748]
[0.0466731024724941, 0.07777225808315763, 0.048936348537232083, 1.4520210347200395, 1.5017425947399032, 1.4861161427978855, 1.4463703599855504, 1.4058158501320821, 1.4554664688576837, 0.10371062075686754, 0.8264745890239532, 1, 1, 1, 0.04215755893850748]
[0.048363127382183319, 0.07777225808315763, 0.048936348537232083, 1.454425710745278, 1.5269958715791883, 1.4861161427978855, 1.4327873085626954, 1.4058158501320821, 1.4371883148446689, 0.10371062075686754, 0.8264745890239532, 1, 1, 1, 0.04215755893850748]
[0.04964256091586601, 0.07777225808315763, 0.048936348537232083, 1.454425710745278, 1.5187145914509297, 1.4861161427978855, 1.4463703599855504, 1.4, 1.4554664688576837, 0.10371062075686754, 0.8264745890239532, 1, 1, 1, 0.04215755893850748]
[0.049746826434562484, 0.077708837560756541, 0.048936348537232083, 1.454425710745278, 1.5111548586182995, 1.4861161427978855, 1.4463703599855504, 1.4113195187002119, 1.4554664688576837, 0.10371062075686754, 0.8264745890239532, 1, 1, 1, 0.04215755893850748]
[0.049056398820648668, 0.078974368585794083, 0.048936348537232083, 1.4520210347200395, 1.5017425947399032, 1.4861161427978855, 1.4322113264645873, 1.4058158501320821, 1.4554664688576837, 0.10371062075686754, 0.8264745890239532, 1, 1, 1, 0.04215755893850748]
[0.0466731024724941, 0.07777225808315763, 0.048936348537232083, 1.454425710745278, 1.5187145914509297, 1.4861161427978855, 1.4463703599855504, 1.4058158501320821, 1.4371883148446689, 0.10371062075686754, 0.8264745890239532, 1, 1, 1, 0.04215755893850748]
[0.04964256091586601, 0.078974368585794083, 0.048936348537232083, 1.454425710745278, 1.5187145914509297, 1.4861161427978855, 1.4463703599855504, 1.4113195187002119, 1.4554664688576837, 0.10371062075686754, 0.8264745890239532, 1, 1, 1, 0.04215755893850748]
[0.04964256091586601, 0.078974368585794083, 0.048936348537232083, 1.454425710745278, 1.5215962960364433, 1.4861161427978855, 1.4463703599855504, 1.4113195187002119, 1.4554664688576837, 0.10371062075686754, 0.8264745890239532, 1, 1, 1, 0.04215755893850748]
[0.04964256091586601, 0.077708837560756541, 0.048936348537232083, 1.454425710745278, 1.5215962960364433, 1.4861161427978855, 1.4463703599855504, 1.4113195187002119, 1.4554664688576837, 0.10371062075686754, 0.8264745890239532, 1, 1, 1, 0.04215755893850748]
[0.049056398820648668, 0.07777225808315763, 0.04964991613187153, 1.454425710745278, 1.5265405457738546, 1.4861161427978855, 1.4463703599855504, 1.4017536281072778, 1.4554664688576837, 0.10371062075686754, 1, 1, 1, 1, 0.04215755893850748]
[0.049056398820648668, 0.07777225808315763, 0.048936348537232083, 1.454425710745278, 1.5111548586182995, 1.4861161427978855, 1.4463703599855504, 1.4017536281072778, 1.4554664688576837, 0.10371062075686754, 1, 1, 1, 1, 0.04215755893850748]
[0.049056398820648668, 0.07777225808315763, 0.04964991613187153, 1.454425710745278, 1.5265405457738546, 1.4861161427978855, 1.4463703599855504, 1.4113195187002119, 1.4554664688576837, 0.10371062075686754, 1, 1, 1, 1, 0.04215755893850748]
[0.049056398820648668, 0.07777225808315763, 0.048936348537232083, 1.454425710745278, 1.5111548586182995, 1.4861161427978855, 1.4463703599855504, 1.4056365703820606, 1.4554664688576837, 0.10371062075686754, 1, 1, 1, 1, 0.04215755893850748]
[0.049056398820648668, 0.07777225808315763, 0.04964991613187153, 1.454425710745278, 1.5111548586182995, 1.4861161427978855, 1.4463703599855504, 1.4017536281072778, 1.4554664688576837, 0.10371062075686754, 1, 1, 1, 1, 0.04215755893850748]
[0.048029048352562657, 0.07777225808315763, 0.04964991613187153, 1.4390303237619189, 1.5111548586182995, 1.4861161427978855, 1.4380954721241248, 1.4056365703820606, 1.4554664688576837, 0.10371062075686754, 0.8264745890239532, 1, 1, 1, 0.04215755893850748]
[0.049056398820648668, 0.07777225808315763, 0.048936348537232083, 1.454425710745278, 1.5111548586182995, 1.4861161427978855, 1.4463703599855504, 1.4056365703820606, 1.4554664688576837, 0.10371062075686754, 1, 1, 1, 1, 0.04215755893850748]
[0.048029048352562657, 0.07777225808315763, 0.04964991613187153, 1.454425710745278, 1.5134905284589286, 1.4861161427978855, 1.4380954721241248, 1.4017536281072778, 1.4371883148446689, 1, 0.8264745890239532, 1, 1, 1, 0.04215755893850748]
[0.048029048352562657, 0.07777225808315763, 0.048936348537232083, 1.454425710745278, 1.5134905284589286, 1.4861161427978855, 1.4463703599855504, 1.4113195187002119, 1.4371883148446689, 0.10371062075686754, 0.8264745890239532, 1, 1, 1, 0.04215755893850748]
[0.048029048352562657, 0.07777225808315763, 0.04964991613187153, 1.4446467728277117, 1.5187145914509297, 1.4861161427978855, 1.4380954721241248, 1.4056365703820606, 1.4371883148446689, 0.10371062075686754, 0.8264745890239532, 1, 1, 1, 0.04215755893850748]
[0.049056398820648668, 0.07777225808315763, 0.048936348537232083, 1.454425710745278, 1.5187145914509297, 1.4861161427978855, 1.4463703599855504, 1.4056365703820606, 1.4554664688576837, 0.10371062075686754, 1, 1, 1, 1, 0.04215755893850748]
[0.049056398820648668, 0.07777225808315763, 0.048936348537232083, 1.4446467728277117, 1.5291634877329956, 1.4861161427978855, 1.4463703599855504, 1.4058158501320821, 1.4554664688576837, 0.10371062075686754, 0.8264745890239532, 1, 1, 1, 0.04215755893850748]
[0.049056398820648668, 0.07777225808315763, 0.048936348537232083, 1.4407322392968138, 1.5146707397868557, 1.4861161427978855, 1.4463703599855504, 1.4058158501320821, 1.4554664688576837, 0.10371062075686754, 0.8264745890239532, 1, 1, 1, 0.04215755893850748]
[0.048029048352562657, 0.07777225808315763, 0.048936348537232083, 1.4407322392968138, 1.5146707397868557, 1.4861161427978855, 1.4327873085626954, 1.4058158501320821, 1.4371883148446689, 0.10371062075686754, 1, 1, 1, 1, 0.04215755893850748]
[0.049056398820648668, 0.07777225808315763, 0.048936348537232083, 1.4407322392968138, 1.5146707397868557, 1.4861161427978855, 1.4463703599855504, 1.4058158501320821, 1.4554664688576837, 0.10371062075686754, 0.8264745890239532, 1, 1, 1, 0.04215755893850748]
[0.048029048352562657, 0.07777225808315763, 0.048936348537232083, 1.4402608999721334, 1.5111548586182995, 1.4861161427978855, 1.4327873085626954, 1.4058158501320821, 1.4371883148446689, 0.10371062075686754, 0.8264745890239532, 1, 1, 1, 0.04215755893850748]
