Score=0.0977899978015
alpha=[0.050295552180973223, -0.07842897089845945, 0.04837331865935508]
beta=[1.4472219034410299, 1.5156727035294668, 1.4780148758884968, 1.4705250399924188, 1.5751118406322555, 1.4743905985746444]
gamma=[0.23964676797913742, 1, 1, 0.34941731928105124, 1, 0.0403126680225363]

Score=0.099841009512
alpha=[0.03456538223956555, -0.07842897089845945, 0.032186546428074829]
beta=[1.5764743772011496, 1.5156727035294668, 1.5781477570576106, 1.4586349110031427, 1.4058158501320821, 1.4743905985746444]
gamma=[0.12910065060428466, 0.8264745890239532, 0.22062163412054347, 1, 0.7381341643367375, 0.04215755893850748]

Score=0.0899317610883
alpha=[0.047556647618207909, -0.07842897089845945, 0.04837331865935508]
beta=[1.5764743772011496, 1.5156727035294668, 1.4780148758884968, 1.4508687328015333, 1.4058158501320821, 1.4743905985746444]
gamma=[0.12910065060428466, 0.8264745890239532, 0.22062163412054347, 1, 0.7381341643367375, 0.04215755893850748]

Score=0.0977660099875
alpha=[0.047556647618207909, -0.07842897089845945, 0.04837331865935508]
beta=[1.4472219034410299, 1.5156727035294668, 1.4780148758884968, 1.4508687328015333, 1.4058158501320821, 1.4743905985746444]
gamma=[0.12910065060428466, 0.8264745890239532, 0.22062163412054347, 1, 0.7381341643367375, 0.04215755893850748]

Score=0.0960438378646
alpha=[0.03456538223956555, 0.07777225808315763, 0.032715260971777516]
beta=[1.5764743772011496, 1.5028269560544398, 1.4780148758884968, 1.4586349110031427, 1.4058158501320821, 1.4743905985746444]
gamma=[0.12910065060428466, 0.8264745890239532, 1, 1, 0.7381341643367375, 0.04215755893850748]

Score=0.0998394830708
alpha=[0.047556647618207909, -0.07842897089845945, 0.04837331865935508]
beta=[1.5764743772011496, 1.5156727035294668, 1.5781477570576106, 1.4705250399924188, 1.4058158501320821, 1.4743905985746444]
gamma=[0.10371062075686754, 1, 1, 0.4008467307235396, 0.7381341643367375, 0.04215755893850748]

Score=0.0912506720332
alpha=[0.047556647618207909, -0.07842897089845945, 0.04837331865935508]
beta=[1.5737133263210756, 1.5146707397868557, 1.5781477570576106, 1.4508687328015333, 1.4058158501320821, 1.4743905985746444]
gamma=[0.10371062075686754, 1, 1, 1, 0.7381341643367375, 0.04215755893850748]

Score=0.0823617986207
alpha=[0.047556647618207909, -0.07842897089845945, 0.04837331865935508]
beta=[1.4472219034410299, 1.5156727035294668, 1.4780148758884968, 1.4705250399924188, 1.4058158501320821, 1.4743905985746444]
gamma=[0.10371062075686754, 1, 1, 0.4008467307235396, 1, 0.04215755893850748]

Score=0.0806739808158
alpha=[0.047556647618207909, 0.07777225808315763, 0.04837331865935508]
beta=[1.5764743772011496, 1.5156727035294668, 1.4861161427978855, 1.44631166980891, 1.4058158501320821, 1.4590177988795947]
gamma=[0.10371062075686754, 0.8264745890239532, 1, 1, 0.7381341643367375, 0.04215755893850748]

Score=0.0899508240718
alpha=[0.047556647618207909, 0.07777225808315763, 0.04837331865935508]
beta=[1.5764743772011496, 1.5156727035294668, 1.4861161427978855, 1.435145378184064, 1.4058158501320821, 1.4743905985746444]
gamma=[0.12910065060428466, 0.8264745890239532, 1, 1, 0.7381341643367375, 0.04215755893850748]

Score=0.0614065044876
alpha=[0.047556647618207909, 0.07777225808315763, 0.04837331865935508]
beta=[1.4472219034410299, 1.5156727035294668, 1.4861161427978855, 1.44631166980891, 1.4058158501320821, 1.4590177988795947]
gamma=[0.10371062075686754, 1, 1, 1, 0.7381341643367375, 0.04215755893850748]

Score=0.0728226749224
alpha=[0.047556647618207909, -0.077255879764370941, 0.04837331865935508]
beta=[1.4472219034410299, 1.5156727035294668, 1.4780148758884968, 1.4705250399924188, 1.4058158501320821, 1.4743905985746444]
gamma=[0.10371062075686754, 1, 1, 1, 0.7381341643367375, 0.04215755893850748]

Score=0.0993810819848
alpha=[0.047556647618207909, 0.07777225808315763, 0.04837331865935508]
beta=[1.4472219034410299, 1.5156727035294668, 1.4861161427978855, 1.44631166980891, 1.4058158501320821, 1.4590177988795947]
gamma=[0.10371062075686754, 1, 1, 1, 0.7381341643367375, 0.04215755893850748]

Score=0.0524354568598
alpha=[0.047556647618207909, 0.07777225808315763, 0.04837331865935508]
beta=[1.5833898407892129, 1.5156727035294668, 1.5781477570576106, 1.4508687328015333, 1.4058158501320821, 1.4743905985746444]
gamma=[0.12910065060428466, 1, 1, 1, 0.7381341643367375, 0.04215755893850748]

Score=0.0864576607876
alpha=[0.047556647618207909, 0.07777225808315763, 0.04837331865935508]
beta=[1.5764743772011496, 1.5156727035294668, 1.4861161427978855, 1.44631166980891, 1.4058158501320821, 1.4590177988795947]
gamma=[0.12910065060428466, 1, 1, 1, 0.7381341643367375, 0.04215755893850748]

Score=0.0761933844966
alpha=[0.048029048352562657, 0.07777225808315763, 0.04837331865935508]
beta=[1.4472219034410299, 1.5156727035294668, 1.4861161427978855, 1.4508687328015333, 1.4058158501320821, 1.4743905985746444]
gamma=[0.12910065060428466, 1, 1, 1, 0.7381341643367375, 0.04215755893850748]

Score=0.097385062653
alpha=[0.048029048352562657, 0.07777225808315763, 0.048936348537232083]
beta=[1.5764743772011496, 1.5156727035294668, 1.4768144090422703, 1.44631166980891, 1.4058158501320821, 1.4590177988795947]
gamma=[0.10371062075686754, 0.8264745890239532, 1, 1, 0.7381341643367375, 0.04215755893850748]

Score=0.0885823986711
alpha=[0.048029048352562657, 0.07777225808315763, 0.048936348537232083]
beta=[1.5764743772011496, 1.5156727035294668, 1.4764810123418721, 1.44631166980891, 1.4058158501320821, 1.4590177988795947]
gamma=[0.10371062075686754, 1, 1, 1, 0.7381341643367375, 0.04215755893850748]

Score=0.0731150406561
alpha=[0.047556647618207909, 0.07777225808315763, 0.04837331865935508]
beta=[1.4472219034410299, 1.5156727035294668, 1.5781477570576106, 1.4508687328015333, 1.4, 1.4743905985746444]
gamma=[0.10371062075686754, 0.8264745890239532, 1, 0.4008467307235396, 0.7381341643367375, 0.04215755893850748]

Score=0.0750289061052
alpha=[0.046609194672899271, 0.07777225808315763, 0.048936348537232083]
beta=[1.5764743772011496, 1.5156727035294668, 1.4764810123418721, 1.44631166980891, 1.4058158501320821, 1.4590177988795947]
gamma=[0.12910065060428466, 0.8264745890239532, 1, 1, 1, 0.04215755893850748]

Score=0.0775107920022
alpha=[0.046609194672899271, 0.07777225808315763, 0.049647837878009256]
beta=[1.4472219034410299, 1.5156727035294668, 1.4764810123418721, 1.4705250399924188, 1.4058158501320821, 1.4743905985746444]
gamma=[0.10371062075686754, 1, 1, 1, 0.7381341643367375, 0.04215755893850748]

Score=0.086948109607
alpha=[0.047556647618207909, 0.07777225808315763, 0.048936348537232083]
beta=[1.4472219034410299, 1.5156727035294668, 1.4764810123418721, 1.4508687328015333, 1.4058158501320821, 1.4554664688576837]
gamma=[0.10371062075686754, 0.8264745890239532, 1, 0.4008467307235396, 0.7381341643367375, 0.04215755893850748]

Score=0.0975359794209
alpha=[0.04857949844634285, 0.07777225808315763, 0.047906886628318282]
beta=[1.4472219034410299, 1.5156727035294668, 1.4764810123418721, 1.4508687328015333, 1.4, 1.4554664688576837]
gamma=[0.12910065060428466, 0.8264745890239532, 1, 1, 1, 0.04215755893850748]

Score=0.0894396487012
alpha=[0.047556647618207909, 0.07777225808315763, 0.049391936839496699]
beta=[1.5748391131082431, 1.5146707397868557, 1.4764810123418721, 1.4614261672310258, 1.4107581430989504, 1.4811252236866155]
gamma=[0.10371062075686754, 0.8264745890239532, 1, 1, 0.7381341643367375, 0.04215755893850748]

Score=0.0907854052801
alpha=[0.048029048352562657, 0.07777225808315763, 0.048936348537232083]
beta=[1.4472219034410299, 1.5156727035294668, 1.4764810123418721, 1.44631166980891, 1.4107581430989504, 1.4554664688576837]
gamma=[0.10371062075686754, 0.8264745890239532, 1, 0.4008467307235396, 0.7381341643367375, 0.04215755893850748]

Score=0.0773844532093
alpha=[0.048029048352562657, 0.07777225808315763, 0.045879237814237639]
beta=[1.4472219034410299, 1.5156727035294668, 1.4764810123418721, 1.44631166980891, 1.4, 1.4554664688576837]
gamma=[0.12910065060428466, 0.8264745890239532, 1, 1, 0.7381341643367375, 0.04215755893850748]

Score=0.0836046003926
alpha=[0.04857949844634285, 0.07777225808315763, 0.048936348537232083]
beta=[1.4472219034410299, 1.5156727035294668, 1.4764810123418721, 1.4508687328015333, 1.4, 1.4554664688576837]
gamma=[0.12910065060428466, 0.8264745890239532, 1, 1, 0.7381341643367375, 0.04215755893850748]

Score=0.0955353825627
alpha=[0.047556647618207909, 0.07777225808315763, 0.045879237814237639]
beta=[1.5737133263210756, 1.5156727035294668, 1.4861161427978855, 1.44631166980891, 1.4058158501320821, 1.4554495329285464]
gamma=[0.10371062075686754, 1, 1, 1, 0.7381341643367375, 0.04215755893850748]

Score=0.095520766619
alpha=[0.047556647618207909, 0.07777225808315763, 0.04837331865935508]
beta=[1.5737133263210756, 1.5156727035294668, 1.4698229271336081, 1.44631166980891, 1.4058158501320821, 1.4554495329285464]
gamma=[0.12910065060428466, 0.8264745890239532, 1, 1, 1, 0.04215755893850748]

Score=0.0852649540351
alpha=[0.048029048352562657, 0.07777225808315763, 0.048936348537232083]
beta=[1.4472219034410299, 1.5146707397868557, 1.4861161427978855, 1.44631166980891, 1.4058158501320821, 1.4554664688576837]
gamma=[0.10371062075686754, 0.8264745890239532, 1, 1, 0.7381341643367375, 0.04215755893850748]

Score=0.0867206196029
alpha=[0.048029048352562657, 0.07777225808315763, 0.04837331865935508]
beta=[1.4472219034410299, 1.5156727035294668, 1.4861161427978855, 1.44631166980891, 1.4, 1.4554495329285464]
gamma=[0.12910065060428466, 0.8264745890239532, 1, 1, 1, 0.04215755893850748]

Score=0.0892651123388
alpha=[0.048029048352562657, 0.07777225808315763, 0.048936348537232083]
beta=[1.4472219034410299, 1.5146707397868557, 1.4861161427978855, 1.44631166980891, 1.4, 1.4554664688576837]
gamma=[0.10371062075686754, 0.8264745890239532, 1, 1, 0.7381341643367375, 0.04215755893850748]

Score=0.0826816114269
alpha=[0.048029048352562657, 0.07777225808315763, 0.04837331865935508]
beta=[1.4472219034410299, 1.5156727035294668, 1.4861161427978855, 1.4463703599855504, 1.4058158501320821, 1.4554664688576837]
gamma=[0.10371062075686754, 0.8264745890239532, 1, 1, 0.7381341643367375, 0.04215755893850748]

Score=0.086114259069
alpha=[0.048029048352562657, 0.07777225808315763, 0.048936348537232083]
beta=[1.4472219034410299, 1.5146707397868557, 1.4861161427978855, 1.4463703599855504, 1.4058158501320821, 1.4554664688576837]
gamma=[0.10371062075686754, 0.8264745890239532, 1, 1, 0.7381341643367375, 0.04215755893850748]

Score=0.0800426709893
alpha=[0.048029048352562657, 0.07777225808315763, 0.046639140454579432]
beta=[1.4472219034410299, 1.5146707397868557, 1.4698229271336081, 1.4463703599855504, 1.4058158501320821, 1.4554664688576837]
gamma=[0.10371062075686754, 0.8264745890239532, 1, 1, 0.7381341643367375, 0.04215755893850748]

Score=0.0872273642043
alpha=[0.048029048352562657, 0.07777225808315763, 0.048936348537232083]
beta=[1.4472219034410299, 1.5222784879892495, 1.4861161427978855, 1.4463703599855504, 1.4058158501320821, 1.4554664688576837]
gamma=[0.10371062075686754, 0.8264745890239532, 1, 1, 0.7381341643367375, 0.04215755893850748]

Score=0.0854730308929
alpha=[0.048029048352562657, 0.07777225808315763, 0.048936348537232083]
beta=[1.4472219034410299, 1.5146707397868557, 1.4861161427978855, 1.4463703599855504, 1.4058158501320821, 1.4554664688576837]
gamma=[0.10371062075686754, 0.8264745890239532, 1, 1, 1, 0.04215755893850748]

Score=0.0383734701691
alpha=[0.047556647618207909, 0.07777225808315763, 0.04837331865935508]
beta=[1.4472219034410299, 1.5187145914509297, 1.4861161427978855, 1.4479673653455016, 1.4058158501320821, 1.4554664688576837]
gamma=[0.10371062075686754, 0.8264745890239532, 1, 1, 0.7381341643367375, 0.04215755893850748]

Score=0.06154114427
alpha=[0.048029048352562657, 0.07777225808315763, 0.04837331865935508]
beta=[1.4472219034410299, 1.5156727035294668, 1.4861161427978855, 1.4469331436630257, 1.4058158501320821, 1.4554664688576837]
gamma=[0.10371062075686754, 0.8264745890239532, 1, 1, 0.7381341643367375, 0.04215755893850748]

Score=0.0865214140835
alpha=[0.048029048352562657, 0.079072755170905049, 0.048936348537232083]
beta=[1.4472219034410299, 1.5156727035294668, 1.4861161427978855, 1.4449935308273834, 1.4058158501320821, 1.4554664688576837]
gamma=[0.10371062075686754, 1, 1, 1, 1, 0.04215755893850748]

Score=0.0641302875318
alpha=[0.047556647618207909, 0.07777225808315763, 0.04837331865935508]
beta=[1.4328636226607223, 1.5156727035294668, 1.4861161427978855, 1.4479673653455016, 1.4058158501320821, 1.4554664688576837]
gamma=[0.10371062075686754, 0.8264745890239532, 1, 1, 1, 0.04215755893850748]

Score=0.0773360116894
alpha=[0.047556647618207909, 0.07777225808315763, 0.04837331865935508]
beta=[1.4472219034410299, 1.5156727035294668, 1.4861161427978855, 1.4561768846412677, 1.4058158501320821, 1.4554664688576837]
gamma=[0.10371062075686754, 0.8264745890239532, 1, 1, 0.7381341643367375, 0.04215755893850748]

Score=0.0950895576674
alpha=[0.048029048352562657, 0.07777225808315763, 0.048936348537232083]
beta=[1.4472219034410299, 1.5239733788156953, 1.4861161427978855, 1.4463703599855504, 1.4058158501320821, 1.4554664688576837]
gamma=[0.10371062075686754, 0.8264745890239532, 1, 1, 1, 0.04215755893850748]

Score=0.0948016719248
alpha=[0.048029048352562657, 0.07777225808315763, 0.048936348537232083]
beta=[1.4472219034410299, 1.5146707397868557, 1.4861161427978855, 1.4463703599855504, 1.4058158501320821, 1.4554664688576837]
gamma=[0.10371062075686754, 0.8264745890239532, 1, 1, 0.7381341643367375, 0.04215755893850748]

Score=0.0678531862428
alpha=[0.047556647618207909, 0.07777225808315763, 0.04837331865935508]
beta=[1.4446305537928719, 1.5207647813792746, 1.4861161427978855, 1.4561768846412677, 1.4058158501320821, 1.4554664688576837]
gamma=[0.10371062075686754, 0.8264745890239532, 1, 1, 0.7381341643367375, 0.04215755893850748]

Score=0.092893382158
alpha=[0.047956060620205403, 0.07777225808315763, 0.04837331865935508]
beta=[1.4472219034410299, 1.5156727035294668, 1.4861161427978855, 1.4463703599855504, 1.4058158501320821, 1.4554664688576837]
gamma=[0.10371062075686754, 0.8264745890239532, 1, 1, 1, 0.04215755893850748]

Score=0.077739772312
alpha=[0.048029048352562657, 0.07777225808315763, 0.04837331865935508]
beta=[1.4472219034410299, 1.5193298474956571, 1.4861161427978855, 1.4463703599855504, 1.4058158501320821, 1.4554495329285464]
gamma=[0.10371062075686754, 0.8264745890239532, 1, 1, 1, 0.04215755893850748]

Score=0.0611815136639
alpha=[0.048029048352562657, 0.07777225808315763, 0.048936348537232083]
beta=[1.4402608999721334, 1.5146707397868557, 1.4861161427978855, 1.4463703599855504, 1.4058158501320821, 1.4554664688576837]
gamma=[0.10371062075686754, 0.8264745890239532, 1, 1, 1, 0.04215755893850748]

Score=0.0433416626733
alpha=[0.048029048352562657, 0.07777225808315763, 0.048936348537232083]
beta=[1.4472219034410299, 1.5187145914509297, 1.4861161427978855, 1.4463703599855504, 1.4058158501320821, 1.4554664688576837]
gamma=[0.10371062075686754, 0.8264745890239532, 1, 1, 1, 0.04215755893850748]

Score=0.0933440834931
alpha=[0.048029048352562657, 0.07777225808315763, 0.048936348537232083]
beta=[1.4523696999613189, 1.5187145914509297, 1.4861161427978855, 1.4463703599855504, 1.4058158501320821, 1.4668972277631609]
gamma=[0.10371062075686754, 0.8264745890239532, 1, 1, 1, 0.04215755893850748]

Score=0.0916129642253
alpha=[0.048029048352562657, 0.07777225808315763, 0.048936348537232083]
beta=[1.4402608999721334, 1.5156727035294668, 1.4861161427978855, 1.4463703599855504, 1.4058158501320821, 1.4668972277631609]
gamma=[0.10371062075686754, 0.8264745890239532, 1, 1, 1, 0.04215755893850748]

Score=0.0926135044044
alpha=[0.05056186439239424, 0.07692119714360543, 0.048936348537232083]
beta=[1.4402608999721334, 1.5211696751952801, 1.4861161427978855, 1.4463703599855504, 1.4, 1.4554495329285464]
gamma=[0.10371062075686754, 0.8264745890239532, 1, 1, 1, 0.04215755893850748]

Score=0.0942776014637
alpha=[0.047956060620205403, 0.07777225808315763, 0.048509756564338938]
beta=[1.454425710745278, 1.5187145914509297, 1.4861161427978855, 1.4463703599855504, 1.4, 1.4443911834323255]
gamma=[1, 1, 1, 1, 1, 0.04215755893850748]

Score=0.0951543563069
alpha=[0.048029048352562657, 0.07777225808315763, 0.048936348537232083]
beta=[1.4553193164425093, 1.5187145914509297, 1.4861161427978855, 1.4531039337338563, 1.4058158501320821, 1.4668972277631609]
gamma=[0.10371062075686754, 0.8264745890239532, 1, 1, 1, 0.04215755893850748]

Score=0.0709533627282
alpha=[0.047956060620205403, 0.07777225808315763, 0.048936348537232083]
beta=[1.4523696999613189, 1.5156727035294668, 1.4861161427978855, 1.4463703599855504, 1.4113195187002119, 1.4554664688576837]
gamma=[1, 1, 1, 1, 1, 0.04215755893850748]

Score=0.0963417365701
alpha=[0.049056398820648668, 0.07777225808315763, 0.048936348537232083]
beta=[1.4402608999721334, 1.5146707397868557, 1.4861161427978855, 1.4463703599855504, 1.4113195187002119, 1.4554664688576837]
gamma=[0.10371062075686754, 0.8264745890239532, 1, 1, 1, 0.04215755893850748]

Score=0.0757586700959
alpha=[0.04921030516431759, 0.07777225808315763, 0.048509756564338938]
beta=[1.454425710745278, 1.5187145914509297, 1.4861161427978855, 1.4463703599855504, 1.4, 1.4554664688576837]
gamma=[0.10371062075686754, 1, 1, 1, 1, 0.04215755893850748]

Score=0.0972503857535
alpha=[0.048029048352562657, 0.07777225808315763, 0.048936348537232083]
beta=[1.4330287242704585, 1.5146707397868557, 1.4861161427978855, 1.4463703599855504, 1.4058158501320821, 1.4554664688576837]
gamma=[0.10371062075686754, 0.8264745890239532, 1, 1, 1, 0.04215755893850748]

Score=0.098352911141
alpha=[0.04921030516431759, 0.07777225808315763, 0.048509756564338938]
beta=[1.454425710745278, 1.5187145914509297, 1.4861161427978855, 1.4463703599855504, 1.4058158501320821, 1.4554664688576837]
gamma=[0.10371062075686754, 0.8264745890239532, 1, 1, 1, 0.04215755893850748]

Score=0.0926899295478
alpha=[0.048029048352562657, 0.07777225808315763, 0.048936348537232083]
beta=[1.4402608999721334, 1.5146707397868557, 1.4861161427978855, 1.4463703599855504, 1.4058158501320821, 1.4815326036562984]
gamma=[0.10371062075686754, 0.8264745890239532, 1, 1, 1, 0.04215755893850748]

Score=0.091401890042
alpha=[0.048029048352562657, 0.07692119714360543, 0.048509756564338938]
beta=[1.4402608999721334, 1.5156727035294668, 1.4861161427978855, 1.4463703599855504, 1.4058158501320821, 1.4371883148446689]
gamma=[0.10371062075686754, 0.8264745890239532, 1, 1, 1, 0.04215755893850748]

Score=0.0931284335269
alpha=[0.049056398820648668, 0.07777225808315763, 0.048936348537232083]
beta=[1.4330287242704585, 1.5146707397868557, 1.4861161427978855, 1.4303416589806377, 1.4113195187002119, 1.4554664688576837]
gamma=[0.10371062075686754, 0.8264745890239532, 1, 1, 1, 0.04215755893850748]

Score=0.0891389365255
alpha=[0.047956060620205403, 0.07777225808315763, 0.048936348537232083]
beta=[1.454425710745278, 1.5146707397868557, 1.4861161427978855, 1.4463703599855504, 1.4227972576478867, 1.4554664688576837]
gamma=[1, 1, 1, 1, 1, 0.04215755893850748]

Score=0.0979829774777
alpha=[0.048029048352562657, 0.07777225808315763, 0.048936348537232083]
beta=[1.4402608999721334, 1.5156727035294668, 1.4861161427978855, 1.4463703599855504, 1.4058158501320821, 1.4371883148446689]
gamma=[0.10371062075686754, 0.8264745890239532, 1, 1, 1, 0.04215755893850748]

Score=0.0919331335493
alpha=[0.048029048352562657, 0.07777225808315763, 0.048936348537232083]
beta=[1.4402608999721334, 1.5146707397868557, 1.4861161427978855, 1.4327873085626954, 1.4113195187002119, 1.4371883148446689]
gamma=[0.10371062075686754, 0.8264745890239532, 1, 1, 1, 0.04215755893850748]

Score=0.0837976289175
alpha=[0.047956060620205403, 0.07777225808315763, 0.048936348537232083]
beta=[1.454425710745278, 1.5187145914509297, 1.4861161427978855, 1.4463703599855504, 1.4113195187002119, 1.4554664688576837]
gamma=[0.10371062075686754, 1, 1, 1, 1, 0.04215755893850748]

Score=0.0855505864915
alpha=[0.047950544965072055, 0.07777225808315763, 0.048936348537232083]
beta=[1.4402608999721334, 1.5156727035294668, 1.4861161427978855, 1.4463703599855504, 1.4113195187002119, 1.4371883148446689]
gamma=[0.10371062075686754, 1, 1, 1, 1, 0.04215755893850748]

Score=0.0865155983188
alpha=[0.048029048352562657, 0.07777225808315763, 0.048509756564338938]
beta=[1.4402608999721334, 1.5156727035294668, 1.4861161427978855, 1.4463703599855504, 1.4058158501320821, 1.4371883148446689]
gamma=[0.10371062075686754, 0.8264745890239532, 1, 1, 1, 0.04215755893850748]

Score=0.088687921093
alpha=[0.047956060620205403, 0.07692119714360543, 0.048936348537232083]
beta=[1.454425710745278, 1.5156727035294668, 1.4861161427978855, 1.4463703599855504, 1.4113195187002119, 1.4371883148446689]
gamma=[0.10371062075686754, 0.8264745890239532, 1, 1, 1, 0.04215755893850748]

Score=0.095082371233
alpha=[0.049056398820648668, 0.07777225808315763, 0.048936348537232083]
beta=[1.454425710745278, 1.5111548586182995, 1.4861161427978855, 1.4303416589806377, 1.4113195187002119, 1.4554664688576837]
gamma=[0.10371062075686754, 0.8264745890239532, 1, 1, 1, 0.04215755893850748]

Score=0.0951198390023
alpha=[0.049056398820648668, 0.07692119714360543, 0.046941598261960447]
beta=[1.4549802155725506, 1.5156727035294668, 1.4861161427978855, 1.4463703599855504, 1.4113195187002119, 1.4371883148446689]
gamma=[0.10371062075686754, 0.8264745890239532, 1, 1, 1, 0.04215755893850748]

Score=0.0711872244253
alpha=[0.049056398820648668, 0.07777225808315763, 0.04964991613187153]
beta=[1.454425710745278, 1.5187145914509297, 1.4861161427978855, 1.4463703599855504, 1.4058158501320821, 1.4554664688576837]
gamma=[0.10371062075686754, 0.8264745890239532, 1, 1, 1, 0.04215755893850748]

Score=0.0849229279821
alpha=[0.049056398820648668, 0.07777225808315763, 0.048936348537232083]
beta=[1.4330287242704585, 1.5187145914509297, 1.4861161427978855, 1.4322113264645873, 1.4058158501320821, 1.4371883148446689]
gamma=[0.10371062075686754, 0.8264745890239532, 1, 1, 1, 0.04215755893850748]

Score=0.0856527195576
alpha=[0.049056398820648668, 0.075147270037237063, 0.048936348537232083]
beta=[1.4402608999721334, 1.5187145914509297, 1.4861161427978855, 1.4463703599855504, 1.4, 1.4371883148446689]
gamma=[0.10371062075686754, 0.8264745890239532, 1, 1, 1, 0.04215755893850748]

Score=0.0948180363071
alpha=[0.049056398820648668, 0.07777225808315763, 0.04964991613187153]
beta=[1.454425710745278, 1.5187145914509297, 1.4861161427978855, 1.4463703599855504, 1.4058158501320821, 1.4554664688576837]
gamma=[0.10371062075686754, 0.8264745890239532, 1, 1, 1, 0.04215755893850748]

Score=0.0719660594072
alpha=[0.047956060620205403, 0.07692119714360543, 0.048936348537232083]
beta=[1.4402608999721334, 1.5187145914509297, 1.4861161427978855, 1.4463703599855504, 1.4058158501320821, 1.4371883148446689]
gamma=[0.10371062075686754, 0.8264745890239532, 1, 1, 1, 0.04215755893850748]

Score=0.084684682915
alpha=[0.047992059030435255, 0.07692119714360543, 0.048936348537232083]
beta=[1.4279161452108455, 1.5187145914509297, 1.4861161427978855, 1.4463703599855504, 1.4113195187002119, 1.4371883148446689]
gamma=[0.10371062075686754, 0.8264745890239532, 1, 1, 1, 0.04215755893850748]

Score=0.0923611640406
alpha=[0.047956060620205403, 0.075147270037237063, 0.048936348537232083]
beta=[1.4402608999721334, 1.5187145914509297, 1.4861161427978855, 1.4463703599855504, 1.4058158501320821, 1.4371883148446689]
gamma=[0.10371062075686754, 0.8264745890239532, 1, 1, 1, 0.04215755893850748]

Score=0.099341019089
alpha=[0.047992059030435255, 0.075147270037237063, 0.048848597730278921]
beta=[1.4386067384720798, 1.5146707397868557, 1.4861161427978855, 1.4463703599855504, 1.4058158501320821, 1.4371883148446689]
gamma=[0.10371062075686754, 0.8264745890239532, 1, 1, 1, 0.04215755893850748]

Score=0.0985456425874
alpha=[0.049056398820648668, 0.07777225808315763, 0.04964991613187153]
beta=[1.4239715891225124, 1.5111548586182995, 1.4873928579882636, 1.4463703599855504, 1.4058158501320821, 1.4554664688576837]
gamma=[0.10371062075686754, 0.8264745890239532, 1, 1, 1, 0.04215755893850748]

Score=0.086887913811
alpha=[0.049056398820648668, 0.07777225808315763, 0.048936348537232083]
beta=[1.4386067384720798, 1.5111548586182995, 1.4861161427978855, 1.4463703599855504, 1.4058158501320821, 1.4554664688576837]
gamma=[0.10371062075686754, 0.8264745890239532, 1, 1, 1, 0.04215755893850748]

Score=0.081876108535
alpha=[0.049746826434562484, 0.07777225808315763, 0.047000621854476447]
beta=[1.454425710745278, 1.5215962960364433, 1.4861161427978855, 1.4463703599855504, 1.4058158501320821, 1.4554664688576837]
gamma=[0.10371062075686754, 0.8264745890239532, 1, 1, 1, 0.04215755893850748]

Score=0.095550009304
alpha=[0.047992059030435255, 0.07777225808315763, 0.048936348537232083]
beta=[1.4402608999721334, 1.5146707397868557, 1.4861161427978855, 1.4327873085626954, 1.4058158501320821, 1.4371883148446689]
gamma=[0.10371062075686754, 0.8264745890239532, 1, 1, 1, 0.04215755893850748]

Score=0.0787475960925
alpha=[0.048363127382183319, 0.07777225808315763, 0.048936348537232083]
beta=[1.4402608999721334, 1.5111548586182995, 1.4861161427978855, 1.4463703599855504, 1.4058158501320821, 1.4371883148446689]
gamma=[0.10371062075686754, 0.8264745890239532, 1, 1, 1, 0.04215755893850748]

Score=0.094309622369
alpha=[0.04964256091586601, 0.07777225808315763, 0.048936348537232083]
beta=[1.4330287242704585, 1.5111548586182995, 1.4861161427978855, 1.4463703599855504, 1.4058158501320821, 1.4371883148446689]
gamma=[0.10371062075686754, 0.8264745890239532, 1, 1, 1, 0.04215755893850748]

Score=0.0968305631657
alpha=[0.049056398820648668, 0.077708837560756541, 0.048936348537232083]
beta=[1.454425710745278, 1.5111548586182995, 1.4861161427978855, 1.4463703599855504, 1.4113195187002119, 1.4554664688576837]
gamma=[0.10371062075686754, 0.8264745890239532, 1, 1, 1, 0.04215755893850748]

Score=0.0896196330244
alpha=[0.049056398820648668, 0.07777225808315763, 0.048936348537232083]
beta=[1.454425710745278, 1.5265405457738546, 1.4861161427978855, 1.4463703599855504, 1.4056365703820606, 1.4554664688576837]
gamma=[0.10371062075686754, 1, 1, 1, 1, 0.04215755893850748]

