Score=0.00978977193242
[0.00024592268652728953, -0.022168637916492814, -0.010350977048884751, 1.561932980512208, 1.5880168563347556, 1.4896662878293376, 1.4001470929562971, 1.5369340003601992, 1.5039539233168533, 0.11169718292928055, 0.2824831192682029, 1, 1, 1, 1]

Score=0.110420107017
[0.00024592268652728953, -0.022168637916492814, -0.010350977048884751, 1.555137591385394, 1.5880168563347556, 1.4584894105276058, 1.4001470929562971, 1.5369340003601992, 1.5039539233168533, 0.11169718292928055, 0.2824831192682029, 1, 1, 1, 1]

Score=0.0104800964242
[0.00024950370828360493, -0.022168637916492814, -0.010350977048884751, 1.555137591385394, 1.5880168563347556, 1.4896662878293376, 1.4001470929562971, 1.5369340003601992, 1.5039539233168533, 0.11169718292928055, 0.2824831192682029, 0.9500136436860659, 1, 1, 1]

Score=0.071987099403
[0.00024592268652728953, -0.022168637916492814, -0.010350977048884751, 1.555137591385394, 1.5880168563347556, 1.4827098802092928, 1.4001470929562971, 1.5369340003601992, 1.5039539233168533, 0.11169718292928055, 0.2824831192682029, 1, 1, 1, 1]

Score=0.014888618943
[0.00024592268652728953, -0.022168637916492814, -0.0099280912524336781, 1.555137591385394, 1.5880168563347556, 1.4896662878293376, 1.4001470929562971, 1.5369340003601992, 1.5039539233168533, 0.11169718292928055, 0.2824831192682029, 1, 1, 1, 1]

Score=0.118846946586
[0.00030886321095177595, -0.021172048579725967, -0.010350977048884751, 1.5456910857503841, 1.5880168563347556, 1.450920967675069, 1.4001470929562971, 1.5172869751628513, 1.5039539233168533, 0.11169718292928055, 0.2824831192682029, 1, 1, 1, 1]

Score=0.101734455945
[0.00024950370828360493, -0.022168637916492814, -0.0099280912524336781, 1.555137591385394, 1.5880168563347556, 1.4584894105276058, 1.4001470929562971, 1.5369340003601992, 1.5039539233168533, 0.11169718292928055, 0.2824831192682029, 1, 1, 1, 1]

Score=0.0828519495022
[0.00024950370828360493, -0.021172048579725967, -0.0091480083624171857, 1.5456910857503841, 1.6, 1.4965355882782561, 1.4001470929562971, 1.5172869751628513, 1.5039539233168533, 0.11169718292928055, 0.2824831192682029, 1, 1, 1, 1]

Score=0.0306324846526
[0.00024950370828360493, -0.021423206947736872, -0.010350977048884751, 1.5456910857503841, 1.6, 1.462225985131169, 1.4, 1.5172869751628513, 1.5039539233168533, 0.11169718292928055, 0.2824831192682029, 1, 1, 1, 1]

Score=0.0139387267631
[0.00024950370828360493, -0.021172048579725967, -0.0091480083624171857, 1.5456910857503841, 1.6, 1.4584894105276058, 1.4, 1.5172869751628513, 1.5039539233168533, 0.11169718292928055, 0.2824831192682029, 1, 1, 1, 1]

Score=0.0296290360476
[0.00024950370828360493, -0.021423206947736872, -0.0091480083624171857, 1.5456910857503841, 1.6, 1.462225985131169, 1.4, 1.5172869751628513, 1.5039539233168533, 0.11169718292928055, 0.2824831192682029, 1, 1, 1, 1]

Score=0.0665887034988
[0.00024592268652728953, -0.021172048579725967, -0.00905705184139932, 1.5456910857503841, 1.6, 1.4584894105276058, 1.4, 1.5172869751628513, 1.5107787174396199, 0.11169718292928055, 0.2824831192682029, 1, 1, 1, 1]

Score=0.0924807615606
[0.00024592268652728953, -0.022168637916492814, -0.00905705184139932, 1.5456910857503841, 1.6, 1.4584894105276058, 1.4, 1.5223240775654678, 1.5039539233168533, 0.11169718292928055, 0.2824831192682029, 1, 1, 1, 1]

Score=0.190598616484
[0.0016979220274446673, -0.021423206947736872, -0.00905705184139932, 1.551005332614632, 1.6, 1.4896662878293376, 1.4, 1.5172869751628513, 1.5039539233168533, 0.11169718292928055, 0.2824831192682029, 1, 1, 1, 1]

Score=0.0175487493711
[0.00024950370828360493, -0.021172048579725967, -0.0091480083624171857, 1.5456910857503841, 1.6, 1.462225985131169, 1.4, 1.5172869751628513, 1.5107787174396199, 0.11169718292928055, 0.2824831192682029, 1, 1, 1, 1]

Score=0.1423366762
[0.00024950370828360493, -0.022168637916492814, -0.00905705184139932, 1.555137591385394, 1.6, 1.4896662878293376, 1.4, 1.5172869751628513, 1.5039539233168533, 0.11169718292928055, 0.2824831192682029, 1, 1, 1, 1]

Score=0.014597015234
[0.00024592268652728953, -0.022168637916492814, -0.00905705184139932, 1.5456910857503841, 1.6, 1.4584894105276058, 1.4, 1.5172869751628513, 1.5039539233168533, 0.11169718292928055, 0.2824831192682029, 1, 1, 1, 1]

Score=0.0198430841296
[0.00024950370828360493, -0.022168637916492814, -0.0074891762725993278, 1.551005332614632, 1.6, 1.4896662878293376, 1.4001470929562971, 1.5172869751628513, 1.5039539233168533, 0.11169718292928055, 0.2824831192682029, 1, 1, 1, 1]

Score=0.131797379508
[0.00024592268652728953, -0.022168637916492814, -0.00905705184139932, 1.5459378516411233, 1.6, 1.4584894105276058, 1.4, 1.5172869751628513, 1.5039539233168533, 0.11169718292928055, 0.2824831192682029, 1, 1, 1, 1]

Score=0.0112093946537
[0.00024950370828360493, -0.022168637916492814, -0.010350977048884751, 1.555137591385394, 1.6, 1.4896662878293376, 1.4, 1.5172869751628513, 1.5039539233168533, 0.11169718292928055, 0.2824831192682029, 1, 1, 1, 1]

Score=0.064542640652
[0.00024950370828360493, -0.022168637916492814, -0.00905705184139932, 1.555137591385394, 1.5880168563347556, 1.4896662878293376, 1.4001470929562971, 1.5172869751628513, 1.5039539233168533, 0.11169718292928055, 0.2824831192682029, 1, 1, 1, 1]

Score=0.118365374278
[0.00024592268652728953, -0.022168637916492814, -0.00905705184139932, 1.5456910857503841, 1.6, 1.4584894105276058, 1.4, 1.5172869751628513, 1.5039539233168533, 0.11169718292928055, 0.2824831192682029, 1, 1, 1, 1]

Score=0.164895636035
[0.00024592268652728953, -0.022168637916492814, -0.010350977048884751, 1.555137591385394, 1.5880168563347556, 1.4584894105276058, 1.4001470929562971, 1.5369340003601992, 1.5039539233168533, 0.11169718292928055, 0.2824831192682029, 1, 1, 1, 1]

Score=0.14115294496
[0.00024592268652728953, -0.022168637916492814, -0.008185536389903705, 1.555137591385394, 1.5904325445505936, 1.4584894105276058, 1.4001470929562971, 1.5369340003601992, 1.5039539233168533, 0.11169718292928055, 0.2824831192682029, 1, 1, 1, 1]

Score=0.0138939498853
[0.00024950370828360493, -0.022168637916492814, -0.010350977048884751, 1.561932980512208, 1.5880168563347556, 1.4896662878293376, 1.4, 1.5369340003601992, 1.5039539233168533, 0.11169718292928055, 0.2824831192682029, 1, 1, 1, 1]

Score=0.0946564003323
[0.00024592268652728953, -0.020620133267365615, -0.0092186424580206865, 1.561932980512208, 1.5880168563347556, 1.4896662878293376, 1.4001470929562971, 1.5369340003601992, 1.5039539233168533, 0.11169718292928055, 0.2824831192682029, 1, 1, 1, 1]

Score=0.0139410351688
[0.00024592268652728953, -0.022168637916492814, -0.010350977048884751, 1.551005332614632, 1.5880168563347556, 1.4896662878293376, 1.4020230556658335, 1.5369340003601992, 1.5039539233168533, 0.11169718292928055, 0.2824831192682029, 0.9500136436860659, 1, 1, 1]

Score=0.028371027264
[0.00024950370828360493, -0.022168637916492814, -0.010350977048884751, 1.555137591385394, 1.5880168563347556, 1.4896662878293376, 1.4001470929562971, 1.5369340003601992, 1.5175520073478945, 0.11169718292928055, 0.2824831192682029, 0.9500136436860659, 1, 1, 1]

Score=0.130207431064
[0.00024592268652728953, -0.022168637916492814, -0.010350977048884751, 1.561932980512208, 1.5880168563347556, 1.4896662878293376, 1.4001470929562971, 1.5369340003601992, 1.5039539233168533, 0.11169718292928055, 0.2824831192682029, 0.9500136436860659, 1, 1, 1]

Score=0.0535961512037
[0.00024592268652728953, -0.022168637916492814, -0.010350977048884751, 1.555137591385394, 1.5880168563347556, 1.4584894105276058, 1.4001470929562971, 1.5369340003601992, 1.5039539233168533, 0.11169718292928055, 0.2824831192682029, 0.9500136436860659, 1, 1, 1]




Final Population
[0.00024592268652728953, -0.022168637916492814, -0.010350977048884751, 1.561932980512208, 1.5880168563347556, 1.4896662878293376, 1.4001470929562971, 1.5369340003601992, 1.5039539233168533, 0.11169718292928055, 0.2824831192682029, 1, 1, 1, 1]
[0.00024592268652728953, -0.022168637916492814, -0.010350977048884751, 1.555137591385394, 1.5880168563347556, 1.4584894105276058, 1.4001470929562971, 1.5369340003601992, 1.5039539233168533, 0.11169718292928055, 0.2824831192682029, 1, 1, 1, 1]
[0.00024950370828360493, -0.022168637916492814, -0.010350977048884751, 1.555137591385394, 1.5880168563347556, 1.4896662878293376, 1.4001470929562971, 1.5369340003601992, 1.5039539233168533, 0.11169718292928055, 0.2824831192682029, 0.9500136436860659, 1, 1, 1]
[0.00024592268652728953, -0.022168637916492814, -0.010350977048884751, 1.555137591385394, 1.5880168563347556, 1.4827098802092928, 1.4001470929562971, 1.5369340003601992, 1.5039539233168533, 0.11169718292928055, 0.2824831192682029, 1, 1, 1, 1]
[0.00024592268652728953, -0.022168637916492814, -0.0099280912524336781, 1.555137591385394, 1.5880168563347556, 1.4896662878293376, 1.4001470929562971, 1.5369340003601992, 1.5039539233168533, 0.11169718292928055, 0.2824831192682029, 1, 1, 1, 1]
[0.00030886321095177595, -0.021172048579725967, -0.010350977048884751, 1.5456910857503841, 1.5880168563347556, 1.450920967675069, 1.4001470929562971, 1.5172869751628513, 1.5039539233168533, 0.11169718292928055, 0.2824831192682029, 1, 1, 1, 1]
[0.00024950370828360493, -0.022168637916492814, -0.0099280912524336781, 1.555137591385394, 1.5880168563347556, 1.4584894105276058, 1.4001470929562971, 1.5369340003601992, 1.5039539233168533, 0.11169718292928055, 0.2824831192682029, 1, 1, 1, 1]
[0.00024950370828360493, -0.021172048579725967, -0.0091480083624171857, 1.5456910857503841, 1.6, 1.4965355882782561, 1.4001470929562971, 1.5172869751628513, 1.5039539233168533, 0.11169718292928055, 0.2824831192682029, 1, 1, 1, 1]
[0.00024950370828360493, -0.021423206947736872, -0.010350977048884751, 1.5456910857503841, 1.6, 1.462225985131169, 1.4, 1.5172869751628513, 1.5039539233168533, 0.11169718292928055, 0.2824831192682029, 1, 1, 1, 1]
[0.00024950370828360493, -0.021172048579725967, -0.0091480083624171857, 1.5456910857503841, 1.6, 1.4584894105276058, 1.4, 1.5172869751628513, 1.5039539233168533, 0.11169718292928055, 0.2824831192682029, 1, 1, 1, 1]
[0.00024950370828360493, -0.021423206947736872, -0.0091480083624171857, 1.5456910857503841, 1.6, 1.462225985131169, 1.4, 1.5172869751628513, 1.5039539233168533, 0.11169718292928055, 0.2824831192682029, 1, 1, 1, 1]
[0.00024592268652728953, -0.021172048579725967, -0.00905705184139932, 1.5456910857503841, 1.6, 1.4584894105276058, 1.4, 1.5172869751628513, 1.5107787174396199, 0.11169718292928055, 0.2824831192682029, 1, 1, 1, 1]
[0.00024592268652728953, -0.022168637916492814, -0.00905705184139932, 1.5456910857503841, 1.6, 1.4584894105276058, 1.4, 1.5223240775654678, 1.5039539233168533, 0.11169718292928055, 0.2824831192682029, 1, 1, 1, 1]
[0.0016979220274446673, -0.021423206947736872, -0.00905705184139932, 1.551005332614632, 1.6, 1.4896662878293376, 1.4, 1.5172869751628513, 1.5039539233168533, 0.11169718292928055, 0.2824831192682029, 1, 1, 1, 1]
[0.00024950370828360493, -0.021172048579725967, -0.0091480083624171857, 1.5456910857503841, 1.6, 1.462225985131169, 1.4, 1.5172869751628513, 1.5107787174396199, 0.11169718292928055, 0.2824831192682029, 1, 1, 1, 1]
[0.00024950370828360493, -0.022168637916492814, -0.00905705184139932, 1.555137591385394, 1.6, 1.4896662878293376, 1.4, 1.5172869751628513, 1.5039539233168533, 0.11169718292928055, 0.2824831192682029, 1, 1, 1, 1]
[0.00024592268652728953, -0.022168637916492814, -0.00905705184139932, 1.5456910857503841, 1.6, 1.4584894105276058, 1.4, 1.5172869751628513, 1.5039539233168533, 0.11169718292928055, 0.2824831192682029, 1, 1, 1, 1]
[0.00024950370828360493, -0.022168637916492814, -0.0074891762725993278, 1.551005332614632, 1.6, 1.4896662878293376, 1.4001470929562971, 1.5172869751628513, 1.5039539233168533, 0.11169718292928055, 0.2824831192682029, 1, 1, 1, 1]
[0.00024592268652728953, -0.022168637916492814, -0.00905705184139932, 1.5459378516411233, 1.6, 1.4584894105276058, 1.4, 1.5172869751628513, 1.5039539233168533, 0.11169718292928055, 0.2824831192682029, 1, 1, 1, 1]
[0.00024950370828360493, -0.022168637916492814, -0.010350977048884751, 1.555137591385394, 1.6, 1.4896662878293376, 1.4, 1.5172869751628513, 1.5039539233168533, 0.11169718292928055, 0.2824831192682029, 1, 1, 1, 1]
[0.00024950370828360493, -0.022168637916492814, -0.00905705184139932, 1.555137591385394, 1.5880168563347556, 1.4896662878293376, 1.4001470929562971, 1.5172869751628513, 1.5039539233168533, 0.11169718292928055, 0.2824831192682029, 1, 1, 1, 1]
[0.00024592268652728953, -0.022168637916492814, -0.00905705184139932, 1.5456910857503841, 1.6, 1.4584894105276058, 1.4, 1.5172869751628513, 1.5039539233168533, 0.11169718292928055, 0.2824831192682029, 1, 1, 1, 1]
[0.00024592268652728953, -0.022168637916492814, -0.010350977048884751, 1.555137591385394, 1.5880168563347556, 1.4584894105276058, 1.4001470929562971, 1.5369340003601992, 1.5039539233168533, 0.11169718292928055, 0.2824831192682029, 1, 1, 1, 1]
[0.00024592268652728953, -0.022168637916492814, -0.008185536389903705, 1.555137591385394, 1.5904325445505936, 1.4584894105276058, 1.4001470929562971, 1.5369340003601992, 1.5039539233168533, 0.11169718292928055, 0.2824831192682029, 1, 1, 1, 1]
[0.00024950370828360493, -0.022168637916492814, -0.010350977048884751, 1.561932980512208, 1.5880168563347556, 1.4896662878293376, 1.4, 1.5369340003601992, 1.5039539233168533, 0.11169718292928055, 0.2824831192682029, 1, 1, 1, 1]
[0.00024592268652728953, -0.020620133267365615, -0.0092186424580206865, 1.561932980512208, 1.5880168563347556, 1.4896662878293376, 1.4001470929562971, 1.5369340003601992, 1.5039539233168533, 0.11169718292928055, 0.2824831192682029, 1, 1, 1, 1]
[0.00024592268652728953, -0.022168637916492814, -0.010350977048884751, 1.551005332614632, 1.5880168563347556, 1.4896662878293376, 1.4020230556658335, 1.5369340003601992, 1.5039539233168533, 0.11169718292928055, 0.2824831192682029, 0.9500136436860659, 1, 1, 1]
[0.00024950370828360493, -0.022168637916492814, -0.010350977048884751, 1.555137591385394, 1.5880168563347556, 1.4896662878293376, 1.4001470929562971, 1.5369340003601992, 1.5175520073478945, 0.11169718292928055, 0.2824831192682029, 0.9500136436860659, 1, 1, 1]
[0.00024592268652728953, -0.022168637916492814, -0.010350977048884751, 1.561932980512208, 1.5880168563347556, 1.4896662878293376, 1.4001470929562971, 1.5369340003601992, 1.5039539233168533, 0.11169718292928055, 0.2824831192682029, 0.9500136436860659, 1, 1, 1]
[0.00024592268652728953, -0.022168637916492814, -0.010350977048884751, 1.555137591385394, 1.5880168563347556, 1.4584894105276058, 1.4001470929562971, 1.5369340003601992, 1.5039539233168533, 0.11169718292928055, 0.2824831192682029, 0.9500136436860659, 1, 1, 1]
