Score=0.499885203826
[0.00011058358521508931, -0.057747293798949058, -0.028052210945478519, 1.4264161229928618, 1.5433094484121381, 1.5117458339773446, 1.5820042251147191, 1.4460534003397145, 1.4132631173686274, 1, 0.279469734223703, 0.5902416629085554, 1, 1, 0.1651812250505469]

Score=0.189727653563
[0.00011058358521508931, -0.057747293798949058, -0.028052210945478519, 1.4264161229928618, 1.5433094484121381, 1.5117458339773446, 1.5990249271941706, 1.4464092812700926, 1.4365464075623313, 0.08434828240332282, 0.279469734223703, 0.5902416629085554, 1, 1, 0.1651812250505469]

Score=0.0294631149598
[0.00011058358521508931, -0.057747293798949058, -0.028052210945478519, 1.4264161229928618, 1.5576581270350167, 1.510008146034435, 1.5632308728133555, 1.4464092812700926, 1.4170278041786191, 0.08434828240332282, 0.279469734223703, 0.5902416629085554, 1, 1, 0.1651812250505469]

Score=0.138629603509
[0.00013685550134103516, -0.057747293798949058, -0.027746912007197113, 1.4214608579543457, 1.5433094484121381, 1.5154496826224568, 1.5785087184565512, 1.4522739183276359, 1.4365464075623313, 0.08434828240332282, 0.279469734223703, 0.5902416629085554, 1, 1, 0.1651812250505469]

Score=0.129489882193
[0.00013685550134103516, -0.057747293798949058, -0.027746912007197113, 1.4264161229928618, 1.5433094484121381, 1.5117458339773446, 1.5990249271941706, 1.4522739183276359, 1.4365464075623313, 0.08434828240332282, 0.279469734223703, 0.5902416629085554, 1, 1, 0.1651812250505469]

Score=0.258914534394
[0.00011058358521508931, -0.058131301897680482, -0.027746912007197113, 1.4264161229928618, 1.5433094484121381, 1.5154496826224568, 1.5785087184565512, 1.4464092812700926, 1.4365464075623313, 0.08434828240332282, 0.279469734223703, 0.5902416629085554, 1, 1, 0.1651812250505469]

Score=0.0854307504419
[0.00011058358521508931, -0.057747293798949058, -0.027746912007197113, 1.4264161229928618, 1.5576581270350167, 1.5117458339773446, 1.5785087184565512, 1.4522739183276359, 1.4132631173686274, 0.08434828240332282, 0.279469734223703, 0.5902416629085554, 1, 1, 0.1651812250505469]

Score=0.129011144164
[0.00011058358521508931, -0.058131301897680482, -0.027746912007197113, 1.4214608579543457, 1.5394982834106876, 1.5117458339773446, 1.5785087184565512, 1.4450709762101974, 1.4365464075623313, 0.08434828240332282, 0.279469734223703, 0.5902416629085554, 1, 1, 0.1651812250505469]

Score=0.0894447036049
[0.00013685550134103516, -0.057747293798949058, -0.027746912007197113, 1.4214608579543457, 1.5433094484121381, 1.5117458339773446, 1.5785087184565512, 1.4522739183276359, 1.4331970373955298, 0.08434828240332282, 0.279469734223703, 0.5902416629085554, 1, 1, 0.1651812250505469]

Score=0.0749507356767
[0.00013685550134103516, -0.057747293798949058, -0.027746912007197113, 1.4264161229928618, 1.5433094484121381, 1.5117458339773446, 1.5990249271941706, 1.4522739183276359, 1.4365464075623313, 0.08434828240332282, 0.279469734223703, 0.5902416629085554, 1, 1, 0.1651812250505469]

Score=0.196810635762
[0.00011058358521508931, -0.057747293798949058, -0.027746912007197113, 1.4214608579543457, 1.5433094484121381, 1.5117458339773446, 1.5785087184565512, 1.4522739183276359, 1.4170278041786191, 0.08434828240332282, 0.279469734223703, 0.5902416629085554, 1, 1, 1]

Score=0.0190065502954
[0.00011058358521508931, -0.058131301897680482, -0.027746912007197113, 1.4214608579543457, 1.5433094484121381, 1.5117458339773446, 1.5785087184565512, 1.4522739183276359, 1.4365464075623313, 0.08434828240332282, 0.279469734223703, 0.5902416629085554, 1, 1, 0.1651812250505469]

Score=0.0786496513861
[0.00011058358521508931, -0.058131301897680482, -0.027746912007197113, 1.4214608579543457, 1.5389865477687277, 1.5117458339773446, 1.5785087184565512, 1.4522739183276359, 1.4365464075623313, 0.08434828240332282, 0.279469734223703, 0.5902416629085554, 1, 1, 0.1651812250505469]

Score=0.0953370667567
[0.00011058358521508931, -0.058131301897680482, -0.027746912007197113, 1.4264161229928618, 1.5433094484121381, 1.5029471406139567, 1.5736199091450709, 1.4495990069031992, 1.4170278041786191, 0.08434828240332282, 0.279469734223703, 0.5902416629085554, 1, 1, 1]

Score=0.0567887453139
[0.00011058358521508931, -0.0571410407346864, -0.028052210945478519, 1.4264161229928618, 1.5433094484121381, 1.5029471406139567, 1.5820042251147191, 1.4495990069031992, 1.4170278041786191, 0.08434828240332282, 0.279469734223703, 0.5902416629085554, 1, 1, 0.1651812250505469]

Score=0.0538418957476
[0.00011058358521508931, -0.058131301897680482, -0.027746912007197113, 1.4214608579543457, 1.5433094484121381, 1.5117458339773446, 1.5785087184565512, 1.4522739183276359, 1.4365464075623313, 0.08434828240332282, 0.279469734223703, 0.5902416629085554, 1, 1, 0.1651812250505469]

Score=0.202578902578
[0.00011058358521508931, -0.055652180922474162, -0.027746912007197113, 1.4264161229928618, 1.5433094484121381, 1.5117458339773446, 1.5820042251147191, 1.4495990069031992, 1.409301007363184, 0.08434828240332282, 0.279469734223703, 0.5902416629085554, 1, 1, 0.1651812250505469]

Score=0.220776044944
[0.00011058358521508931, -0.055652180922474162, -0.028052210945478519, 1.4264161229928618, 1.5433094484121381, 1.5029471406139567, 1.5820042251147191, 1.4495990069031992, 1.409301007363184, 0.08434828240332282, 0.279469734223703, 0.5902416629085554, 1, 1, 0.1651812250505469]

Score=0.116632574723
[0.00011058358521508931, -0.058131301897680482, -0.028052210945478519, 1.4264161229928618, 1.5433094484121381, 1.5117458339773446, 1.5820042251147191, 1.4495990069031992, 1.409301007363184, 0.08434828240332282, 0.279469734223703, 0.5902416629085554, 1, 1, 0.1651812250505469]

Score=0.0798729025376
[0.00011058358521508931, -0.055652180922474162, -0.028473232088518947, 1.4264161229928618, 1.5433094484121381, 1.5029471406139567, 1.5820042251147191, 1.4495990069031992, 1.409301007363184, 0.08434828240332282, 0.279469734223703, 0.5902416629085554, 1, 1, 0.1651812250505469]

Score=0.0733413174352
[0.00011058358521508931, -0.055652180922474162, -0.027746912007197113, 1.4264161229928618, 1.5433094484121381, 1.5029471406139567, 1.5820042251147191, 1.4495990069031992, 1.409301007363184, 0.08434828240332282, 0.279469734223703, 0.5902416629085554, 1, 1, 0.1651812250505469]

Score=0.0978236568241
[0.00011058358521508931, -0.0571410407346864, -0.028052210945478519, 1.4264161229928618, 1.5433094484121381, 1.4981294583667992, 1.5820042251147191, 1.4495990069031992, 1.409301007363184, 0.08434828240332282, 0.279469734223703, 0.5902416629085554, 1, 1, 0.1651812250505469]

Score=0.195036045633
[0.00011058358521508931, -0.058131301897680482, -0.028052210945478519, 1.4264161229928618, 1.5433094484121381, 1.5029471406139567, 1.5667268501193803, 1.4464092812700926, 1.4170278041786191, 0.08434828240332282, 0.279469734223703, 0.5902416629085554, 1, 1, 0.1651812250505469]

Score=0.109689269576
[0.00011058358521508931, -0.058131301897680482, -0.027746912007197113, 1.4217269584739154, 1.5576581270350167, 1.5029471406139567, 1.5820042251147191, 1.4460534003397145, 1.4365464075623313, 0.08434828240332282, 0.279469734223703, 1, 1, 1, 0.1651812250505469]

Score=0.072520802696
[0.00011058358521508931, -0.058131301897680482, -0.028052210945478519, 1.4264161229928618, 1.5433094484121381, 1.5117458339773446, 1.5667268501193803, 1.4464092812700926, 1.4365464075623313, 0.08434828240332282, 0.279469734223703, 0.5902416629085554, 1, 1, 0.1651812250505469]

Score=0.0472049039228
[0.00011058358521508931, -0.058131301897680482, -0.028052210945478519, 1.4264161229928618, 1.5433094484121381, 1.510008146034435, 1.5820042251147191, 1.4460534003397145, 1.4170278041786191, 0.08434828240332282, 0.279469734223703, 0.5902416629085554, 1, 1, 0.1651812250505469]

Score=0.0435585307348
[0.00011058358521508931, -0.058131301897680482, -0.028052210945478519, 1.4264161229928618, 1.5433094484121381, 1.5117458339773446, 1.5667268501193803, 1.4464092812700926, 1.4365464075623313, 0.08434828240332282, 0.279469734223703, 0.5902416629085554, 1, 1, 0.1651812250505469]

Score=0.0909805072011
[0.00011058358521508931, -0.057747293798949058, -0.028052210945478519, 1.4264161229928618, 1.5433094484121381, 1.5117458339773446, 1.5667268501193803, 1.4464092812700926, 1.4365464075623313, 0.08434828240332282, 0.279469734223703, 0.5902416629085554, 1, 1, 0.1651812250505469]

Score=0.166101634357
[0.00011058358521508931, -0.058131301897680482, -0.028052210945478519, 1.4264161229928618, 1.5433094484121381, 1.510008146034435, 1.5632308728133555, 1.4460534003397145, 1.4170278041786191, 0.08434828240332282, 0.279469734223703, 0.5902416629085554, 1, 1, 0.1651812250505469]

Score=0.149573762172
[0.00011058358521508931, -0.058131301897680482, -0.028052210945478519, 1.4264161229928618, 1.5433094484121381, 1.5117458339773446, 1.5990249271941706, 1.4464092812700926, 1.4365464075623313, 0.08434828240332282, 0.279469734223703, 0.5902416629085554, 1, 1, 0.1651812250505469]




Final Population
[0.00011058358521508931, -0.057747293798949058, -0.028052210945478519, 1.4264161229928618, 1.5433094484121381, 1.5117458339773446, 1.5820042251147191, 1.4460534003397145, 1.4132631173686274, 1, 0.279469734223703, 0.5902416629085554, 1, 1, 0.1651812250505469]
[0.00011058358521508931, -0.057747293798949058, -0.028052210945478519, 1.4264161229928618, 1.5433094484121381, 1.5117458339773446, 1.5990249271941706, 1.4464092812700926, 1.4365464075623313, 0.08434828240332282, 0.279469734223703, 0.5902416629085554, 1, 1, 0.1651812250505469]
[0.00011058358521508931, -0.057747293798949058, -0.028052210945478519, 1.4264161229928618, 1.5576581270350167, 1.510008146034435, 1.5632308728133555, 1.4464092812700926, 1.4170278041786191, 0.08434828240332282, 0.279469734223703, 0.5902416629085554, 1, 1, 0.1651812250505469]
[0.00013685550134103516, -0.057747293798949058, -0.027746912007197113, 1.4214608579543457, 1.5433094484121381, 1.5154496826224568, 1.5785087184565512, 1.4522739183276359, 1.4365464075623313, 0.08434828240332282, 0.279469734223703, 0.5902416629085554, 1, 1, 0.1651812250505469]
[0.00013685550134103516, -0.057747293798949058, -0.027746912007197113, 1.4264161229928618, 1.5433094484121381, 1.5117458339773446, 1.5990249271941706, 1.4522739183276359, 1.4365464075623313, 0.08434828240332282, 0.279469734223703, 0.5902416629085554, 1, 1, 0.1651812250505469]
[0.00011058358521508931, -0.058131301897680482, -0.027746912007197113, 1.4264161229928618, 1.5433094484121381, 1.5154496826224568, 1.5785087184565512, 1.4464092812700926, 1.4365464075623313, 0.08434828240332282, 0.279469734223703, 0.5902416629085554, 1, 1, 0.1651812250505469]
[0.00011058358521508931, -0.057747293798949058, -0.027746912007197113, 1.4264161229928618, 1.5576581270350167, 1.5117458339773446, 1.5785087184565512, 1.4522739183276359, 1.4132631173686274, 0.08434828240332282, 0.279469734223703, 0.5902416629085554, 1, 1, 0.1651812250505469]
[0.00011058358521508931, -0.058131301897680482, -0.027746912007197113, 1.4214608579543457, 1.5394982834106876, 1.5117458339773446, 1.5785087184565512, 1.4450709762101974, 1.4365464075623313, 0.08434828240332282, 0.279469734223703, 0.5902416629085554, 1, 1, 0.1651812250505469]
[0.00013685550134103516, -0.057747293798949058, -0.027746912007197113, 1.4214608579543457, 1.5433094484121381, 1.5117458339773446, 1.5785087184565512, 1.4522739183276359, 1.4331970373955298, 0.08434828240332282, 0.279469734223703, 0.5902416629085554, 1, 1, 0.1651812250505469]
[0.00013685550134103516, -0.057747293798949058, -0.027746912007197113, 1.4264161229928618, 1.5433094484121381, 1.5117458339773446, 1.5990249271941706, 1.4522739183276359, 1.4365464075623313, 0.08434828240332282, 0.279469734223703, 0.5902416629085554, 1, 1, 0.1651812250505469]
[0.00011058358521508931, -0.057747293798949058, -0.027746912007197113, 1.4214608579543457, 1.5433094484121381, 1.5117458339773446, 1.5785087184565512, 1.4522739183276359, 1.4170278041786191, 0.08434828240332282, 0.279469734223703, 0.5902416629085554, 1, 1, 1]
[0.00011058358521508931, -0.058131301897680482, -0.027746912007197113, 1.4214608579543457, 1.5433094484121381, 1.5117458339773446, 1.5785087184565512, 1.4522739183276359, 1.4365464075623313, 0.08434828240332282, 0.279469734223703, 0.5902416629085554, 1, 1, 0.1651812250505469]
[0.00011058358521508931, -0.058131301897680482, -0.027746912007197113, 1.4214608579543457, 1.5389865477687277, 1.5117458339773446, 1.5785087184565512, 1.4522739183276359, 1.4365464075623313, 0.08434828240332282, 0.279469734223703, 0.5902416629085554, 1, 1, 0.1651812250505469]
[0.00011058358521508931, -0.058131301897680482, -0.027746912007197113, 1.4264161229928618, 1.5433094484121381, 1.5029471406139567, 1.5736199091450709, 1.4495990069031992, 1.4170278041786191, 0.08434828240332282, 0.279469734223703, 0.5902416629085554, 1, 1, 1]
[0.00011058358521508931, -0.0571410407346864, -0.028052210945478519, 1.4264161229928618, 1.5433094484121381, 1.5029471406139567, 1.5820042251147191, 1.4495990069031992, 1.4170278041786191, 0.08434828240332282, 0.279469734223703, 0.5902416629085554, 1, 1, 0.1651812250505469]
[0.00011058358521508931, -0.058131301897680482, -0.027746912007197113, 1.4214608579543457, 1.5433094484121381, 1.5117458339773446, 1.5785087184565512, 1.4522739183276359, 1.4365464075623313, 0.08434828240332282, 0.279469734223703, 0.5902416629085554, 1, 1, 0.1651812250505469]
[0.00011058358521508931, -0.055652180922474162, -0.027746912007197113, 1.4264161229928618, 1.5433094484121381, 1.5117458339773446, 1.5820042251147191, 1.4495990069031992, 1.409301007363184, 0.08434828240332282, 0.279469734223703, 0.5902416629085554, 1, 1, 0.1651812250505469]
[0.00011058358521508931, -0.055652180922474162, -0.028052210945478519, 1.4264161229928618, 1.5433094484121381, 1.5029471406139567, 1.5820042251147191, 1.4495990069031992, 1.409301007363184, 0.08434828240332282, 0.279469734223703, 0.5902416629085554, 1, 1, 0.1651812250505469]
[0.00011058358521508931, -0.058131301897680482, -0.028052210945478519, 1.4264161229928618, 1.5433094484121381, 1.5117458339773446, 1.5820042251147191, 1.4495990069031992, 1.409301007363184, 0.08434828240332282, 0.279469734223703, 0.5902416629085554, 1, 1, 0.1651812250505469]
[0.00011058358521508931, -0.055652180922474162, -0.028473232088518947, 1.4264161229928618, 1.5433094484121381, 1.5029471406139567, 1.5820042251147191, 1.4495990069031992, 1.409301007363184, 0.08434828240332282, 0.279469734223703, 0.5902416629085554, 1, 1, 0.1651812250505469]
[0.00011058358521508931, -0.055652180922474162, -0.027746912007197113, 1.4264161229928618, 1.5433094484121381, 1.5029471406139567, 1.5820042251147191, 1.4495990069031992, 1.409301007363184, 0.08434828240332282, 0.279469734223703, 0.5902416629085554, 1, 1, 0.1651812250505469]
[0.00011058358521508931, -0.0571410407346864, -0.028052210945478519, 1.4264161229928618, 1.5433094484121381, 1.4981294583667992, 1.5820042251147191, 1.4495990069031992, 1.409301007363184, 0.08434828240332282, 0.279469734223703, 0.5902416629085554, 1, 1, 0.1651812250505469]
[0.00011058358521508931, -0.058131301897680482, -0.028052210945478519, 1.4264161229928618, 1.5433094484121381, 1.5029471406139567, 1.5667268501193803, 1.4464092812700926, 1.4170278041786191, 0.08434828240332282, 0.279469734223703, 0.5902416629085554, 1, 1, 0.1651812250505469]
[0.00011058358521508931, -0.058131301897680482, -0.027746912007197113, 1.4217269584739154, 1.5576581270350167, 1.5029471406139567, 1.5820042251147191, 1.4460534003397145, 1.4365464075623313, 0.08434828240332282, 0.279469734223703, 1, 1, 1, 0.1651812250505469]
[0.00011058358521508931, -0.058131301897680482, -0.028052210945478519, 1.4264161229928618, 1.5433094484121381, 1.5117458339773446, 1.5667268501193803, 1.4464092812700926, 1.4365464075623313, 0.08434828240332282, 0.279469734223703, 0.5902416629085554, 1, 1, 0.1651812250505469]
[0.00011058358521508931, -0.058131301897680482, -0.028052210945478519, 1.4264161229928618, 1.5433094484121381, 1.510008146034435, 1.5820042251147191, 1.4460534003397145, 1.4170278041786191, 0.08434828240332282, 0.279469734223703, 0.5902416629085554, 1, 1, 0.1651812250505469]
[0.00011058358521508931, -0.058131301897680482, -0.028052210945478519, 1.4264161229928618, 1.5433094484121381, 1.5117458339773446, 1.5667268501193803, 1.4464092812700926, 1.4365464075623313, 0.08434828240332282, 0.279469734223703, 0.5902416629085554, 1, 1, 0.1651812250505469]
[0.00011058358521508931, -0.057747293798949058, -0.028052210945478519, 1.4264161229928618, 1.5433094484121381, 1.5117458339773446, 1.5667268501193803, 1.4464092812700926, 1.4365464075623313, 0.08434828240332282, 0.279469734223703, 0.5902416629085554, 1, 1, 0.1651812250505469]
[0.00011058358521508931, -0.058131301897680482, -0.028052210945478519, 1.4264161229928618, 1.5433094484121381, 1.510008146034435, 1.5632308728133555, 1.4460534003397145, 1.4170278041786191, 0.08434828240332282, 0.279469734223703, 0.5902416629085554, 1, 1, 0.1651812250505469]
[0.00011058358521508931, -0.058131301897680482, -0.028052210945478519, 1.4264161229928618, 1.5433094484121381, 1.5117458339773446, 1.5990249271941706, 1.4464092812700926, 1.4365464075623313, 0.08434828240332282, 0.279469734223703, 0.5902416629085554, 1, 1, 0.1651812250505469]
