Score=0.138497006061
[0.03499189993057044, -0.0031446277542311516, 0.0019289635944336639, 1.4, 1.5946862299976892, 1.4929290441028111, 1.6, 1.4601241098083688, 1.4533458906213195, 1, 1, 0.2524397493216798, 0.7968068671054938, 0.3260835246422634, 0.6592509167309208]

Score=0.072973659299
[0.036981307285463463, -0.0031446277542311516, 0.0019289635944336639, 1.4, 1.5946862299976892, 1.4929290441028111, 1.6, 1.4642677043447641, 1.4531280403877191, 1, 1, 0.2524397493216798, 0.7968068671054938, 0.3260835246422634, 0.6592509167309208]

Score=0.0794895839386
[0.036981307285463463, -0.0025532862281239803, 0.0019289635944336639, 1.4110342381340073, 1.5946862299976892, 1.4929290441028111, 1.6, 1.4601241098083688, 1.4533458906213195, 1, 1, 0.2524397493216798, 0.7968068671054938, 0.3260835246422634, 0.6592509167309208]

Score=0.198653767641
[0.036981307285463463, -0.0031446277542311516, 0.0019289635944336639, 1.4, 1.5907039991590617, 1.4967218170086689, 1.6, 1.4642677043447641, 1.4533458906213195, 1, 1, 0.2524397493216798, 0.7968068671054938, 0.3260835246422634, 0.6592509167309208]

Score=0.154123617269
[0.03499189993057044, -0.0031446277542311516, 0.0019289635944336639, 1.4, 1.5946862299976892, 1.4967218170086689, 1.6, 1.4601241098083688, 1.4526468704010487, 1, 1, 0.2524397493216798, 0.7968068671054938, 0.3260835246422634, 0.6592509167309208]

Score=0.385963854672
[0.036981307285463463, -0.0031446277542311516, 0.0019289635944336639, 1.4, 1.5922592324657308, 1.4970847724859853, 1.6, 1.4641120177604101, 1.4531280403877191, 1, 1, 0.2524397493216798, 0.7968068671054938, 0.3260835246422634, 0.6592509167309208]

Score=0.149491599004
[0.036981307285463463, -0.0031446277542311516, 0.0019289635944336639, 1.4, 1.5922592324657308, 1.4800795495382748, 1.6, 1.4601241098083688, 1.4526468704010487, 1, 1, 0.2524397493216798, 0.7968068671054938, 0.3260835246422634, 0.6592509167309208]

Score=0.130070787253
[0.036981307285463463, -0.0031446277542311516, 0.0019289635944336639, 1.4, 1.5907039991590617, 1.4970847724859853, 1.6, 1.4641120177604101, 1.4531280403877191, 1, 1, 0.2524397493216798, 0.7968068671054938, 0.3260835246422634, 0.6592509167309208]

Score=0.0814239622588
[0.03499189993057044, -0.0031446277542311516, 0.0019289635944336639, 1.4, 1.5922592324657308, 1.4955050393918907, 1.6, 1.4642677043447641, 1.4341690023890215, 1, 1, 0.2524397493216798, 0.7968068671054938, 0.3260835246422634, 0.6592509167309208]

Score=0.110414054123
[0.03499189993057044, -0.0031446277542311516, 0.0019289635944336639, 1.4, 1.5922592324657308, 1.4967218170086689, 1.6, 1.4601241098083688, 1.4526468704010487, 1, 1, 0.2524397493216798, 0.7968068671054938, 0.3260835246422634, 0.6592509167309208]

Score=0.147896490118
[0.03499189993057044, -0.0031446277542311516, 0.0019289635944336639, 1.4, 1.5922592324657308, 1.4800795495382748, 1.6, 1.4601241098083688, 1.4526468704010487, 1, 1, 0.2524397493216798, 0.7968068671054938, 0.3260835246422634, 0.6592509167309208]

Score=0.103843427185
[0.036981307285463463, -0.0031446277542311516, 0.0019289635944336639, 1.4, 1.5907039991590617, 1.4970847724859853, 1.6, 1.4641120177604101, 1.4531280403877191, 1, 1, 0.2524397493216798, 0.7968068671054938, 0.3260835246422634, 0.6592509167309208]

Score=0.258663630367
[0.03499189993057044, -0.0034211697190826172, 0.0019289635944336639, 1.4, 1.5961784714540732, 1.4955050393918907, 1.6, 1.4642677043447641, 1.4526468704010487, 1, 1, 0.2524397493216798, 0.7968068671054938, 0.3260835246422634, 0.6592509167309208]

Score=0.160037569437
[0.03499189993057044, -0.0031446277542311516, 0.0019289635944336639, 1.4, 1.5922592324657308, 1.4955050393918907, 1.6, 1.4642677043447641, 1.4526468704010487, 1, 1, 0.2524397493216798, 0.7968068671054938, 0.3260835246422634, 0.6592509167309208]

Score=0.0831154113075
[0.03499189993057044, -0.0034211697190826172, 0.0019289635944336639, 1.4, 1.5961784714540732, 1.4800795495382748, 1.6, 1.4601241098083688, 1.4526468704010487, 1, 1, 0.2524397493216798, 0.7968068671054938, 0.3260835246422634, 0.6592509167309208]

Score=0.234991816891
[0.03499189993057044, -0.0034211697190826172, 0.0019289635944336639, 1.4, 1.5961784714540732, 1.481263507042867, 1.6, 1.4642677043447641, 1.4526468704010487, 1, 1, 0.2524397493216798, 0.7968068671054938, 0.3260835246422634, 0.6592509167309208]

Score=0.0742709290234
[0.034177840051333133, -0.0034211697190826172, 0.0019289635944336639, 1.4, 1.5922592324657308, 1.481263507042867, 1.6, 1.4601241098083688, 1.4341690023890215, 1, 1, 0.2524397493216798, 0.7968068671054938, 0.3260835246422634, 0.6592509167309208]

Score=0.146518635906
[0.03499189993057044, -0.0034211697190826172, 0.0019289635944336639, 1.4, 1.5922592324657308, 1.4800795495382748, 1.6, 1.4601241098083688, 1.4462981903414454, 1, 1, 0.2524397493216798, 0.7968068671054938, 0.3260835246422634, 0.6592509167309208]

Score=0.114423764875
[0.034177840051333133, -0.0034211697190826172, 0.0019289635944336639, 1.4, 1.5922592324657308, 1.4800795495382748, 1.6, 1.4601241098083688, 1.4341690023890215, 1, 1, 0.2524397493216798, 0.7968068671054938, 0.3260835246422634, 0.6592509167309208]

Score=0.0890372859522
[0.03499189993057044, -0.0034211697190826172, 0.0019289635944336639, 1.4, 1.5922592324657308, 1.4800795495382748, 1.6, 1.4601241098083688, 1.4462981903414454, 1, 1, 0.2524397493216798, 0.7968068671054938, 0.3260835246422634, 0.6592509167309208]

Score=0.0948373716023
[0.034177840051333133, -0.0034211697190826172, 0.0019289635944336639, 1.4, 1.5922592324657308, 1.4800795495382748, 1.6, 1.4601241098083688, 1.4341690023890215, 1, 1, 0.2524397493216798, 0.7968068671054938, 0.3260835246422634, 0.6592509167309208]

Score=0.102660192887
[0.034177840051333133, -0.0034211697190826172, 0.0019289635944336639, 1.4, 1.5922592324657308, 1.481263507042867, 1.6, 1.4601241098083688, 1.4341690023890215, 1, 1, 0.2524397493216798, 0.7968068671054938, 0.3260835246422634, 0.6592509167309208]

Score=0.223598496337
[0.036301413756791433, -0.0031446277542311516, 0.0019289635944336639, 1.4110342381340073, 1.5946862299976892, 1.4690766506055981, 1.6, 1.4642677043447641, 1.4531280403877191, 1, 1, 0.2524397493216798, 0.7968068671054938, 0.3260835246422634, 0.6592509167309208]

Score=0.140603551455
[0.036301413756791433, -0.0031446277542311516, 0.0019289635944336639, 1.4, 1.5946862299976892, 1.4800795495382748, 1.6, 1.4601241098083688, 1.4531280403877191, 1, 1, 0.2524397493216798, 0.7968068671054938, 0.3260835246422634, 0.6592509167309208]

Score=0.205849026032
[0.036301413756791433, -0.0031446277542311516, 0.0019289635944336639, 1.4, 1.5946862299976892, 1.4929290441028111, 1.6, 1.4601241098083688, 1.4531280403877191, 1, 1, 0.2524397493216798, 0.7968068671054938, 0.3260835246422634, 0.6592509167309208]

Score=0.105477639437
[0.036301413756791433, -0.0031446277542311516, 0.0019289635944336639, 1.4110342381340073, 1.5946862299976892, 1.4929290441028111, 1.5986332209694856, 1.4642677043447641, 1.4531280403877191, 1, 1, 0.2524397493216798, 0.7968068671054938, 0.3260835246422634, 0.6592509167309208]

Score=0.0769672569074
[0.036981307285463463, -0.0031446277542311516, 0.0019289635944336639, 1.4110342381340073, 1.5946862299976892, 1.4690766506055981, 1.6, 1.4642677043447641, 1.4341690023890215, 1, 1, 0.2524397493216798, 0.7968068671054938, 0.3260835246422634, 0.6592509167309208]

Score=0.0891941502713
[0.036981307285463463, -0.0031446277542311516, 0.0019289635944336639, 1.4110342381340073, 1.5946862299976892, 1.4929290441028111, 1.6, 1.4601241098083688, 1.4531280403877191, 1, 1, 0.2524397493216798, 0.7968068671054938, 0.3260835246422634, 0.6592509167309208]

Score=0.181284640844
[0.036301413756791433, -0.0031446277542311516, 0.0019289635944336639, 1.4, 1.5946862299976892, 1.4929290441028111, 1.6, 1.4642677043447641, 1.4531280403877191, 1, 1, 0.2524397493216798, 0.7968068671054938, 0.3260835246422634, 0.6592509167309208]

Score=0.145769896366
[0.03684759900662609, -0.0025532862281239803, 0.0015089621775177416, 1.4110342381340073, 1.5946862299976892, 1.4929290441028111, 1.6, 1.4642677043447641, 1.4533458906213195, 1, 1, 0.2524397493216798, 0.7968068671054938, 0.3260835246422634, 0.6592509167309208]




Final Population
[0.03499189993057044, -0.0031446277542311516, 0.0019289635944336639, 1.4, 1.5946862299976892, 1.4929290441028111, 1.6, 1.4601241098083688, 1.4533458906213195, 1, 1, 0.2524397493216798, 0.7968068671054938, 0.3260835246422634, 0.6592509167309208]
[0.036981307285463463, -0.0031446277542311516, 0.0019289635944336639, 1.4, 1.5946862299976892, 1.4929290441028111, 1.6, 1.4642677043447641, 1.4531280403877191, 1, 1, 0.2524397493216798, 0.7968068671054938, 0.3260835246422634, 0.6592509167309208]
[0.036981307285463463, -0.0025532862281239803, 0.0019289635944336639, 1.4110342381340073, 1.5946862299976892, 1.4929290441028111, 1.6, 1.4601241098083688, 1.4533458906213195, 1, 1, 0.2524397493216798, 0.7968068671054938, 0.3260835246422634, 0.6592509167309208]
[0.036981307285463463, -0.0031446277542311516, 0.0019289635944336639, 1.4, 1.5907039991590617, 1.4967218170086689, 1.6, 1.4642677043447641, 1.4533458906213195, 1, 1, 0.2524397493216798, 0.7968068671054938, 0.3260835246422634, 0.6592509167309208]
[0.03499189993057044, -0.0031446277542311516, 0.0019289635944336639, 1.4, 1.5946862299976892, 1.4967218170086689, 1.6, 1.4601241098083688, 1.4526468704010487, 1, 1, 0.2524397493216798, 0.7968068671054938, 0.3260835246422634, 0.6592509167309208]
[0.036981307285463463, -0.0031446277542311516, 0.0019289635944336639, 1.4, 1.5922592324657308, 1.4970847724859853, 1.6, 1.4641120177604101, 1.4531280403877191, 1, 1, 0.2524397493216798, 0.7968068671054938, 0.3260835246422634, 0.6592509167309208]
[0.036981307285463463, -0.0031446277542311516, 0.0019289635944336639, 1.4, 1.5922592324657308, 1.4800795495382748, 1.6, 1.4601241098083688, 1.4526468704010487, 1, 1, 0.2524397493216798, 0.7968068671054938, 0.3260835246422634, 0.6592509167309208]
[0.036981307285463463, -0.0031446277542311516, 0.0019289635944336639, 1.4, 1.5907039991590617, 1.4970847724859853, 1.6, 1.4641120177604101, 1.4531280403877191, 1, 1, 0.2524397493216798, 0.7968068671054938, 0.3260835246422634, 0.6592509167309208]
[0.03499189993057044, -0.0031446277542311516, 0.0019289635944336639, 1.4, 1.5922592324657308, 1.4955050393918907, 1.6, 1.4642677043447641, 1.4341690023890215, 1, 1, 0.2524397493216798, 0.7968068671054938, 0.3260835246422634, 0.6592509167309208]
[0.03499189993057044, -0.0031446277542311516, 0.0019289635944336639, 1.4, 1.5922592324657308, 1.4967218170086689, 1.6, 1.4601241098083688, 1.4526468704010487, 1, 1, 0.2524397493216798, 0.7968068671054938, 0.3260835246422634, 0.6592509167309208]
[0.03499189993057044, -0.0031446277542311516, 0.0019289635944336639, 1.4, 1.5922592324657308, 1.4800795495382748, 1.6, 1.4601241098083688, 1.4526468704010487, 1, 1, 0.2524397493216798, 0.7968068671054938, 0.3260835246422634, 0.6592509167309208]
[0.036981307285463463, -0.0031446277542311516, 0.0019289635944336639, 1.4, 1.5907039991590617, 1.4970847724859853, 1.6, 1.4641120177604101, 1.4531280403877191, 1, 1, 0.2524397493216798, 0.7968068671054938, 0.3260835246422634, 0.6592509167309208]
[0.03499189993057044, -0.0034211697190826172, 0.0019289635944336639, 1.4, 1.5961784714540732, 1.4955050393918907, 1.6, 1.4642677043447641, 1.4526468704010487, 1, 1, 0.2524397493216798, 0.7968068671054938, 0.3260835246422634, 0.6592509167309208]
[0.03499189993057044, -0.0031446277542311516, 0.0019289635944336639, 1.4, 1.5922592324657308, 1.4955050393918907, 1.6, 1.4642677043447641, 1.4526468704010487, 1, 1, 0.2524397493216798, 0.7968068671054938, 0.3260835246422634, 0.6592509167309208]
[0.03499189993057044, -0.0034211697190826172, 0.0019289635944336639, 1.4, 1.5961784714540732, 1.4800795495382748, 1.6, 1.4601241098083688, 1.4526468704010487, 1, 1, 0.2524397493216798, 0.7968068671054938, 0.3260835246422634, 0.6592509167309208]
[0.03499189993057044, -0.0034211697190826172, 0.0019289635944336639, 1.4, 1.5961784714540732, 1.481263507042867, 1.6, 1.4642677043447641, 1.4526468704010487, 1, 1, 0.2524397493216798, 0.7968068671054938, 0.3260835246422634, 0.6592509167309208]
[0.034177840051333133, -0.0034211697190826172, 0.0019289635944336639, 1.4, 1.5922592324657308, 1.481263507042867, 1.6, 1.4601241098083688, 1.4341690023890215, 1, 1, 0.2524397493216798, 0.7968068671054938, 0.3260835246422634, 0.6592509167309208]
[0.03499189993057044, -0.0034211697190826172, 0.0019289635944336639, 1.4, 1.5922592324657308, 1.4800795495382748, 1.6, 1.4601241098083688, 1.4462981903414454, 1, 1, 0.2524397493216798, 0.7968068671054938, 0.3260835246422634, 0.6592509167309208]
[0.034177840051333133, -0.0034211697190826172, 0.0019289635944336639, 1.4, 1.5922592324657308, 1.4800795495382748, 1.6, 1.4601241098083688, 1.4341690023890215, 1, 1, 0.2524397493216798, 0.7968068671054938, 0.3260835246422634, 0.6592509167309208]
[0.03499189993057044, -0.0034211697190826172, 0.0019289635944336639, 1.4, 1.5922592324657308, 1.4800795495382748, 1.6, 1.4601241098083688, 1.4462981903414454, 1, 1, 0.2524397493216798, 0.7968068671054938, 0.3260835246422634, 0.6592509167309208]
[0.034177840051333133, -0.0034211697190826172, 0.0019289635944336639, 1.4, 1.5922592324657308, 1.4800795495382748, 1.6, 1.4601241098083688, 1.4341690023890215, 1, 1, 0.2524397493216798, 0.7968068671054938, 0.3260835246422634, 0.6592509167309208]
[0.034177840051333133, -0.0034211697190826172, 0.0019289635944336639, 1.4, 1.5922592324657308, 1.481263507042867, 1.6, 1.4601241098083688, 1.4341690023890215, 1, 1, 0.2524397493216798, 0.7968068671054938, 0.3260835246422634, 0.6592509167309208]
[0.036301413756791433, -0.0031446277542311516, 0.0019289635944336639, 1.4110342381340073, 1.5946862299976892, 1.4690766506055981, 1.6, 1.4642677043447641, 1.4531280403877191, 1, 1, 0.2524397493216798, 0.7968068671054938, 0.3260835246422634, 0.6592509167309208]
[0.036301413756791433, -0.0031446277542311516, 0.0019289635944336639, 1.4, 1.5946862299976892, 1.4800795495382748, 1.6, 1.4601241098083688, 1.4531280403877191, 1, 1, 0.2524397493216798, 0.7968068671054938, 0.3260835246422634, 0.6592509167309208]
[0.036301413756791433, -0.0031446277542311516, 0.0019289635944336639, 1.4, 1.5946862299976892, 1.4929290441028111, 1.6, 1.4601241098083688, 1.4531280403877191, 1, 1, 0.2524397493216798, 0.7968068671054938, 0.3260835246422634, 0.6592509167309208]
[0.036301413756791433, -0.0031446277542311516, 0.0019289635944336639, 1.4110342381340073, 1.5946862299976892, 1.4929290441028111, 1.5986332209694856, 1.4642677043447641, 1.4531280403877191, 1, 1, 0.2524397493216798, 0.7968068671054938, 0.3260835246422634, 0.6592509167309208]
[0.036981307285463463, -0.0031446277542311516, 0.0019289635944336639, 1.4110342381340073, 1.5946862299976892, 1.4690766506055981, 1.6, 1.4642677043447641, 1.4341690023890215, 1, 1, 0.2524397493216798, 0.7968068671054938, 0.3260835246422634, 0.6592509167309208]
[0.036981307285463463, -0.0031446277542311516, 0.0019289635944336639, 1.4110342381340073, 1.5946862299976892, 1.4929290441028111, 1.6, 1.4601241098083688, 1.4531280403877191, 1, 1, 0.2524397493216798, 0.7968068671054938, 0.3260835246422634, 0.6592509167309208]
[0.036301413756791433, -0.0031446277542311516, 0.0019289635944336639, 1.4, 1.5946862299976892, 1.4929290441028111, 1.6, 1.4642677043447641, 1.4531280403877191, 1, 1, 0.2524397493216798, 0.7968068671054938, 0.3260835246422634, 0.6592509167309208]
[0.03684759900662609, -0.0025532862281239803, 0.0015089621775177416, 1.4110342381340073, 1.5946862299976892, 1.4929290441028111, 1.6, 1.4642677043447641, 1.4533458906213195, 1, 1, 0.2524397493216798, 0.7968068671054938, 0.3260835246422634, 0.6592509167309208]
