Score=0.102327249892
[0.093380947102670323, -0.0732557449561359, -0.021514153744108866, 1.5925553404743316, 1.5849987162091825, 1.542968290565875, 1.5645784268911558, 1.4363095539428861, 1.4330523481256128, 0.3438210876813058, 0.2407764776494027, 1, 1, 0.04648012087240272, 0.05175880704682534]

Score=0.0647146727411
[0.096330844533155643, -0.073090494560058561, -0.021514153744108866, 1.6, 1.5849987162091825, 1.5659220222329491, 1.5645784268911558, 1.4363095539428861, 1.4330523481256128, 0.3438210876813058, 0.2407764776494027, 1, 1, 0.04648012087240272, 0.05175880704682534]

Score=0.216677800652
[0.093380947102670323, -0.07363362075823289, -0.021514153744108866, 1.5925553404743316, 1.5849987162091825, 1.5659220222329491, 1.5645784268911558, 1.4363095539428861, 1.4330523481256128, 0.3438210876813058, 0.2407764776494027, 1, 1, 0.04648012087240272, 0.05175880704682534]

Score=0.215932906293
[0.093380947102670323, -0.0732557449561359, -0.021514153744108866, 1.6, 1.5849987162091825, 1.5659220222329491, 1.5645784268911558, 1.4363095539428861, 1.4330523481256128, 1, 0.2407764776494027, 1, 1, 0.04648012087240272, 0.05175880704682534]

Score=0.0153954275994
[0.09633566107175319, -0.0732557449561359, -0.021514153744108866, 1.5925553404743316, 1.5849987162091825, 1.542968290565875, 1.5645784268911558, 1.4363095539428861, 1.4330523481256128, 0.3438210876813058, 0.2407764776494027, 1, 1, 0.04648012087240272, 0.05175880704682534]

Score=0.234177012547
[0.096330844533155643, -0.073106722566328691, -0.022862115630917078, 1.5925553404743316, 1.5849987162091825, 1.5659220222329491, 1.5645784268911558, 1.4363095539428861, 1.4330523481256128, 1, 0.2407764776494027, 1, 1, 0.04648012087240272, 0.05175880704682534]

Score=0.107150233014
[0.096330844533155643, -0.0732557449561359, -0.021514153744108866, 1.5925553404743316, 1.5849987162091825, 1.5659220222329491, 1.5645784268911558, 1.4363095539428861, 1.4330523481256128, 1, 0.2407764776494027, 1, 1, 0.04648012087240272, 0.05175880704682534]

Score=0.185658041021
[0.095653484320337934, -0.0732557449561359, -0.021514153744108866, 1.5925553404743316, 1.5849987162091825, 1.5659220222329491, 1.5645784268911558, 1.4363095539428861, 1.4330523481256128, 1, 0.2407764776494027, 1, 1, 0.04648012087240272, 0.05175880704682534]

Score=0.0385834916505
[0.095653484320337934, -0.0732557449561359, -0.021514153744108866, 1.5925553404743316, 1.5849987162091825, 1.5659220222329491, 1.5645784268911558, 1.4363095539428861, 1.4330523481256128, 1, 0.2407764776494027, 1, 1, 0.04648012087240272, 0.05175880704682534]

Score=0.186807534335
[0.09633566107175319, -0.0732557449561359, -0.021514153744108866, 1.6, 1.5849987162091825, 1.5659220222329491, 1.5645784268911558, 1.4363095539428861, 1.4330523481256128, 1, 0.2407764776494027, 1, 1, 0.04648012087240272, 0.05175880704682534]

Score=0.261968741155
[0.096330844533155643, -0.0732557449561359, -0.021514153744108866, 1.6, 1.5942522169246491, 1.5659220222329491, 1.5645784268911558, 1.4363095539428861, 1.4294764474292359, 1, 0.2407764776494027, 1, 1, 0.04648012087240272, 0.05175880704682534]

Score=0.0636023268932
[0.096330844533155643, -0.0732557449561359, -0.021514153744108866, 1.6, 1.5849987162091825, 1.5659220222329491, 1.5645784268911558, 1.4363095539428861, 1.4294764474292359, 1, 0.2407764776494027, 1, 1, 0.04648012087240272, 0.05175880704682534]

Score=0.0300839408347
[0.096037860416463824, -0.073090494560058561, -0.021514153744108866, 1.5925553404743316, 1.5849987162091825, 1.5659220222329491, 1.5645784268911558, 1.4363095539428861, 1.4330523481256128, 0.3438210876813058, 0.2407764776494027, 1, 1, 0.04648012087240272, 0.05175880704682534]

Score=0.0754193539928
[0.096330844533155643, -0.0732557449561359, -0.021514153744108866, 1.5925553404743316, 1.5849987162091825, 1.5659220222329491, 1.5645784268911558, 1.4363095539428861, 1.4398833727080944, 0.3438210876813058, 0.2407764776494027, 1, 1, 0.04648012087240272, 0.05175880704682534]

Score=0.0368011630637
[0.096330844533155643, -0.0732557449561359, -0.021514153744108866, 1.6, 1.5942522169246491, 1.5659220222329491, 1.5645784268911558, 1.4363095539428861, 1.4294764474292359, 1, 0.2407764776494027, 1, 1, 0.04648012087240272, 0.05175880704682534]

Score=0.0379330831818
[0.096330844533155643, -0.073090494560058561, -0.021514153744108866, 1.5925553404743316, 1.5849987162091825, 1.5659220222329491, 1.5645784268911558, 1.4363095539428861, 1.4330523481256128, 0.3438210876813058, 0.2407764776494027, 1, 1, 0.04648012087240272, 0.05175880704682534]

Score=0.042579373575
[0.09633566107175319, -0.0732557449561359, -0.022051572857445616, 1.6, 1.5942522169246491, 1.5659220222329491, 1.5645784268911558, 1.4363095539428861, 1.4294764474292359, 0.3438210876813058, 0.2407764776494027, 1, 1, 0.04648012087240272, 0.05175880704682534]

Score=0.49729557825
[0.09633566107175319, -0.073090494560058561, -0.022051572857445616, 1.5925553404743316, 1.5849987162091825, 1.5659220222329491, 1.5645784268911558, 1.4363095539428861, 1.4330523481256128, 0.3438210876813058, 0.2407764776494027, 1, 1, 1, 0.05175880704682534]

Score=0.0735092003023
[0.096330844533155643, -0.0732557449561359, -0.021514153744108866, 1.6, 1.5849987162091825, 1.5659220222329491, 1.5645784268911558, 1.4363095539428861, 1.4294764474292359, 1, 0.2407764776494027, 1, 1, 0.04648012087240272, 0.05175880704682534]

Score=0.0233194256145
[0.096330844533155643, -0.073090494560058561, -0.021514153744108866, 1.5925553404743316, 1.5849987162091825, 1.5659220222329491, 1.5645784268911558, 1.4363095539428861, 1.4330523481256128, 0.3438210876813058, 0.2407764776494027, 1, 1, 0.04648012087240272, 0.05175880704682534]

Score=0.0381730883644
[0.09633566107175319, -0.073090494560058561, -0.023194456359914205, 1.5925553404743316, 1.5716131592947318, 1.5659220222329491, 1.5645784268911558, 1.4363095539428861, 1.4330523481256128, 0.3438210876813058, 0.2407764776494027, 1, 1, 0.04648012087240272, 0.05175880704682534]

Score=0.0426319703778
[0.09633566107175319, -0.0732557449561359, -0.022051572857445616, 1.5925553404743316, 1.5716131592947318, 1.5659220222329491, 1.5645784268911558, 1.4363095539428861, 1.4330523481256128, 0.3438210876813058, 0.2407764776494027, 1, 1, 0.04648012087240272, 0.05175880704682534]

Score=0.112909735055
[0.09633566107175319, -0.073090494560058561, -0.023194456359914205, 1.5925553404743316, 1.5716131592947318, 1.5659220222329491, 1.5645784268911558, 1.4363095539428861, 1.4330523481256128, 0.3438210876813058, 0.2407764776494027, 1, 1, 0.04648012087240272, 0.05175880704682534]

Score=0.0136022118036
[0.09633566107175319, -0.073090494560058561, -0.021514153744108866, 1.5925553404743316, 1.5716131592947318, 1.5659220222329491, 1.5645784268911558, 1.4363095539428861, 1.4330523481256128, 0.3438210876813058, 0.2407764776494027, 1, 1, 0.04648012087240272, 0.05175880704682534]

Score=0.0865682930086
[0.09633566107175319, -0.0732557449561359, -0.021514153744108866, 1.5925553404743316, 1.5716131592947318, 1.5659220222329491, 1.5645784268911558, 1.4363095539428861, 1.4330523481256128, 0.3438210876813058, 0.2407764776494027, 1, 1, 0.04648012087240272, 0.05175880704682534]

Score=0.0600833064826
[0.09633566107175319, -0.073090494560058561, -0.021514153744108866, 1.5925553404743316, 1.5716131592947318, 1.5659220222329491, 1.5645784268911558, 1.4363095539428861, 1.4330523481256128, 0.3438210876813058, 0.2407764776494027, 1, 1, 0.04648012087240272, 0.05175880704682534]

Score=0.200863289281
[0.09633566107175319, -0.073090494560058561, -0.023194456359914205, 1.5925553404743316, 1.5716131592947318, 1.5659220222329491, 1.5645784268911558, 1.4363095539428861, 1.4384421110332071, 0.3438210876813058, 0.2407764776494027, 1, 1, 0.04648012087240272, 0.05175880704682534]

Score=0.0322435733414
[0.09633566107175319, -0.07363362075823289, -0.021514153744108866, 1.5925553404743316, 1.5716131592947318, 1.5659220222329491, 1.5645784268911558, 1.4363095539428861, 1.4330523481256128, 0.3438210876813058, 0.2407764776494027, 1, 1, 0.04648012087240272, 0.05175880704682534]

Score=0.0449781189679
[0.096330844533155643, -0.073090494560058561, -0.021514153744108866, 1.5925553404743316, 1.5716131592947318, 1.5659220222329491, 1.5645784268911558, 1.4363095539428861, 1.4330523481256128, 0.3438210876813058, 0.2407764776494027, 1, 1, 0.04648012087240272, 0.05175880704682534]

Score=0.045393880407
[0.09633566107175319, -0.07363362075823289, -0.021514153744108866, 1.5925553404743316, 1.5716131592947318, 1.5659220222329491, 1.5645784268911558, 1.4363095539428861, 1.4330523481256128, 0.3438210876813058, 0.2407764776494027, 1, 1, 0.04648012087240272, 0.05175880704682534]




Final Population
[0.093380947102670323, -0.0732557449561359, -0.021514153744108866, 1.5925553404743316, 1.5849987162091825, 1.542968290565875, 1.5645784268911558, 1.4363095539428861, 1.4330523481256128, 0.3438210876813058, 0.2407764776494027, 1, 1, 0.04648012087240272, 0.05175880704682534]
[0.096330844533155643, -0.073090494560058561, -0.021514153744108866, 1.6, 1.5849987162091825, 1.5659220222329491, 1.5645784268911558, 1.4363095539428861, 1.4330523481256128, 0.3438210876813058, 0.2407764776494027, 1, 1, 0.04648012087240272, 0.05175880704682534]
[0.093380947102670323, -0.07363362075823289, -0.021514153744108866, 1.5925553404743316, 1.5849987162091825, 1.5659220222329491, 1.5645784268911558, 1.4363095539428861, 1.4330523481256128, 0.3438210876813058, 0.2407764776494027, 1, 1, 0.04648012087240272, 0.05175880704682534]
[0.093380947102670323, -0.0732557449561359, -0.021514153744108866, 1.6, 1.5849987162091825, 1.5659220222329491, 1.5645784268911558, 1.4363095539428861, 1.4330523481256128, 1, 0.2407764776494027, 1, 1, 0.04648012087240272, 0.05175880704682534]
[0.09633566107175319, -0.0732557449561359, -0.021514153744108866, 1.5925553404743316, 1.5849987162091825, 1.542968290565875, 1.5645784268911558, 1.4363095539428861, 1.4330523481256128, 0.3438210876813058, 0.2407764776494027, 1, 1, 0.04648012087240272, 0.05175880704682534]
[0.096330844533155643, -0.073106722566328691, -0.022862115630917078, 1.5925553404743316, 1.5849987162091825, 1.5659220222329491, 1.5645784268911558, 1.4363095539428861, 1.4330523481256128, 1, 0.2407764776494027, 1, 1, 0.04648012087240272, 0.05175880704682534]
[0.096330844533155643, -0.0732557449561359, -0.021514153744108866, 1.5925553404743316, 1.5849987162091825, 1.5659220222329491, 1.5645784268911558, 1.4363095539428861, 1.4330523481256128, 1, 0.2407764776494027, 1, 1, 0.04648012087240272, 0.05175880704682534]
[0.095653484320337934, -0.0732557449561359, -0.021514153744108866, 1.5925553404743316, 1.5849987162091825, 1.5659220222329491, 1.5645784268911558, 1.4363095539428861, 1.4330523481256128, 1, 0.2407764776494027, 1, 1, 0.04648012087240272, 0.05175880704682534]
[0.095653484320337934, -0.0732557449561359, -0.021514153744108866, 1.5925553404743316, 1.5849987162091825, 1.5659220222329491, 1.5645784268911558, 1.4363095539428861, 1.4330523481256128, 1, 0.2407764776494027, 1, 1, 0.04648012087240272, 0.05175880704682534]
[0.09633566107175319, -0.0732557449561359, -0.021514153744108866, 1.6, 1.5849987162091825, 1.5659220222329491, 1.5645784268911558, 1.4363095539428861, 1.4330523481256128, 1, 0.2407764776494027, 1, 1, 0.04648012087240272, 0.05175880704682534]
[0.096330844533155643, -0.0732557449561359, -0.021514153744108866, 1.6, 1.5942522169246491, 1.5659220222329491, 1.5645784268911558, 1.4363095539428861, 1.4294764474292359, 1, 0.2407764776494027, 1, 1, 0.04648012087240272, 0.05175880704682534]
[0.096330844533155643, -0.0732557449561359, -0.021514153744108866, 1.6, 1.5849987162091825, 1.5659220222329491, 1.5645784268911558, 1.4363095539428861, 1.4294764474292359, 1, 0.2407764776494027, 1, 1, 0.04648012087240272, 0.05175880704682534]
[0.096037860416463824, -0.073090494560058561, -0.021514153744108866, 1.5925553404743316, 1.5849987162091825, 1.5659220222329491, 1.5645784268911558, 1.4363095539428861, 1.4330523481256128, 0.3438210876813058, 0.2407764776494027, 1, 1, 0.04648012087240272, 0.05175880704682534]
[0.096330844533155643, -0.0732557449561359, -0.021514153744108866, 1.5925553404743316, 1.5849987162091825, 1.5659220222329491, 1.5645784268911558, 1.4363095539428861, 1.4398833727080944, 0.3438210876813058, 0.2407764776494027, 1, 1, 0.04648012087240272, 0.05175880704682534]
[0.096330844533155643, -0.0732557449561359, -0.021514153744108866, 1.6, 1.5942522169246491, 1.5659220222329491, 1.5645784268911558, 1.4363095539428861, 1.4294764474292359, 1, 0.2407764776494027, 1, 1, 0.04648012087240272, 0.05175880704682534]
[0.096330844533155643, -0.073090494560058561, -0.021514153744108866, 1.5925553404743316, 1.5849987162091825, 1.5659220222329491, 1.5645784268911558, 1.4363095539428861, 1.4330523481256128, 0.3438210876813058, 0.2407764776494027, 1, 1, 0.04648012087240272, 0.05175880704682534]
[0.09633566107175319, -0.0732557449561359, -0.022051572857445616, 1.6, 1.5942522169246491, 1.5659220222329491, 1.5645784268911558, 1.4363095539428861, 1.4294764474292359, 0.3438210876813058, 0.2407764776494027, 1, 1, 0.04648012087240272, 0.05175880704682534]
[0.09633566107175319, -0.073090494560058561, -0.022051572857445616, 1.5925553404743316, 1.5849987162091825, 1.5659220222329491, 1.5645784268911558, 1.4363095539428861, 1.4330523481256128, 0.3438210876813058, 0.2407764776494027, 1, 1, 1, 0.05175880704682534]
[0.096330844533155643, -0.0732557449561359, -0.021514153744108866, 1.6, 1.5849987162091825, 1.5659220222329491, 1.5645784268911558, 1.4363095539428861, 1.4294764474292359, 1, 0.2407764776494027, 1, 1, 0.04648012087240272, 0.05175880704682534]
[0.096330844533155643, -0.073090494560058561, -0.021514153744108866, 1.5925553404743316, 1.5849987162091825, 1.5659220222329491, 1.5645784268911558, 1.4363095539428861, 1.4330523481256128, 0.3438210876813058, 0.2407764776494027, 1, 1, 0.04648012087240272, 0.05175880704682534]
[0.09633566107175319, -0.073090494560058561, -0.023194456359914205, 1.5925553404743316, 1.5716131592947318, 1.5659220222329491, 1.5645784268911558, 1.4363095539428861, 1.4330523481256128, 0.3438210876813058, 0.2407764776494027, 1, 1, 0.04648012087240272, 0.05175880704682534]
[0.09633566107175319, -0.0732557449561359, -0.022051572857445616, 1.5925553404743316, 1.5716131592947318, 1.5659220222329491, 1.5645784268911558, 1.4363095539428861, 1.4330523481256128, 0.3438210876813058, 0.2407764776494027, 1, 1, 0.04648012087240272, 0.05175880704682534]
[0.09633566107175319, -0.073090494560058561, -0.023194456359914205, 1.5925553404743316, 1.5716131592947318, 1.5659220222329491, 1.5645784268911558, 1.4363095539428861, 1.4330523481256128, 0.3438210876813058, 0.2407764776494027, 1, 1, 0.04648012087240272, 0.05175880704682534]
[0.09633566107175319, -0.073090494560058561, -0.021514153744108866, 1.5925553404743316, 1.5716131592947318, 1.5659220222329491, 1.5645784268911558, 1.4363095539428861, 1.4330523481256128, 0.3438210876813058, 0.2407764776494027, 1, 1, 0.04648012087240272, 0.05175880704682534]
[0.09633566107175319, -0.0732557449561359, -0.021514153744108866, 1.5925553404743316, 1.5716131592947318, 1.5659220222329491, 1.5645784268911558, 1.4363095539428861, 1.4330523481256128, 0.3438210876813058, 0.2407764776494027, 1, 1, 0.04648012087240272, 0.05175880704682534]
[0.09633566107175319, -0.073090494560058561, -0.021514153744108866, 1.5925553404743316, 1.5716131592947318, 1.5659220222329491, 1.5645784268911558, 1.4363095539428861, 1.4330523481256128, 0.3438210876813058, 0.2407764776494027, 1, 1, 0.04648012087240272, 0.05175880704682534]
[0.09633566107175319, -0.073090494560058561, -0.023194456359914205, 1.5925553404743316, 1.5716131592947318, 1.5659220222329491, 1.5645784268911558, 1.4363095539428861, 1.4384421110332071, 0.3438210876813058, 0.2407764776494027, 1, 1, 0.04648012087240272, 0.05175880704682534]
[0.09633566107175319, -0.07363362075823289, -0.021514153744108866, 1.5925553404743316, 1.5716131592947318, 1.5659220222329491, 1.5645784268911558, 1.4363095539428861, 1.4330523481256128, 0.3438210876813058, 0.2407764776494027, 1, 1, 0.04648012087240272, 0.05175880704682534]
[0.096330844533155643, -0.073090494560058561, -0.021514153744108866, 1.5925553404743316, 1.5716131592947318, 1.5659220222329491, 1.5645784268911558, 1.4363095539428861, 1.4330523481256128, 0.3438210876813058, 0.2407764776494027, 1, 1, 0.04648012087240272, 0.05175880704682534]
[0.09633566107175319, -0.07363362075823289, -0.021514153744108866, 1.5925553404743316, 1.5716131592947318, 1.5659220222329491, 1.5645784268911558, 1.4363095539428861, 1.4330523481256128, 0.3438210876813058, 0.2407764776494027, 1, 1, 0.04648012087240272, 0.05175880704682534]
