Score=0.0797448564945
alpha=[0.01080819656608465, -0.014221406627062283, -0.0030328492779794114]
beta=[1.4969750069913974, 1.4115926596243034, 1.4749458072891706, 1.5674299348799094, 1.4704760441400635, 1.559553758814814]
gamma=[0.5361818010587432, 0.7428247965951161, 0.6931421244141377, 1, 0.9088706242677377, 0.1346341950204123]

Score=0.0982520591251
alpha=[0.01080819656608465, -0.014221406627062283, -0.0030328492779794114]
beta=[1.459880976845252, 1.4115926596243034, 1.4749458072891706, 1.5674299348799094, 1.4704760441400635, 1.5800735506926014]
gamma=[0.5361818010587432, 1, 0.6931421244141377, 1, 0.1638886132769869, 0.1346341950204123]

Score=0.0893313747052
alpha=[0.008853629621729432, -0.02602201465406903, -0.028685435250437902]
beta=[1.5715022093000641, 1.535206622704135, 1.550049530359543, 1.5243746543648504, 1.571666699223129, 1.5922242093494972]
gamma=[0.6871896949945103, 0.7929612112759152, 0.07336940760991273, 0.7784825624605655, 0.3683972647454148, 0.9912674950544591]

Score=0.0931522117646
alpha=[0.01080819656608465, -0.014221406627062283, -0.0023985382385418585]
beta=[1.459880976845252, 1.535206622704135, 1.4749458072891706, 1.5674299348799094, 1.4704760441400635, 1.5800735506926014]
gamma=[0.5361818010587432, 1, 0.6931421244141377, 1, 0.1638886132769869, 0.1346341950204123]

Score=0.0933933795524
alpha=[0.01080819656608465, -0.014221406627062283, -0.0023985382385418585]
beta=[1.459880976845252, 1.5244354840553063, 1.4265108268673856, 1.5139492026834047, 1.4704760441400635, 1.559553758814814]
gamma=[0.5361818010587432, 1, 0.6931421244141377, 0.8536608827072609, 0.1638886132769869, 0.1346341950204123]

Score=0.0797056811177
alpha=[0.015478644579805557, -0.02602201465406903, -0.026705845717002897]
beta=[1.5715022093000641, 1.535206622704135, 1.550049530359543, 1.5243746543648504, 1.571666699223129, 1.5800735506926014]
gamma=[0.3490274136152399, 0.7929612112759152, 0.07336940760991273, 0.7784825624605655, 0.2747544168809054, 0.9912674950544591]

Score=0.0990546539228
alpha=[0.01080819656608465, -0.02602201465406903, -0.026705845717002897]
beta=[1.5715022093000641, 1.4115926596243034, 1.550049530359543, 1.5181689375934344, 1.571666699223129, 1.5660974815129627]
gamma=[0.3500584781144358, 0.7074865553488665, 0.07336940760991273, 0.8536608827072609, 0.3683972647454148, 0.9912674950544591]

Score=0.0694373730351
alpha=[0.01545889818087993, -0.02602201465406903, -0.026705845717002897]
beta=[1.5715022093000641, 1.535206622704135, 1.5451562503732323, 1.5243746543648504, 1.571666699223129, 1.5922242093494972]
gamma=[0.3490274136152399, 0.7929612112759152, 0.07336940760991273, 0.7784825624605655, 0.3683972647454148, 0.9912674950544591]

Score=0.0655149827755
alpha=[0.01545889818087993, -0.02602201465406903, -0.026705845717002897]
beta=[1.5715022093000641, 1.535206622704135, 1.5350401042475657, 1.5243746543648504, 1.571666699223129, 1.5800735506926014]
gamma=[0.3490274136152399, 0.7929612112759152, 0.07336940760991273, 0.7784825624605655, 0.3683972647454148, 0.9912674950544591]

Score=0.0981776878332
alpha=[0.015478644579805557, -0.02602201465406903, -0.026705845717002897]
beta=[1.5715022093000641, 1.535206622704135, 1.5350401042475657, 1.5181689375934344, 1.571666699223129, 1.5892182768234981]
gamma=[0.3490274136152399, 0.7929612112759152, 0.07336940760991273, 0.7784825624605655, 0.3683972647454148, 0.9912674950544591]

Score=0.0671412804519
alpha=[0.015478644579805557, -0.02602201465406903, -0.026705845717002897]
beta=[1.5715022093000641, 1.535206622704135, 1.550049530359543, 1.5243746543648504, 1.571666699223129, 1.5800735506926014]
gamma=[0.3490274136152399, 0.7929612112759152, 0.07336940760991273, 0.8536608827072609, 0.2747544168809054, 0.9912674950544591]

Score=0.0793304066673
alpha=[0.01545889818087993, -0.02602201465406903, -0.026705845717002897]
beta=[1.5715022093000641, 1.535206622704135, 1.5350401042475657, 1.5243746543648504, 1.571666699223129, 1.5800735506926014]
gamma=[0.3490274136152399, 0.7929612112759152, 0.07336940760991273, 0.7784825624605655, 0.3683972647454148, 0.9912674950544591]

Score=0.0561665258509
alpha=[0.015478644579805557, -0.02602201465406903, -0.026705845717002897]
beta=[1.5715022093000641, 1.535206622704135, 1.550049530359543, 1.5243746543648504, 1.571666699223129, 1.5922242093494972]
gamma=[0.3490274136152399, 0.7929612112759152, 0.07336940760991273, 0.8536608827072609, 0.2747544168809054, 0.9912674950544591]

Score=0.0848185114048
alpha=[0.01545889818087993, -0.02602201465406903, -0.026705845717002897]
beta=[1.5715022093000641, 1.535206622704135, 1.5451562503732323, 1.5243746543648504, 1.571666699223129, 1.5922242093494972]
gamma=[0.3490274136152399, 0.7929612112759152, 0.07336940760991273, 0.8536608827072609, 0.3683972647454148, 0.9912674950544591]

Score=0.0539795194574
alpha=[0.014385015848465174, -0.02602201465406903, -0.026705845717002897]
beta=[1.5715022093000641, 1.535206622704135, 1.550049530359543, 1.5134335797976921, 1.571666699223129, 1.5922242093494972]
gamma=[0.3490274136152399, 0.7929612112759152, 0.07336940760991273, 0.8536608827072609, 1, 0.9912674950544591]

Score=0.0884916382116
alpha=[0.015478644579805557, -0.02602201465406903, -0.026705845717002897]
beta=[1.5715022093000641, 1.535206622704135, 1.5350401042475657, 1.5267608342239785, 1.571666699223129, 1.5892182768234981]
gamma=[0.3490274136152399, 0.7929612112759152, 0.07336940760991273, 1, 0.3683972647454148, 0.9912674950544591]

Score=0.0980408548215
alpha=[0.008853629621729432, -0.02602201465406903, -0.026705845717002897]
beta=[1.5715022093000641, 1.5515626119407699, 1.550049530359543, 1.5243746543648504, 1.4417924147161973, 1.5922242093494972]
gamma=[0.6871896949945103, 0.7929612112759152, 0.07336940760991273, 0.7784825624605655, 0.2747544168809054, 0.5581355327459482]

Score=0.0834416084843
alpha=[0.008853629621729432, -0.02602201465406903, -0.026705845717002897]
beta=[1.5715022093000641, 1.535206622704135, 1.550049530359543, 1.4998604916001168, 1.571666699223129, 1.5922242093494972]
gamma=[1, 0.7929612112759152, 0.07336940760991273, 0.7784825624605655, 1, 0.9912674950544591]

Score=0.0857466653378
alpha=[0.015478644579805557, -0.02602201465406903, -0.026705845717002897]
beta=[1.4969750069913974, 1.4115926596243034, 1.4749458072891706, 1.5674299348799094, 1.571666699223129, 1.5922242093494972]
gamma=[0.5361818010587432, 0.7428247965951161, 0.6931421244141377, 0.8536608827072609, 0.3683972647454148, 0.9912674950544591]

Score=0.090188871014
alpha=[0.015478644579805557, -0.02602201465406903, -0.026705845717002897]
beta=[1.5715022093000641, 1.532050131319461, 1.550049530359543, 1.5193159522079955, 1.5603426458165852, 1.5922242093494972]
gamma=[0.3490274136152399, 0.7929612112759152, 0.07336940760991273, 1, 0.3683972647454148, 0.9912674950544591]

Score=0.0871806962089
alpha=[0.01423944124552615, -0.02602201465406903, -0.026791862878747044]
beta=[1.5715022093000641, 1.532050131319461, 1.550049530359543, 1.5243746543648504, 1.571666699223129, 1.5892182768234981]
gamma=[0.3500584781144358, 0.7929612112759152, 0.07336940760991273, 0.8536608827072609, 0.3683972647454148, 0.9912674950544591]

Score=0.0956465573259
alpha=[0.014385015848465174, -0.02602201465406903, -0.026705845717002897]
beta=[1.5715022093000641, 1.535206622704135, 1.550049530359543, 1.5134335797976921, 1.571666699223129, 1.5922242093494972]
gamma=[0.3490274136152399, 0.7929612112759152, 0.07336940760991273, 0.8536608827072609, 1, 0.9912674950544591]

Score=0.0874452980106
alpha=[0.008853629621729432, -0.02602201465406903, -0.026705845717002897]
beta=[1.5715022093000641, 1.5515626119407699, 1.5662631614207643, 1.5243746543648504, 1.571666699223129, 1.5864820349142348]
gamma=[0.6871896949945103, 0.7929612112759152, 0.07336940760991273, 0.7784825624605655, 0.3683972647454148, 0.9912674950544591]

Score=0.06870963888
alpha=[0.01080819656608465, -0.02602201465406903, -0.026705845717002897]
beta=[1.5715022093000641, 1.5515626119407699, 1.550049530359543, 1.5243746543648504, 1.571666699223129, 1.5864820349142348]
gamma=[0.6871896949945103, 0.7929612112759152, 0.07336940760991273, 0.7784825624605655, 0.3683972647454148, 0.9912674950544591]

Score=0.0902359014265
alpha=[0.008853629621729432, -0.02602201465406903, -0.026705845717002897]
beta=[1.5701256241497861, 1.535206622704135, 1.550049530359543, 1.5243746543648504, 1.571666699223129, 1.5922242093494972]
gamma=[0.3490274136152399, 0.7929612112759152, 0.07336940760991273, 0.7784825624605655, 0.3683972647454148, 0.9912674950544591]

Score=0.0908119856381
alpha=[0.008853629621729432, -0.02602201465406903, -0.026705845717002897]
beta=[1.5715022093000641, 1.5515626119407699, 1.550049530359543, 1.5243746543648504, 1.571666699223129, 1.5864820349142348]
gamma=[1, 0.7929612112759152, 0.07336940760991273, 0.7784825624605655, 0.3683972647454148, 1]

Score=0.0899410920125
alpha=[0.014385015848465174, -0.02602201465406903, -0.026705845717002897]
beta=[1.5715022093000641, 1.535206622704135, 1.550049530359543, 1.5134335797976921, 1.571666699223129, 1.5922242093494972]
gamma=[0.3500584781144358, 0.7929612112759152, 0.07336940760991273, 0.8536608827072609, 1, 1]

Score=0.0487354069356
alpha=[0.008853629621729432, -0.02602201465406903, -0.026705845717002897]
beta=[1.5715022093000641, 1.5515626119407699, 1.550049530359543, 1.5243746543648504, 1.571666699223129, 1.5864820349142348]
gamma=[1, 0.7929612112759152, 0.07336940760991273, 0.7784825624605655, 0.3683972647454148, 1]

Score=0.0699554259414
alpha=[0.015478644579805557, -0.02602201465406903, -0.026705845717002897]
beta=[1.5862455569860321, 1.4, 1.5350401042475657, 1.5134335797976921, 1.571666699223129, 1.5942717993791291]
gamma=[0.3490274136152399, 0.7428247965951161, 0.07336940760991273, 0.8536608827072609, 0.3683972647454148, 0.9912674950544591]

Score=0.0834435965139
alpha=[0.018054629527981748, -0.02602201465406903, -0.026705845717002897]
beta=[1.5715022093000641, 1.535206622704135, 1.550049530359543, 1.5243746543648504, 1.571666699223129, 1.5922242093494972]
gamma=[0.3490274136152399, 0.7929612112759152, 0.07336940760991273, 0.8536608827072609, 1, 0.9912674950544591]

Score=0.0856072360933
alpha=[0.015478644579805557, -0.02602201465406903, -0.026705845717002897]
beta=[1.5715022093000641, 1.535206622704135, 1.550049530359543, 1.5134335797976921, 1.571666699223129, 1.5922242093494972]
gamma=[0.3500584781144358, 0.7929612112759152, 0.07336940760991273, 0.7784825624605655, 0.3683972647454148, 0.9912674950544591]

Score=0.065781041105
alpha=[0.014385015848465174, -0.02602201465406903, -0.026705845717002897]
beta=[1.5715022093000641, 1.535206622704135, 1.550049530359543, 1.5134335797976921, 1.571666699223129, 1.5922242093494972]
gamma=[0.3500584781144358, 0.7929612112759152, 0.07336940760991273, 0.7784825624605655, 1, 1]

Score=0.076404568859
alpha=[0.008853629621729432, -0.02602201465406903, -0.026705845717002897]
beta=[1.4969750069913974, 1.535206622704135, 1.550049530359543, 1.5243746543648504, 1.571666699223129, 1.5864820349142348]
gamma=[1, 0.7929612112759152, 0.07336940760991273, 0.7784825624605655, 0.3683972647454148, 1]

Score=0.0959652804677
alpha=[0.008853629621729432, -0.02602201465406903, -0.026705845717002897]
beta=[1.5715022093000641, 1.5515626119407699, 1.550049530359543, 1.5243746543648504, 1.571666699223129, 1.5864820349142348]
gamma=[0.3490274136152399, 0.7929612112759152, 0.07336940760991273, 0.7784825624605655, 0.3683972647454148, 1]

Score=0.0950705778827
alpha=[0.015478644579805557, -0.02602201465406903, -0.026705845717002897]
beta=[1.5715022093000641, 1.535206622704135, 1.550049530359543, 1.5134335797976921, 1.571666699223129, 1.5922242093494972]
gamma=[0.3490274136152399, 0.7929612112759152, 0.07336940760991273, 0.8536608827072609, 0.3683972647454148, 0.9912674950544591]

Score=0.0639395703761
alpha=[0.015478644579805557, -0.02602201465406903, -0.026705845717002897]
beta=[1.5701256241497861, 1.535206622704135, 1.550049530359543, 1.5243746543648504, 1.571666699223129, 1.6]
gamma=[0.3490274136152399, 0.7929612112759152, 0.07336940760991273, 0.7784825624605655, 0.3683972647454148, 0.9912674950544591]

Score=0.0846278984924
alpha=[0.008853629621729432, -0.02602201465406903, -0.026705845717002897]
beta=[1.5715022093000641, 1.5515626119407699, 1.5662631614207643, 1.5243746543648504, 1.571666699223129, 1.5864820349142348]
gamma=[0.3490274136152399, 0.7929612112759152, 0.07336940760991273, 0.7784825624605655, 0.3683972647454148, 1]

Score=0.0666064238764
alpha=[0.008853629621729432, -0.02602201465406903, -0.026705845717002897]
beta=[1.5715022093000641, 1.5515626119407699, 1.5662631614207643, 1.5243746543648504, 1.4301543797451333, 1.5864820349142348]
gamma=[1, 0.7929612112759152, 0.07336940760991273, 0.7784825624605655, 0.3683972647454148, 1]

Score=0.0681580328137
alpha=[0.014385015848465174, -0.02602201465406903, -0.026705845717002897]
beta=[1.4969750069913974, 1.535206622704135, 1.4749458072891706, 1.5243746543648504, 1.571666699223129, 1.5864820349142348]
gamma=[0.3490274136152399, 0.7929612112759152, 0.07336940760991273, 0.7784825624605655, 0.3683972647454148, 0.9912674950544591]

Score=0.0747280251357
alpha=[0.008853629621729432, -0.02602201465406903, -0.026705845717002897]
beta=[1.4969750069913974, 1.535206622704135, 1.5662631614207643, 1.5243746543648504, 1.4301543797451333, 1.5864820349142348]
gamma=[1, 1, 0.07336940760991273, 0.7784825624605655, 0.3683972647454148, 1]

Score=0.0912456740089
alpha=[0.015478644579805557, -0.02602201465406903, -0.025637207609825602]
beta=[1.5715022093000641, 1.535206622704135, 1.550049530359543, 1.5243746543648504, 1.4458101336561604, 1.5864820349142348]
gamma=[0.3490274136152399, 0.7929612112759152, 0.07336940760991273, 0.7784825624605655, 1, 0.9912674950544591]

Score=0.0784849316436
alpha=[0.014385015848465174, -0.02602201465406903, -0.026705845717002897]
beta=[1.5477116026763045, 1.5515626119407699, 1.5662631614207643, 1.5243746543648504, 1.4301543797451333, 1.5922242093494972]
gamma=[1, 0.7929612112759152, 0.07336940760991273, 0.7784825624605655, 0.3683972647454148, 0.9912674950544591]

Score=0.0650521725423
alpha=[0.014385015848465174, -0.02602201465406903, -0.026705845717002897]
beta=[1.5477116026763045, 1.535206622704135, 1.5662631614207643, 1.5243746543648504, 1.573290237188101, 1.5922242093494972]
gamma=[0.3500584781144358, 0.7929612112759152, 0.07336940760991273, 0.7784825624605655, 0.3683972647454148, 0.9912674950544591]

Score=0.0914356231641
alpha=[0.01080819656608465, -0.02602201465406903, -0.026705845717002897]
beta=[1.4969750069913974, 1.535206622704135, 1.550049530359543, 1.5243746543648504, 1.571666699223129, 1.5864820349142348]
gamma=[1, 0.7929612112759152, 0.07336940760991273, 0.7784825624605655, 0.3683972647454148, 1]

Score=0.0761465174308
alpha=[0.01080819656608465, -0.02602201465406903, -0.026705845717002897]
beta=[1.4969750069913974, 1.535206622704135, 1.550049530359543, 1.5134335797976921, 1.573290237188101, 1.5864820349142348]
gamma=[1, 0.7929612112759152, 0.07336940760991273, 0.7784825624605655, 0.3683972647454148, 1]

Score=0.0978243661526
alpha=[0.01080819656608465, -0.02602201465406903, -0.026705845717002897]
beta=[1.5715022093000641, 1.535206622704135, 1.550049530359543, 1.5243746543648504, 1.571666699223129, 1.5864820349142348]
gamma=[0.6871896949945103, 0.7929612112759152, 0.07336940760991273, 0.7784825624605655, 0.3683972647454148, 0.9912674950544591]

Score=0.0811250730541
alpha=[0.014385015848465174, -0.02602201465406903, -0.026705845717002897]
beta=[1.5715022093000641, 1.535206622704135, 1.550049530359543, 1.5134335797976921, 1.571666699223129, 1.5922242093494972]
gamma=[0.3500584781144358, 0.7929612112759152, 0.07336940760991273, 0.7784825624605655, 1, 1]

Score=0.0694565238292
alpha=[0.015478644579805557, -0.02602201465406903, -0.026705845717002897]
beta=[1.4969750069913974, 1.535206622704135, 1.5532309937220086, 1.5243746543648504, 1.4301543797451333, 1.5864820349142348]
gamma=[1, 0.7929612112759152, 0.07336940760991273, 0.7784825624605655, 0.3683972647454148, 0.9912674950544591]

Score=0.0899025647047
alpha=[0.015478644579805557, -0.02602201465406903, -0.026705845717002897]
beta=[1.5701256241497861, 1.535206622704135, 1.550049530359543, 1.5243746543648504, 1.571666699223129, 1.5922242093494972]
gamma=[1, 0.7929612112759152, 0.07336940760991273, 0.7784825624605655, 0.3683972647454148, 0.9912674950544591]

Score=0.0732453397498
alpha=[0.008853629621729432, -0.025858307885129096, -0.026705845717002897]
beta=[1.4969750069913974, 1.535206622704135, 1.5662631614207643, 1.5243746543648504, 1.4301543797451333, 1.5864820349142348]
gamma=[1, 0.7929612112759152, 0.07336940760991273, 0.7784825624605655, 0.3683972647454148, 1]

Score=0.0716862714336
alpha=[0.015478644579805557, -0.02602201465406903, -0.026705845717002897]
beta=[1.5701256241497861, 1.535206622704135, 1.5662631614207643, 1.5243746543648504, 1.4301543797451333, 1.5922242093494972]
gamma=[1, 0.7929612112759152, 0.07336940760991273, 0.7784825624605655, 0.3683972647454148, 0.9912674950544591]

Score=0.0887154637044
alpha=[0.008853629621729432, -0.02602201465406903, -0.026705845717002897]
beta=[1.4969750069913974, 1.535206622704135, 1.550049530359543, 1.5243746543648504, 1.4301543797451333, 1.5864820349142348]
gamma=[1, 0.7929612112759152, 0.07336940760991273, 0.7784825624605655, 0.3683972647454148, 1]

Score=0.0934156328072
alpha=[0.015478644579805557, -0.02602201465406903, -0.026705845717002897]
beta=[1.4969750069913974, 1.535206622704135, 1.550049530359543, 1.5580648249687219, 1.571666699223129, 1.5864820349142348]
gamma=[0.3490274136152399, 0.7929612112759152, 0.07336940760991273, 0.7784825624605655, 0.1638886132769869, 0.9912674950544591]

Score=0.0764717405624
alpha=[0.014385015848465174, -0.02602201465406903, -0.026705845717002897]
beta=[1.5715022093000641, 1.535206622704135, 1.550049530359543, 1.5134335797976921, 1.573290237188101, 1.5922242093494972]
gamma=[1, 0.7929612112759152, 0.07336940760991273, 0.7784825624605655, 0.3683972647454148, 1]

Score=0.0931261211025
alpha=[0.015478644579805557, -0.02602201465406903, -0.026705845717002897]
beta=[1.5701256241497861, 1.535206622704135, 1.550049530359543, 1.5243746543648504, 1.571666699223129, 1.6]
gamma=[0.3500584781144358, 0.7929612112759152, 0.07336940760991273, 0.7784825624605655, 0.3683972647454148, 0.9912674950544591]

Score=0.085367811704
alpha=[0.008853629621729432, -0.02602201465406903, -0.026705845717002897]
beta=[1.5715022093000641, 1.535206622704135, 1.550049530359543, 1.5243746543648504, 1.571666699223129, 1.5864820349142348]
gamma=[0.3490274136152399, 0.7929612112759152, 0.07336940760991273, 0.7784825624605655, 1, 1]

Score=0.0923744423959
alpha=[0.015478644579805557, -0.02602201465406903, -0.026705845717002897]
beta=[1.5715022093000641, 1.535206622704135, 1.550049530359543, 1.5134335797976921, 1.571666699223129, 1.5922242093494972]
gamma=[0.3500584781144358, 0.7929612112759152, 0.07336940760991273, 0.7784825624605655, 0.3683972647454148, 0.9912674950544591]

Score=0.0939146576838
alpha=[0.015478644579805557, -0.02602201465406903, -0.026705845717002897]
beta=[1.5715022093000641, 1.535206622704135, 1.550049530359543, 1.5243746543648504, 1.571666699223129, 1.5864820349142348]
gamma=[0.3490274136152399, 0.7929612112759152, 0.07336940760991273, 0.7784825624605655, 0.3683972647454148, 0.9912674950544591]

Score=0.0724993977446
alpha=[0.015478644579805557, -0.02602201465406903, -0.026705845717002897]
beta=[1.5701256241497861, 1.535206622704135, 1.550049530359543, 1.5243746543648504, 1.571666699223129, 1.5922242093494972]
gamma=[1, 0.7929612112759152, 0.07336940760991273, 0.7784825624605655, 0.3683972647454148, 0.9912674950544591]

Score=0.0844182615741
alpha=[0.015478644579805557, -0.02602201465406903, -0.026705845717002897]
beta=[1.5715022093000641, 1.535206622704135, 1.5662631614207643, 1.5243746543648504, 1.4301543797451333, 1.5922242093494972]
gamma=[1, 0.7929612112759152, 0.07336940760991273, 0.7784825624605655, 0.3683972647454148, 0.9912674950544591]

Score=0.0948116481744
alpha=[0.008853629621729432, -0.02602201465406903, -0.026705845717002897]
beta=[1.5715022093000641, 1.5515626119407699, 1.5662631614207643, 1.5243746543648504, 1.4301543797451333, 1.5922242093494972]
gamma=[0.3490274136152399, 0.7929612112759152, 0.07336940760991273, 0.7784825624605655, 0.3683972647454148, 1]

Score=0.0816603412792
alpha=[0.008853629621729432, -0.02602201465406903, -0.026705845717002897]
beta=[1.4969750069913974, 1.535206622704135, 1.550049530359543, 1.5134335797976921, 1.571666699223129, 1.5864820349142348]
gamma=[1, 0.7929612112759152, 0.07336940760991273, 0.7784825624605655, 0.3683972647454148, 0.9912674950544591]

Score=0.0526615766264
alpha=[0.014385015848465174, -0.02602201465406903, -0.026705845717002897]
beta=[1.4969750069913974, 1.535206622704135, 1.5662631614207643, 1.5243746543648504, 1.571666699223129, 1.5864820349142348]
gamma=[1, 0.7929612112759152, 0.07336940760991273, 0.7784825624605655, 0.3683972647454148, 0.9912674950544591]

Score=0.0976093538423
alpha=[0.015478644579805557, -0.02602201465406903, -0.026705845717002897]
beta=[1.5715022093000641, 1.535206622704135, 1.550049530359543, 1.5243746543648504, 1.571666699223129, 1.5864820349142348]
gamma=[0.3490274136152399, 0.7929612112759152, 0.07336940760991273, 0.7784825624605655, 0.3683972647454148, 1]

Score=0.0972005293268
alpha=[0.018054629527981748, -0.02602201465406903, -0.026705845717002897]
beta=[1.5701256241497861, 1.535206622704135, 1.5662631614207643, 1.5243746543648504, 1.4301543797451333, 1.5850051559995819]
gamma=[1, 0.7929612112759152, 0.07336940760991273, 0.7784825624605655, 0.3683972647454148, 0.9912674950544591]

Score=0.0389787398705
alpha=[0.014385015848465174, -0.02602201465406903, -0.026705845717002897]
beta=[1.4969750069913974, 1.535206622704135, 1.5386623661598162, 1.5134335797976921, 1.571666699223129, 1.5864820349142348]
gamma=[1, 0.7929612112759152, 0.07336940760991273, 0.7784825624605655, 0.3683972647454148, 1]

Score=0.0857492501343
alpha=[0.015478644579805557, -0.02602201465406903, -0.026705845717002897]
beta=[1.5715022093000641, 1.535206622704135, 1.5662631614207643, 1.5243746543648504, 1.571666699223129, 1.5922242093494972]
gamma=[1, 0.7929612112759152, 0.07336940760991273, 0.7784825624605655, 0.3683972647454148, 0.9912674950544591]

Score=0.0949690167411
alpha=[0.014385015848465174, -0.02602201465406903, -0.026705845717002897]
beta=[1.4969750069913974, 1.535206622704135, 1.5662631614207643, 1.5134335797976921, 1.571666699223129, 1.5864820349142348]
gamma=[1, 0.7929612112759152, 0.07336940760991273, 0.7784825624605655, 0.1638886132769869, 1]

Score=0.0840827934557
alpha=[0.015478644579805557, -0.02602201465406903, -0.026705845717002897]
beta=[1.4969750069913974, 1.535206622704135, 1.550049530359543, 1.5134335797976921, 1.571666699223129, 1.5922242093494972]
gamma=[1, 0.7929612112759152, 0.07336940760991273, 0.7784825624605655, 0.1638886132769869, 1]

Score=0.0770005585768
alpha=[0.015478644579805557, -0.02602201465406903, -0.026705845717002897]
beta=[1.5066023338114034, 1.535206622704135, 1.550049530359543, 1.5243746543648504, 1.571666699223129, 1.5811378062710215]
gamma=[0.3490274136152399, 0.7929612112759152, 0.07336940760991273, 0.7784825624605655, 1, 1]

Score=0.0756276077344
alpha=[0.008853629621729432, -0.02602201465406903, -0.026705845717002897]
beta=[1.5715022093000641, 1.5515626119407699, 1.5662631614207643, 1.5243746543648504, 1.4301543797451333, 1.5864820349142348]
gamma=[1, 0.7929612112759152, 0.07336940760991273, 0.7784825624605655, 0.3683972647454148, 0.9912674950544591]

Score=0.0954823439966
alpha=[0.015478644579805557, -0.02602201465406903, -0.026705845717002897]
beta=[1.4969750069913974, 1.5232861135408506, 1.550049530359543, 1.5243746543648504, 1.5649408883952638, 1.5922242093494972]
gamma=[1, 0.7929612112759152, 0.07336940760991273, 0.7784825624605655, 0.3683972647454148, 0.9912674950544591]

Score=0.089914798944
alpha=[0.0081040116044272508, -0.02602201465406903, -0.026705845717002897]
beta=[1.4969750069913974, 1.5515626119407699, 1.5662631614207643, 1.5243746543648504, 1.571666699223129, 1.5864820349142348]
gamma=[1, 0.7929612112759152, 0.07336940760991273, 0.7784825624605655, 0.3683972647454148, 1]

Score=0.0760216704911
alpha=[0.014385015848465174, -0.02602201465406903, -0.026705845717002897]
beta=[1.5701256241497861, 1.535206622704135, 1.5662631614207643, 1.5243746543648504, 1.4301543797451333, 1.5864820349142348]
gamma=[1, 0.7929612112759152, 0.07336940760991273, 0.7784825624605655, 0.3683972647454148, 1]

Score=0.0998598684774
alpha=[0.015478644579805557, -0.02602201465406903, -0.026705845717002897]
beta=[1.4969750069913974, 1.535206622704135, 1.5662631614207643, 1.5243746543648504, 1.4301543797451333, 1.5864820349142348]
gamma=[1, 0.7929612112759152, 0.07336940760991273, 0.7784825624605655, 0.3683972647454148, 0.9912674950544591]

Score=0.0887233993153
alpha=[0.015478644579805557, -0.02695698555274368, -0.026705845717002897]
beta=[1.5066023338114034, 1.535206622704135, 1.550049530359543, 1.5243746543648504, 1.571666699223129, 1.5811378062710215]
gamma=[0.3490274136152399, 0.7929612112759152, 0.07336940760991273, 0.7784825624605655, 1, 1]

Score=0.0467385540439
alpha=[0.015478644579805557, -0.02602201465406903, -0.026705845717002897]
beta=[1.5066023338114034, 1.535206622704135, 1.550049530359543, 1.5243746543648504, 1.571666699223129, 1.5811378062710215]
gamma=[0.3490274136152399, 0.7929612112759152, 0.07336940760991273, 0.7784825624605655, 0.3683972647454148, 1]

Score=0.0769884881299
alpha=[0.015478644579805557, -0.02602201465406903, -0.026705845717002897]
beta=[1.4969750069913974, 1.535206622704135, 1.5662631614207643, 1.5243746543648504, 1.571666699223129, 1.5864820349142348]
gamma=[1, 0.7929612112759152, 0.07336940760991273, 0.7784825624605655, 0.3683972647454148, 0.9912674950544591]

Score=0.0534860942715
alpha=[0.017911426551794715, -0.02602201465406903, -0.026705845717002897]
beta=[1.5066023338114034, 1.535206622704135, 1.550049530359543, 1.5243746543648504, 1.571666699223129, 1.5922242093494972]
gamma=[0.3490274136152399, 0.7929612112759152, 0.07336940760991273, 0.7784825624605655, 1, 1]

Score=0.0532256087105
alpha=[0.014385015848465174, -0.02602201465406903, -0.026705845717002897]
beta=[1.5701256241497861, 1.535206622704135, 1.5386623661598162, 1.5134335797976921, 1.571666699223129, 1.5864820349142348]
gamma=[0.3490274136152399, 0.7929612112759152, 0.07336940760991273, 0.7784825624605655, 0.3683972647454148, 1]

Score=0.086523803687
alpha=[0.014385015848465174, -0.02602201465406903, -0.026705845717002897]
beta=[1.4969750069913974, 1.535206622704135, 1.4749458072891706, 1.5134335797976921, 1.571666699223129, 1.5864820349142348]
gamma=[1, 0.7929612112759152, 0.07336940760991273, 0.7784825624605655, 0.3683972647454148, 1]

Score=0.0825605043286
alpha=[0.014385015848465174, -0.02602201465406903, -0.026705845717002897]
beta=[1.4969750069913974, 1.5515626119407699, 1.5662631614207643, 1.5243746543648504, 1.4301543797451333, 1.5864820349142348]
gamma=[1, 0.7929612112759152, 0.07336940760991273, 0.7784825624605655, 0.3683972647454148, 1]

Score=0.0912075823638
alpha=[0.015478644579805557, -0.02602201465406903, -0.026705845717002897]
beta=[1.5701256241497861, 1.5515626119407699, 1.550049530359543, 1.5134335797976921, 1.4301543797451333, 1.5864820349142348]
gamma=[0.3490274136152399, 0.7929612112759152, 0.07336940760991273, 0.7784825624605655, 0.3683972647454148, 0.9912674950544591]

Score=0.0869731910206
alpha=[0.015558922603524495, -0.02602201465406903, -0.026705845717002897]
beta=[1.5701256241497861, 1.535206622704135, 1.5386623661598162, 1.5243746543648504, 1.4301543797451333, 1.5864820349142348]
gamma=[1, 1, 0.07336940760991273, 0.7784825624605655, 0.3683972647454148, 1]

Score=0.0832585669414
alpha=[0.008853629621729432, -0.02602201465406903, -0.026705845717002897]
beta=[1.4969750069913974, 1.5515626119407699, 1.5662631614207643, 1.5243746543648504, 1.571666699223129, 1.5864820349142348]
gamma=[1, 0.7929612112759152, 0.07336940760991273, 0.7784825624605655, 0.3683972647454148, 1]

Score=0.0758956982693
alpha=[0.015478644579805557, -0.02602201465406903, -0.026705845717002897]
beta=[1.5715022093000641, 1.535206622704135, 1.550049530359543, 1.5243746543648504, 1.4463695841799096, 1.5864820349142348]
gamma=[1, 0.7929612112759152, 0.07336940760991273, 0.7784825624605655, 0.3683972647454148, 0.9912674950544591]

Score=0.0905318729689
alpha=[0.015478644579805557, -0.02602201465406903, -0.026705845717002897]
beta=[1.5129774799185822, 1.535206622704135, 1.550049530359543, 1.5243746543648504, 1.571666699223129, 1.5864820349142348]
gamma=[1, 0.7929612112759152, 0.07336940760991273, 0.7784825624605655, 0.3683972647454148, 1]

Score=0.0826562175363
alpha=[0.014385015848465174, -0.02602201465406903, -0.026705845717002897]
beta=[1.4969750069913974, 1.5515626119407699, 1.5662631614207643, 1.5243746543648504, 1.4301543797451333, 1.5864820349142348]
gamma=[1, 0.7929612112759152, 0.07336940760991273, 0.7784825624605655, 0.3683972647454148, 1]

Score=0.0884106847918
alpha=[0.015650772085590195, -0.02602201465406903, -0.026705845717002897]
beta=[1.5066023338114034, 1.5394440093090453, 1.5662631614207643, 1.5243746543648504, 1.571666699223129, 1.5864820349142348]
gamma=[0.3490274136152399, 0.7929612112759152, 0.07336940760991273, 0.7784825624605655, 0.3683972647454148, 1]

Score=0.0956954433898
alpha=[0.015478644579805557, -0.02602201465406903, -0.026705845717002897]
beta=[1.5066023338114034, 1.535206622704135, 1.550049530359543, 1.5243746543648504, 1.571666699223129, 1.5811378062710215]
gamma=[1, 0.7929612112759152, 0.07336940760991273, 0.7784825624605655, 0.3683972647454148, 1]

Score=0.0891838170505
alpha=[0.015478644579805557, -0.02602201465406903, -0.026705845717002897]
beta=[1.4969750069913974, 1.5515626119407699, 1.5662631614207643, 1.5033458396877506, 1.4301543797451333, 1.5971931981200003]
gamma=[1, 0.7929612112759152, 0.07336940760991273, 0.7784825624605655, 0.3683972647454148, 0.9912674950544591]

Score=0.0761043433308
alpha=[0.014385015848465174, -0.025991242105348616, -0.026705845717002897]
beta=[1.5066023338114034, 1.5394440093090453, 1.5386623661598162, 1.5243746543648504, 1.571666699223129, 1.5864820349142348]
gamma=[0.3490274136152399, 0.7929612112759152, 0.07336940760991273, 0.7784825624605655, 0.3683972647454148, 1]

Score=0.0826453446378
alpha=[0.008853629621729432, -0.02602201465406903, -0.026705845717002897]
beta=[1.4969750069913974, 1.5515626119407699, 1.5662631614207643, 1.5243746543648504, 1.4301543797451333, 1.5864820349142348]
gamma=[1, 0.7929612112759152, 0.07336940760991273, 0.7784825624605655, 0.3683972647454148, 0.9912674950544591]

Score=0.0873087111199
alpha=[0.015478644579805557, -0.02602201465406903, -0.026705845717002897]
beta=[1.4969750069913974, 1.5515626119407699, 1.5662631614207643, 1.5033458396877506, 1.4301543797451333, 1.5864820349142348]
gamma=[1, 0.7929612112759152, 0.07336940760991273, 0.7784825624605655, 0.3683972647454148, 0.9912674950544591]

Score=0.0851058505086
alpha=[0.014385015848465174, -0.025991242105348616, -0.026705845717002897]
beta=[1.5636341776491749, 1.5394440093090453, 1.550049530359543, 1.5243746543648504, 1.571666699223129, 1.5864820349142348]
gamma=[0.3500584781144358, 0.7929612112759152, 0.07336940760991273, 0.7784825624605655, 0.3683972647454148, 1]

Score=0.0403196850909
alpha=[0.008853629621729432, -0.02602201465406903, -0.026705845717002897]
beta=[1.4969750069913974, 1.5515626119407699, 1.5662631614207643, 1.5243746543648504, 1.5674590059647411, 1.5864820349142348]
gamma=[1, 0.7929612112759152, 0.07336940760991273, 0.7784825624605655, 0.3683972647454148, 1]

Score=0.0728533699868
alpha=[0.015478644579805557, -0.02602201465406903, -0.026705845717002897]
beta=[1.5066023338114034, 1.5394440093090453, 1.5386623661598162, 1.5243746543648504, 1.571666699223129, 1.5864820349142348]
gamma=[1, 0.7929612112759152, 0.07336940760991273, 0.7784825624605655, 0.3683972647454148, 0.9912674950544591]

Score=0.093998433142
alpha=[0.015478644579805557, -0.02602201465406903, -0.026705845717002897]
beta=[1.5066023338114034, 1.5515626119407699, 1.550049530359543, 1.5243746543648504, 1.571666699223129, 1.5811378062710215]
gamma=[0.3490274136152399, 0.7929612112759152, 0.07336940760991273, 0.7784825624605655, 0.3683972647454148, 0.9912674950544591]

Score=0.0638006641268
alpha=[0.015478644579805557, -0.02602201465406903, -0.026705845717002897]
beta=[1.5621498663688798, 1.5515626119407699, 1.5662631614207643, 1.5033458396877506, 1.5771236426172406, 1.5864820349142348]
gamma=[1, 0.7929612112759152, 0.07336940760991273, 0.7784825624605655, 0.3683972647454148, 1]

Score=0.084191880108
alpha=[0.008853629621729432, -0.02602201465406903, -0.026705845717002897]
beta=[1.4969750069913974, 1.5515626119407699, 1.5662631614207643, 1.5243746543648504, 1.5674590059647411, 1.5864820349142348]
gamma=[1, 0.7929612112759152, 0.07336940760991273, 0.7784825624605655, 0.3683972647454148, 1]

Score=0.0859185150293
alpha=[0.008853629621729432, -0.02602201465406903, -0.026705845717002897]
beta=[1.5066023338114034, 1.535206622704135, 1.550049530359543, 1.5134335797976921, 1.571666699223129, 1.5922242093494972]
gamma=[1, 0.7929612112759152, 0.07336940760991273, 0.7784825624605655, 0.3683972647454148, 1]

Score=0.0796803734233
alpha=[0.015478644579805557, -0.02602201465406903, -0.026705845717002897]
beta=[1.4969750069913974, 1.5515626119407699, 1.5662631614207643, 1.5033458396877506, 1.5797636867156011, 1.5864820349142348]
gamma=[1, 0.7929612112759152, 0.07336940760991273, 0.7784825624605655, 0.3683972647454148, 1]

Score=0.0801650174838
alpha=[0.015478644579805557, -0.02602201465406903, -0.026705845717002897]
beta=[1.5066023338114034, 1.535206622704135, 1.550049530359543, 1.5243746543648504, 1.571666699223129, 1.5922242093494972]
gamma=[0.3490274136152399, 0.7929612112759152, 0.07336940760991273, 0.7784825624605655, 0.3683972647454148, 1]

Score=0.0581722829774
alpha=[0.015478644579805557, -0.02602201465406903, -0.026705845717002897]
beta=[1.4969750069913974, 1.5515626119407699, 1.5662631614207643, 1.5243746543648504, 1.4301543797451333, 1.5864820349142348]
gamma=[1, 0.7929612112759152, 0.07336940760991273, 0.7784825624605655, 0.3683972647454148, 1]

Score=0.0967282548932
alpha=[0.015478644579805557, -0.02602201465406903, -0.026705845717002897]
beta=[1.4969750069913974, 1.5394440093090453, 1.5386623661598162, 1.5033458396877506, 1.5771236426172406, 1.5864820349142348]
gamma=[1, 0.7929612112759152, 0.07336940760991273, 0.7784825624605655, 0.3683972647454148, 1]

Score=0.0998036886475
alpha=[0.015478644579805557, -0.02602201465406903, -0.026705845717002897]
beta=[1.5066023338114034, 1.5515626119407699, 1.5662631614207643, 1.5243746543648504, 1.5674590059647411, 1.5864820349142348]
gamma=[1, 0.7929612112759152, 0.07336940760991273, 0.7784825624605655, 0.3683972647454148, 1]

Score=0.0529680406802
alpha=[0.008853629621729432, -0.02602201465406903, -0.026705845717002897]
beta=[1.5066023338114034, 1.5394440093090453, 1.5662631614207643, 1.5243746543648504, 1.4301543797451333, 1.5897286211442405]
gamma=[0.3500584781144358, 0.7929612112759152, 0.07336940760991273, 0.7784825624605655, 1, 1]

Score=0.0938341292827
alpha=[0.015478644579805557, -0.02602201465406903, -0.026705845717002897]
beta=[1.5066023338114034, 1.535206622704135, 1.5662631614207643, 1.5243746543648504, 1.5674590059647411, 1.5864820349142348]
gamma=[1, 0.7929612112759152, 0.07336940760991273, 0.7784825624605655, 0.3683972647454148, 0.9912674950544591]

Score=0.0786687251949
alpha=[0.008853629621729432, -0.02602201465406903, -0.026705845717002897]
beta=[1.5066023338114034, 1.535206622704135, 1.550049530359543, 1.5243746543648504, 1.571666699223129, 1.5922242093494972]
gamma=[1, 0.7929612112759152, 0.07336940760991273, 1, 1, 1]

Score=0.0606293501842
alpha=[0.015478644579805557, -0.02602201465406903, -0.026705845717002897]
beta=[1.4969750069913974, 1.5515626119407699, 1.5662631614207643, 1.5033458396877506, 1.4301543797451333, 1.5864820349142348]
gamma=[1, 0.7929612112759152, 0.07336940760991273, 0.7784825624605655, 0.3683972647454148, 0.9912674950544591]

Score=0.0666740842467
alpha=[0.015478644579805557, -0.02602201465406903, -0.026705845717002897]
beta=[1.5066023338114034, 1.535206622704135, 1.550049530359543, 1.5243746543648504, 1.571666699223129, 1.5922242093494972]
gamma=[0.3490274136152399, 1, 0.07336940760991273, 0.7784825624605655, 0.3683972647454148, 1]

Score=0.0662271200528
alpha=[0.015478644579805557, -0.02602201465406903, -0.026705845717002897]
beta=[1.5066023338114034, 1.535206622704135, 1.550049530359543, 1.5243746543648504, 1.571666699223129, 1.5864820349142348]
gamma=[0.3490274136152399, 0.7929612112759152, 0.07336940760991273, 0.7784825624605655, 0.3683972647454148, 1]

Score=0.0990011352165
alpha=[0.014385015848465174, -0.025991242105348616, -0.026705845717002897]
beta=[1.5066023338114034, 1.535206622704135, 1.5662631614207643, 1.5243746543648504, 1.571666699223129, 1.5864820349142348]
gamma=[0.3500584781144358, 0.7929612112759152, 0.07336940760991273, 0.7784825624605655, 0.3683972647454148, 1]

Score=0.0665245673215
alpha=[0.008853629621729432, -0.02602201465406903, -0.026705845717002897]
beta=[1.5621498663688798, 1.5515626119407699, 1.5662631614207643, 1.5033458396877506, 1.5674590059647411, 1.5864820349142348]
gamma=[1, 0.7929612112759152, 0.07336940760991273, 0.7784825624605655, 0.3683972647454148, 1]

Score=0.0935133940945
alpha=[0.008853629621729432, -0.02602201465406903, -0.026705845717002897]
beta=[1.5066023338114034, 1.5394440093090453, 1.5662631614207643, 1.5243746543648504, 1.4301543797451333, 1.5897286211442405]
gamma=[0.3500584781144358, 0.7929612112759152, 0.07336940760991273, 0.7784825624605655, 1, 1]

Score=0.074932230742
alpha=[0.014385015848465174, -0.025991242105348616, -0.026705845717002897]
beta=[1.5066023338114034, 1.535206622704135, 1.5662631614207643, 1.5243746543648504, 1.571666699223129, 1.5864820349142348]
gamma=[0.3500584781144358, 0.7929612112759152, 0.07336940760991273, 0.7784825624605655, 0.3683972647454148, 1]

Score=0.0743517789076
alpha=[0.008853629621729432, -0.02602201465406903, -0.026705845717002897]
beta=[1.5066023338114034, 1.535206622704135, 1.550049530359543, 1.5243746543648504, 1.571666699223129, 1.5922242093494972]
gamma=[1, 0.7929612112759152, 0.07336940760991273, 1, 1, 1]

Score=0.08861937429
alpha=[0.015478644579805557, -0.02602201465406903, -0.026705845717002897]
beta=[1.5066023338114034, 1.535206622704135, 1.5662631614207643, 1.5243746543648504, 1.571666699223129, 1.5922242093494972]
gamma=[0.3490274136152399, 1, 0.07336940760991273, 0.7784825624605655, 0.3683972647454148, 1]

Score=0.0963379557913
alpha=[0.015478644579805557, -0.02602201465406903, -0.026705845717002897]
beta=[1.4969750069913974, 1.5515626119407699, 1.5662631614207643, 1.5243746543648504, 1.4301543797451333, 1.5864820349142348]
gamma=[0.3500584781144358, 0.7929612112759152, 0.07336940760991273, 0.7784825624605655, 0.3683972647454148, 1]

Score=0.0753276954612
alpha=[0.014385015848465174, -0.025991242105348616, -0.026705845717002897]
beta=[1.5066023338114034, 1.535206622704135, 1.5662631614207643, 1.5243746543648504, 1.5771236426172406, 1.5864820349142348]
gamma=[1, 0.7929612112759152, 0.07336940760991273, 0.7784825624605655, 0.3683972647454148, 1]

Score=0.0454600004755
alpha=[0.015478644579805557, -0.02602201465406903, -0.026705845717002897]
beta=[1.5066023338114034, 1.535206622704135, 1.5662631614207643, 1.5123067466044289, 1.5674590059647411, 1.5864820349142348]
gamma=[1, 0.7929612112759152, 0.07336940760991273, 0.7784825624605655, 0.3683972647454148, 0.9912674950544591]

Score=0.0738928436407
alpha=[0.015478644579805557, -0.02544473694610554, -0.026705845717002897]
beta=[1.5066023338114034, 1.5515626119407699, 1.5662631614207643, 1.5243746543648504, 1.571666699223129, 1.5864820349142348]
gamma=[0.3500584781144358, 0.7929612112759152, 0.07336940760991273, 0.7784825624605655, 0.3683972647454148, 1]

Score=0.0756055335226
alpha=[0.01056005076375735, -0.02602201465406903, -0.026705845717002897]
beta=[1.5066023338114034, 1.535206622704135, 1.5662631614207643, 1.5243746543648504, 1.4301543797451333, 1.5864820349142348]
gamma=[0.3500584781144358, 0.7929612112759152, 0.07336940760991273, 0.7784825624605655, 1, 1]

Score=0.0982014779539
alpha=[0.015478644579805557, -0.025991242105348616, -0.026705845717002897]
beta=[1.4969750069913974, 1.535206622704135, 1.5662631614207643, 1.5243746543648504, 1.4301543797451333, 1.5864820349142348]
gamma=[0.3500584781144358, 0.7929612112759152, 0.07336940760991273, 0.7784825624605655, 0.3683972647454148, 1]

Score=0.0765168284646
alpha=[0.015478644579805557, -0.025627169032914281, -0.026705845717002897]
beta=[1.5066023338114034, 1.535206622704135, 1.550049530359543, 1.5243746543648504, 1.571666699223129, 1.5922242093494972]
gamma=[0.3490274136152399, 0.7929612112759152, 0.07336940760991273, 0.7784825624605655, 0.3683972647454148, 1]

Score=0.0917026272846
alpha=[0.015478644579805557, -0.025627169032914281, -0.026705845717002897]
beta=[1.5066023338114034, 1.535206622704135, 1.550049530359543, 1.5243746543648504, 1.571666699223129, 1.5922242093494972]
gamma=[1, 1, 0.07336940760991273, 0.7784825624605655, 0.3683972647454148, 1]

Score=0.0921165948029
alpha=[0.015478644579805557, -0.02602201465406903, -0.026705845717002897]
beta=[1.5066023338114034, 1.535206622704135, 1.5662631614207643, 1.5243746543648504, 1.571666699223129, 1.5922242093494972]
gamma=[0.3500584781144358, 0.7929612112759152, 0.07336940760991273, 0.7784825624605655, 0.3683972647454148, 1]

Score=0.0820213667327
alpha=[0.015478644579805557, -0.02602201465406903, -0.026705845717002897]
beta=[1.5066023338114034, 1.535206622704135, 1.5662631614207643, 1.5123067466044289, 1.4301543797451333, 1.5864820349142348]
gamma=[1, 0.7929612112759152, 0.07336940760991273, 0.7784825624605655, 0.3683972647454148, 0.9912674950544591]

Score=0.0886950199113
alpha=[0.015478644579805557, -0.025627169032914281, -0.026705845717002897]
beta=[1.5066023338114034, 1.535206622704135, 1.550049530359543, 1.5243746543648504, 1.571666699223129, 1.5922242093494972]
gamma=[0.3490274136152399, 0.7929612112759152, 0.07336940760991273, 0.7784825624605655, 1, 1]

Score=0.074940630041
alpha=[0.014385015848465174, -0.02602201465406903, -0.026705845717002897]
beta=[1.5066023338114034, 1.5515626119407699, 1.5662631614207643, 1.5123067466044289, 1.6, 1.5864820349142348]
gamma=[1, 0.7929612112759152, 0.07336940760991273, 0.7784825624605655, 0.3683972647454148, 1]

Score=0.0969865446005
alpha=[0.015478644579805557, -0.02602201465406903, -0.026705845717002897]
beta=[1.5066023338114034, 1.5515626119407699, 1.5662631614207643, 1.5123067466044289, 1.5768110334706331, 1.5864820349142348]
gamma=[1, 0.7929612112759152, 0.07336940760991273, 0.7784825624605655, 0.3683972647454148, 1]

Score=0.0226644251025
alpha=[0.015478644579805557, -0.025627169032914281, -0.026705845717002897]
beta=[1.5066023338114034, 1.535206622704135, 1.550049530359543, 1.5243746543648504, 1.571666699223129, 1.5808082379394606]
gamma=[0.3490274136152399, 1, 0.07336940760991273, 0.7784825624605655, 0.3683972647454148, 1]

Score=0.0690048126362
alpha=[0.015478644579805557, -0.025627169032914281, -0.026705845717002897]
beta=[1.5066023338114034, 1.535206622704135, 1.550049530359543, 1.5243746543648504, 1.571666699223129, 1.5808082379394606]
gamma=[0.3490274136152399, 1, 0.07336940760991273, 0.7784825624605655, 0.3683972647454148, 1]

Score=0.0928364310251
alpha=[0.015478644579805557, -0.02602201465406903, -0.026705845717002897]
beta=[1.5066023338114034, 1.535206622704135, 1.5662631614207643, 1.5243746543648504, 1.4301543797451333, 1.5864820349142348]
gamma=[1, 0.7929612112759152, 0.07336940760991273, 0.7784825624605655, 0.3683972647454148, 1]

Score=0.0614228663025
alpha=[0.015478644579805557, -0.02602201465406903, -0.026705845717002897]
beta=[1.5066023338114034, 1.535206622704135, 1.550049530359543, 1.5243746543648504, 1.571666699223129, 1.5922242093494972]
gamma=[1, 1, 0.07336940760991273, 0.7784825624605655, 0.3683972647454148, 0.9912674950544591]

Score=0.0639619396195
alpha=[0.016198174781248791, -0.02602201465406903, -0.026705845717002897]
beta=[1.5066023338114034, 1.5515626119407699, 1.5662631614207643, 1.5123067466044289, 1.4301543797451333, 1.5864820349142348]
gamma=[1, 0.7929612112759152, 0.07336940760991273, 0.7784825624605655, 0.3683972647454148, 0.9912674950544591]

Score=0.0799315371892
alpha=[0.015478644579805557, -0.02602201465406903, -0.026705845717002897]
beta=[1.5066023338114034, 1.535206622704135, 1.5662631614207643, 1.5243746543648504, 1.571666699223129, 1.5922242093494972]
gamma=[0.3500584781144358, 0.7929612112759152, 0.07336940760991273, 0.7784825624605655, 0.3683972647454148, 1]

Score=0.0858075275296
alpha=[0.015478644579805557, -0.02602201465406903, -0.026705845717002897]
beta=[1.4969750069913974, 1.5334817047178992, 1.5662631614207643, 1.5243746543648504, 1.571666699223129, 1.5922242093494972]
gamma=[0.3500584781144358, 0.7929612112759152, 0.07336940760991273, 0.7784825624605655, 0.3683972647454148, 1]

Score=0.0826867900812
alpha=[0.015478644579805557, -0.02602201465406903, -0.026705845717002897]
beta=[1.5066023338114034, 1.535206622704135, 1.5662631614207643, 1.5243746543648504, 1.571666699223129, 1.5922242093494972]
gamma=[0.3500584781144358, 0.7929612112759152, 0.07336940760991273, 0.7784825624605655, 0.3683972647454148, 1]

Score=0.076530195076
alpha=[0.015478644579805557, -0.02602201465406903, -0.026705845717002897]
beta=[1.4969750069913974, 1.5334817047178992, 1.5662631614207643, 1.5243746543648504, 1.4301543797451333, 1.5922242093494972]
gamma=[0.3500584781144358, 0.7929612112759152, 0.07336940760991273, 0.7784825624605655, 0.3683972647454148, 1]

Score=0.0674293949783
alpha=[0.015478644579805557, -0.02602201465406903, -0.026705845717002897]
beta=[1.4903331167346532, 1.5515626119407699, 1.5662631614207643, 1.5123067466044289, 1.4301543797451333, 1.5864820349142348]
gamma=[1, 0.7929612112759152, 0.07336940760991273, 0.7784825624605655, 0.3683972647454148, 0.9912674950544591]

Score=0.0736845379329
alpha=[0.015478644579805557, -0.02602201465406903, -0.026705845717002897]
beta=[1.5066023338114034, 1.535206622704135, 1.5662631614207643, 1.5123067466044289, 1.571666699223129, 1.5864820349142348]
gamma=[1, 1, 0.07336940760991273, 0.7784825624605655, 0.3683972647454148, 1]

Score=0.0891083255832
alpha=[0.015478644579805557, -0.02602201465406903, -0.026705845717002897]
beta=[1.5066023338114034, 1.535206622704135, 1.5662631614207643, 1.5243746543648504, 1.4048169100346404, 1.5659895085295021]
gamma=[0.3490274136152399, 0.7929612112759152, 0.07336940760991273, 0.7784825624605655, 1, 1]

Score=0.0426004222472
alpha=[0.015478644579805557, -0.025991242105348616, -0.026705845717002897]
beta=[1.5066023338114034, 1.5449683799403808, 1.5662631614207643, 1.5243746543648504, 1.4301543797451333, 1.5864820349142348]
gamma=[1, 0.7929612112759152, 0.07336940760991273, 0.7784825624605655, 0.3683972647454148, 1]

