Score=0.229988133268
[0.0042134482597177211, -0.031464929926379816, -0.011677319489170277, 1.550547175892681, 1.5669256185203932, 1.4864220663814125, 1.4229762523350988, 1.4735853335530618, 1.5387782955543123, 1, 1, 0.032074211785800055, 0.04501573232755407, 1, 1]

Score=0.188437494793
[-0.0035902056846357599, -0.031464929926379816, -0.011677319489170277, 1.5304067969473136, 1.5671706401619179, 1.497737128372147, 1.4402914302365115, 1.4645385589178692, 1.5413027935254, 1, 1, 0.032074211785800055, 0.04501573232755407, 1, 1]

Score=0.0421327130315
[0.0039034166757832998, -0.030798696299137986, -0.011677319489170277, 1.550547175892681, 1.5639485944581999, 1.497737128372147, 1.4423573832281364, 1.4645385589178692, 1.5047258972812063, 1, 1, 0.032074211785800055, 0.04501573232755407, 1, 1]

Score=0.114623521722
[0.0039034166757832998, -0.030798696299137986, -0.011677319489170277, 1.550547175892681, 1.5634813665910594, 1.497737128372147, 1.4229762523350988, 1.4645385589178692, 1.5387782955543123, 1, 1, 0.032074211785800055, 0.04501573232755407, 1, 1]

Score=0.0866086950173
[0.0039034166757832998, -0.031464929926379816, -0.011677319489170277, 1.550547175892681, 1.5639485944581999, 1.497737128372147, 1.4229762523350988, 1.4645385589178692, 1.5047258972812063, 1, 1, 0.032074211785800055, 0.04501573232755407, 1, 1]

Score=0.101244038094
[0.0039034166757832998, -0.030798696299137986, -0.011677319489170277, 1.550547175892681, 1.5639485944581999, 1.497737128372147, 1.4173232253860839, 1.4645385589178692, 1.5387782955543123, 1, 1, 0.032074211785800055, 0.04501573232755407, 1, 1]

Score=0.105184410031
[0.0039034166757832998, -0.031464929926379816, -0.011677319489170277, 1.5304067969473136, 1.5639485944581999, 1.5085974244953646, 1.4173232253860839, 1.4645385589178692, 1.5387782955543123, 1, 1, 0.032074211785800055, 0.04501573232755407, 1, 1]

Score=0.0577415608705
[0.0039034166757832998, -0.031464929926379816, -0.011677319489170277, 1.5304067969473136, 1.5639485944581999, 1.497737128372147, 1.4229762523350988, 1.4645385589178692, 1.5413027935254, 1, 1, 0.032074211785800055, 0.04501573232755407, 1, 1]

Score=0.116921621784
[0.0039034166757832998, -0.030798696299137986, -0.011677319489170277, 1.5304067969473136, 1.5639485944581999, 1.497737128372147, 1.4173232253860839, 1.4645385589178692, 1.5387782955543123, 1, 1, 0.032074211785800055, 0.04501573232755407, 1, 1]

Score=0.0502775593789
[0.0039034166757832998, -0.030798696299137986, -0.011677319489170277, 1.5304067969473136, 1.5671706401619179, 1.497737128372147, 1.4229762523350988, 1.4645385589178692, 1.5387782955543123, 1, 1, 0.032074211785800055, 0.04501573232755407, 1, 1]

Score=0.149119621129
[0.004268777592844655, -0.030798696299137986, -0.011677319489170277, 1.5304067969473136, 1.5639485944581999, 1.497737128372147, 1.4173232253860839, 1.445666225348774, 1.5387782955543123, 1, 1, 0.032074211785800055, 0.04501573232755407, 1, 1]

Score=0.0330768519916
[0.0039034166757832998, -0.030798696299137986, -0.011677319489170277, 1.5304067969473136, 1.5639485944581999, 1.5085974244953646, 1.4173232253860839, 1.4645385589178692, 1.5387782955543123, 0.6024926702012167, 1, 0.032074211785800055, 0.04501573232755407, 1, 1]

Score=0.100173991411
[0.004268777592844655, -0.031464929926379816, -0.011677319489170277, 1.5304067969473136, 1.5639485944581999, 1.497737128372147, 1.4173232253860839, 1.445666225348774, 1.5387782955543123, 1, 1, 0.032074211785800055, 0.04501573232755407, 1, 1]

Score=0.121722631752
[0.0039034166757832998, -0.030798696299137986, -0.011677319489170277, 1.5304067969473136, 1.5639485944581999, 1.4979042620658995, 1.4173232253860839, 1.4645385589178692, 1.5387782955543123, 1, 1, 0.032074211785800055, 0.04501573232755407, 1, 1]

Score=0.066846859204
[0.0039034166757832998, -0.031464929926379816, -0.011677319489170277, 1.5304067969473136, 1.5639485944581999, 1.4979042620658995, 1.4229762523350988, 1.445666225348774, 1.5387782955543123, 1, 1, 0.032074211785800055, 0.04501573232755407, 1, 1]

Score=0.241882788358
[0.0039034166757832998, -0.030798696299137986, -0.011677319489170277, 1.5304067969473136, 1.5639485944581999, 1.4979042620658995, 1.4173232253860839, 1.4512304612568205, 1.5387782955543123, 1, 1, 0.032074211785800055, 0.04501573232755407, 1, 1]

Score=0.0892574602027
[0.004268777592844655, -0.030429237489245926, -0.011677319489170277, 1.5304067969473136, 1.5671706401619179, 1.497737128372147, 1.4229762523350988, 1.445666225348774, 1.5387782955543123, 1, 1, 0.032074211785800055, 0.04501573232755407, 1, 1]

Score=0.0210168469166
[0.004268777592844655, -0.031464929926379816, -0.011677319489170277, 1.5304067969473136, 1.5639485944581999, 1.5096487493101127, 1.4173232253860839, 1.445666225348774, 1.5387782955543123, 1, 1, 0.032074211785800055, 0.04501573232755407, 1, 1]

Score=0.150896204654
[0.0039034166757832998, -0.031464929926379816, -0.011677319489170277, 1.534762521830058, 1.5639485944581999, 1.4979042620658995, 1.4173232253860839, 1.445666225348774, 1.5387782955543123, 1, 1, 0.032074211785800055, 0.04501573232755407, 1, 1]

Score=0.226777587786
[0.004268777592844655, -0.031464929926379816, -0.011869137316595627, 1.5304067969473136, 1.5619727966870112, 1.497737128372147, 1.4173232253860839, 1.4512304612568205, 1.5387782955543123, 1, 1, 0.032074211785800055, 0.04501573232755407, 1, 1]

Score=0.245307363019
[0.004268777592844655, -0.031464929926379816, -0.011677319489170277, 1.5304067969473136, 1.5619727966870112, 1.4979042620658995, 1.4173232253860839, 1.445666225348774, 1.5387782955543123, 1, 1, 0.032074211785800055, 0.04501573232755407, 1, 1]

Score=0.144640226953
[0.0039034166757832998, -0.031464929926379816, -0.011677319489170277, 1.550547175892681, 1.5669256185203932, 1.497737128372147, 1.4423573832281364, 1.4645385589178692, 1.5387782955543123, 1, 1, 0.032074211785800055, 0.04501573232755407, 1, 1]

Score=0.0590158939853
[0.0039034166757832998, -0.031464929926379816, -0.011677319489170277, 1.534762521830058, 1.5671706401619179, 1.4814339586142458, 1.4423573832281364, 1.445666225348774, 1.5387782955543123, 1, 1, 0.032074211785800055, 0.04501573232755407, 1, 1]

Score=0.130644224121
[0.0039034166757832998, -0.031464929926379816, -0.011677319489170277, 1.534762521830058, 1.5671706401619179, 1.4814339586142458, 1.4423573832281364, 1.445666225348774, 1.5387782955543123, 1, 1, 0.032074211785800055, 0.04501573232755407, 1, 1]

Score=0.171094729825
[0.0018209432322898479, -0.031464929926379816, -0.011677319489170277, 1.550547175892681, 1.5669256185203932, 1.497737128372147, 1.4460763302655892, 1.4645385589178692, 1.549807779854053, 1, 1, 0.032074211785800055, 0.04501573232755407, 1, 1]

Score=0.0375630855622
[0.0018209432322898479, -0.031464929926379816, -0.011677319489170277, 1.550547175892681, 1.5669256185203932, 1.497737128372147, 1.4423573832281364, 1.4484233656279553, 1.549807779854053, 1, 1, 0.032074211785800055, 0.04501573232755407, 1, 1]

Score=0.160942633017
[0.0042134482597177211, -0.031464929926379816, -0.011677319489170277, 1.534762521830058, 1.5671706401619179, 1.497737128372147, 1.4423573832281364, 1.4645385589178692, 1.5387782955543123, 1, 1, 0.032074211785800055, 0.04501573232755407, 1, 1]

Score=0.082717928125
[0.0039034166757832998, -0.031464929926379816, -0.011677319489170277, 1.550547175892681, 1.5669256185203932, 1.497737128372147, 1.4423573832281364, 1.4645385589178692, 1.549807779854053, 1, 1, 0.032074211785800055, 0.04501573232755407, 1, 1]

Score=0.0300923656926
[0.0018209432322898479, -0.031464929926379816, -0.011677319489170277, 1.550547175892681, 1.5669256185203932, 1.4970294255857601, 1.4229762523350988, 1.4645385589178692, 1.5387782955543123, 1, 1, 0.032074211785800055, 0.04501573232755407, 1, 1]

Score=0.188932373666
[0.0018209432322898479, -0.031464929926379816, -0.011677319489170277, 1.550547175892681, 1.5669256185203932, 1.4970294255857601, 1.4229762523350988, 1.4645385589178692, 1.549807779854053, 1, 1, 0.032074211785800055, 0.04501573232755407, 1, 1]




Final Population
[0.0042134482597177211, -0.031464929926379816, -0.011677319489170277, 1.550547175892681, 1.5669256185203932, 1.4864220663814125, 1.4229762523350988, 1.4735853335530618, 1.5387782955543123, 1, 1, 0.032074211785800055, 0.04501573232755407, 1, 1]
[-0.0035902056846357599, -0.031464929926379816, -0.011677319489170277, 1.5304067969473136, 1.5671706401619179, 1.497737128372147, 1.4402914302365115, 1.4645385589178692, 1.5413027935254, 1, 1, 0.032074211785800055, 0.04501573232755407, 1, 1]
[0.0039034166757832998, -0.030798696299137986, -0.011677319489170277, 1.550547175892681, 1.5639485944581999, 1.497737128372147, 1.4423573832281364, 1.4645385589178692, 1.5047258972812063, 1, 1, 0.032074211785800055, 0.04501573232755407, 1, 1]
[0.0039034166757832998, -0.030798696299137986, -0.011677319489170277, 1.550547175892681, 1.5634813665910594, 1.497737128372147, 1.4229762523350988, 1.4645385589178692, 1.5387782955543123, 1, 1, 0.032074211785800055, 0.04501573232755407, 1, 1]
[0.0039034166757832998, -0.031464929926379816, -0.011677319489170277, 1.550547175892681, 1.5639485944581999, 1.497737128372147, 1.4229762523350988, 1.4645385589178692, 1.5047258972812063, 1, 1, 0.032074211785800055, 0.04501573232755407, 1, 1]
[0.0039034166757832998, -0.030798696299137986, -0.011677319489170277, 1.550547175892681, 1.5639485944581999, 1.497737128372147, 1.4173232253860839, 1.4645385589178692, 1.5387782955543123, 1, 1, 0.032074211785800055, 0.04501573232755407, 1, 1]
[0.0039034166757832998, -0.031464929926379816, -0.011677319489170277, 1.5304067969473136, 1.5639485944581999, 1.5085974244953646, 1.4173232253860839, 1.4645385589178692, 1.5387782955543123, 1, 1, 0.032074211785800055, 0.04501573232755407, 1, 1]
[0.0039034166757832998, -0.031464929926379816, -0.011677319489170277, 1.5304067969473136, 1.5639485944581999, 1.497737128372147, 1.4229762523350988, 1.4645385589178692, 1.5413027935254, 1, 1, 0.032074211785800055, 0.04501573232755407, 1, 1]
[0.0039034166757832998, -0.030798696299137986, -0.011677319489170277, 1.5304067969473136, 1.5639485944581999, 1.497737128372147, 1.4173232253860839, 1.4645385589178692, 1.5387782955543123, 1, 1, 0.032074211785800055, 0.04501573232755407, 1, 1]
[0.0039034166757832998, -0.030798696299137986, -0.011677319489170277, 1.5304067969473136, 1.5671706401619179, 1.497737128372147, 1.4229762523350988, 1.4645385589178692, 1.5387782955543123, 1, 1, 0.032074211785800055, 0.04501573232755407, 1, 1]
[0.004268777592844655, -0.030798696299137986, -0.011677319489170277, 1.5304067969473136, 1.5639485944581999, 1.497737128372147, 1.4173232253860839, 1.445666225348774, 1.5387782955543123, 1, 1, 0.032074211785800055, 0.04501573232755407, 1, 1]
[0.0039034166757832998, -0.030798696299137986, -0.011677319489170277, 1.5304067969473136, 1.5639485944581999, 1.5085974244953646, 1.4173232253860839, 1.4645385589178692, 1.5387782955543123, 0.6024926702012167, 1, 0.032074211785800055, 0.04501573232755407, 1, 1]
[0.004268777592844655, -0.031464929926379816, -0.011677319489170277, 1.5304067969473136, 1.5639485944581999, 1.497737128372147, 1.4173232253860839, 1.445666225348774, 1.5387782955543123, 1, 1, 0.032074211785800055, 0.04501573232755407, 1, 1]
[0.0039034166757832998, -0.030798696299137986, -0.011677319489170277, 1.5304067969473136, 1.5639485944581999, 1.4979042620658995, 1.4173232253860839, 1.4645385589178692, 1.5387782955543123, 1, 1, 0.032074211785800055, 0.04501573232755407, 1, 1]
[0.0039034166757832998, -0.031464929926379816, -0.011677319489170277, 1.5304067969473136, 1.5639485944581999, 1.4979042620658995, 1.4229762523350988, 1.445666225348774, 1.5387782955543123, 1, 1, 0.032074211785800055, 0.04501573232755407, 1, 1]
[0.0039034166757832998, -0.030798696299137986, -0.011677319489170277, 1.5304067969473136, 1.5639485944581999, 1.4979042620658995, 1.4173232253860839, 1.4512304612568205, 1.5387782955543123, 1, 1, 0.032074211785800055, 0.04501573232755407, 1, 1]
[0.004268777592844655, -0.030429237489245926, -0.011677319489170277, 1.5304067969473136, 1.5671706401619179, 1.497737128372147, 1.4229762523350988, 1.445666225348774, 1.5387782955543123, 1, 1, 0.032074211785800055, 0.04501573232755407, 1, 1]
[0.004268777592844655, -0.031464929926379816, -0.011677319489170277, 1.5304067969473136, 1.5639485944581999, 1.5096487493101127, 1.4173232253860839, 1.445666225348774, 1.5387782955543123, 1, 1, 0.032074211785800055, 0.04501573232755407, 1, 1]
[0.0039034166757832998, -0.031464929926379816, -0.011677319489170277, 1.534762521830058, 1.5639485944581999, 1.4979042620658995, 1.4173232253860839, 1.445666225348774, 1.5387782955543123, 1, 1, 0.032074211785800055, 0.04501573232755407, 1, 1]
[0.004268777592844655, -0.031464929926379816, -0.011869137316595627, 1.5304067969473136, 1.5619727966870112, 1.497737128372147, 1.4173232253860839, 1.4512304612568205, 1.5387782955543123, 1, 1, 0.032074211785800055, 0.04501573232755407, 1, 1]
[0.004268777592844655, -0.031464929926379816, -0.011677319489170277, 1.5304067969473136, 1.5619727966870112, 1.4979042620658995, 1.4173232253860839, 1.445666225348774, 1.5387782955543123, 1, 1, 0.032074211785800055, 0.04501573232755407, 1, 1]
[0.0039034166757832998, -0.031464929926379816, -0.011677319489170277, 1.550547175892681, 1.5669256185203932, 1.497737128372147, 1.4423573832281364, 1.4645385589178692, 1.5387782955543123, 1, 1, 0.032074211785800055, 0.04501573232755407, 1, 1]
[0.0039034166757832998, -0.031464929926379816, -0.011677319489170277, 1.534762521830058, 1.5671706401619179, 1.4814339586142458, 1.4423573832281364, 1.445666225348774, 1.5387782955543123, 1, 1, 0.032074211785800055, 0.04501573232755407, 1, 1]
[0.0039034166757832998, -0.031464929926379816, -0.011677319489170277, 1.534762521830058, 1.5671706401619179, 1.4814339586142458, 1.4423573832281364, 1.445666225348774, 1.5387782955543123, 1, 1, 0.032074211785800055, 0.04501573232755407, 1, 1]
[0.0018209432322898479, -0.031464929926379816, -0.011677319489170277, 1.550547175892681, 1.5669256185203932, 1.497737128372147, 1.4460763302655892, 1.4645385589178692, 1.549807779854053, 1, 1, 0.032074211785800055, 0.04501573232755407, 1, 1]
[0.0018209432322898479, -0.031464929926379816, -0.011677319489170277, 1.550547175892681, 1.5669256185203932, 1.497737128372147, 1.4423573832281364, 1.4484233656279553, 1.549807779854053, 1, 1, 0.032074211785800055, 0.04501573232755407, 1, 1]
[0.0042134482597177211, -0.031464929926379816, -0.011677319489170277, 1.534762521830058, 1.5671706401619179, 1.497737128372147, 1.4423573832281364, 1.4645385589178692, 1.5387782955543123, 1, 1, 0.032074211785800055, 0.04501573232755407, 1, 1]
[0.0039034166757832998, -0.031464929926379816, -0.011677319489170277, 1.550547175892681, 1.5669256185203932, 1.497737128372147, 1.4423573832281364, 1.4645385589178692, 1.549807779854053, 1, 1, 0.032074211785800055, 0.04501573232755407, 1, 1]
[0.0018209432322898479, -0.031464929926379816, -0.011677319489170277, 1.550547175892681, 1.5669256185203932, 1.4970294255857601, 1.4229762523350988, 1.4645385589178692, 1.5387782955543123, 1, 1, 0.032074211785800055, 0.04501573232755407, 1, 1]
[0.0018209432322898479, -0.031464929926379816, -0.011677319489170277, 1.550547175892681, 1.5669256185203932, 1.4970294255857601, 1.4229762523350988, 1.4645385589178692, 1.549807779854053, 1, 1, 0.032074211785800055, 0.04501573232755407, 1, 1]
