Score=0.00235129819428
[-0.00086342969165299072, -0.041970280107688565, -0.044668216135736065, 1.576826303149632, 1.5286414312945651, 1.5504874978593548, 1.5276582109780219, 1.585051347540515, 1.4946263173712724, 0.23161826958053533, 0.01590005734818234, 0.8886496260498434, 0.6914347152792542, 1, 0.23852372246563602]

Score=0.0040137365065
[-0.00086342969165299072, -0.041970280107688565, -0.044668216135736065, 1.5847930704428093, 1.5372196132280731, 1.5561967288838658, 1.5085324361298444, 1.595833072996645, 1.4892606179105443, 0.23161826958053533, 0.01590005734818234, 0.8886496260498434, 0.6914347152792542, 1, 0.23852372246563602]

Score=0.042032254512
[-0.00086342969165299072, -0.040569507021918305, -0.046000518840101839, 1.576826303149632, 1.5372196132280731, 1.5561967288838658, 1.5276582109780219, 1.585051347540515, 1.4946263173712724, 0.23161826958053533, 0.01590005734818234, 0.8886496260498434, 0.6914347152792542, 1, 0.23852372246563602]

Score=0.00658151839856
[-0.00086342969165299072, -0.041970280107688565, -0.046000518840101839, 1.576826303149632, 1.5372196132280731, 1.5561967288838658, 1.5085324361298444, 1.585051347540515, 1.4946263173712724, 0.23161826958053533, 0.01590005734818234, 0.8886496260498434, 0.6914347152792542, 1, 0.23852372246563602]

Score=0.00896383309241
[-0.00086342969165299072, -0.041970280107688565, -0.046000518840101839, 1.5847930704428093, 1.5372196132280731, 1.5561967288838658, 1.5085324361298444, 1.595833072996645, 1.4946263173712724, 0.23161826958053533, 0.01590005734818234, 0.8886496260498434, 0.6914347152792542, 1, 0.23852372246563602]

Score=0.00622417390175
[-0.00086342969165299072, -0.041799745355004345, -0.046000518840101839, 1.5847930704428093, 1.5372196132280731, 1.5561967288838658, 1.5085324361298444, 1.5792321283064901, 1.4914195034229361, 0.23161826958053533, 0.01590005734818234, 0.8886496260498434, 0.6914347152792542, 1, 0.23852372246563602]

Score=0.475873637772
[-0.00090259331222340591, -0.041799745355004345, -0.044556307061569246, 1.5847930704428093, 1.5372196132280731, 1.5561967288838658, 1.5265082064889168, 1.595833072996645, 1.4946263173712724, 0.23161826958053533, 0.01590005734818234, 0.8886496260498434, 1, 1, 0.23852372246563602]

Score=0.00459219420602
[-0.00086342969165299072, -0.041970280107688565, -0.046000518840101839, 1.5847930704428093, 1.5372196132280731, 1.5561967288838658, 1.5085324361298444, 1.595833072996645, 1.4946263173712724, 0.23161826958053533, 0.01590005734818234, 0.8886496260498434, 0.6914347152792542, 1, 0.23852372246563602]

Score=0.00878142230345
[-0.00086342969165299072, -0.041799745355004345, -0.046000518840101839, 1.5847930704428093, 1.5372196132280731, 1.5597713685972059, 1.5276582109780219, 1.595833072996645, 1.4946263173712724, 0.23161826958053533, 0.01590005734818234, 0.8886496260498434, 0.6914347152792542, 1, 0.23852372246563602]

Score=0.0114200884903
[-0.00086342969165299072, -0.041799745355004345, -0.046000518840101839, 1.5847930704428093, 1.5372196132280731, 1.5561967288838658, 1.5085324361298444, 1.595833072996645, 1.4946263173712724, 0.23161826958053533, 0.01590005734818234, 0.8886496260498434, 0.6914347152792542, 1, 0.23852372246563602]

Score=0.0428092167225
[-0.00090259331222340591, -0.041799745355004345, -0.046000518840101839, 1.5847930704428093, 1.5372196132280731, 1.5561967288838658, 1.5265082064889168, 1.5792321283064901, 1.4946263173712724, 0.23161826958053533, 0.01590005734818234, 0.8886496260498434, 0.6914347152792542, 1, 0.23852372246563602]

Score=0.00513323465485
[-0.00086342969165299072, -0.041799745355004345, -0.046000518840101839, 1.5847930704428093, 1.5372196132280731, 1.5561967288838658, 1.5276582109780219, 1.595833072996645, 1.4946263173712724, 0.23161826958053533, 0.01590005734818234, 0.8886496260498434, 0.6914347152792542, 1, 0.23852372246563602]

Score=0.00453983685538
[-0.00090259331222340591, -0.041799745355004345, -0.044556307061569246, 1.5847930704428093, 1.5382447467266049, 1.5597713685972059, 1.5276582109780219, 1.595833072996645, 1.4946263173712724, 0.23161826958053533, 0.01590005734818234, 0.8886496260498434, 0.6914347152792542, 1, 0.23852372246563602]

Score=0.00346011306959
[-0.00090259331222340591, -0.041799745355004345, -0.044556307061569246, 1.5847930704428093, 1.5372196132280731, 1.5561967288838658, 1.5265082064889168, 1.595833072996645, 1.4946263173712724, 0.23161826958053533, 0.01590005734818234, 0.8886496260498434, 0.6914347152792542, 1, 0.23852372246563602]

Score=0.00874844227944
[-0.00090259331222340591, -0.041799745355004345, -0.044556307061569246, 1.5939504509367644, 1.5372196132280731, 1.5568178412544098, 1.5265082064889168, 1.595833072996645, 1.4946263173712724, 0.23161826958053533, 0.01590005734818234, 0.8886496260498434, 0.6914347152792542, 1, 0.23852372246563602]

Score=0.00574208548324
[-0.00090259331222340591, -0.041799745355004345, -0.044556307061569246, 1.5847930704428093, 1.5372196132280731, 1.5561967288838658, 1.5276582109780219, 1.595833072996645, 1.4946263173712724, 0.23161826958053533, 0.01590005734818234, 0.8886496260498434, 0.6914347152792542, 1, 0.23852372246563602]

Score=0.00801362444294
[-0.00090259331222340591, -0.041799745355004345, -0.044556307061569246, 1.5847930704428093, 1.5372196132280731, 1.5475968932176274, 1.5265082064889168, 1.595833072996645, 1.4946263173712724, 0.23161826958053533, 0.01590005734818234, 0.8886496260498434, 0.6914347152792542, 1, 1]

Score=0.182342327639
[-0.00090259331222340591, -0.041799745355004345, -0.044556307061569246, 1.5847930704428093, 1.5382447467266049, 1.5561967288838658, 1.5265082064889168, 1.595833072996645, 1.4946263173712724, 0.23161826958053533, 0.01590005734818234, 1, 1, 1, 0.23852372246563602]

Score=0.00474409777032
[-0.00090259331222340591, -0.041799745355004345, -0.044556307061569246, 1.5847930704428093, 1.5372196132280731, 1.5561967288838658, 1.5265082064889168, 1.595833072996645, 1.4946263173712724, 0.23161826958053533, 0.01590005734818234, 0.8886496260498434, 0.6914347152792542, 1, 0.23852372246563602]

Score=0.00548733557435
[-0.00090259331222340591, -0.041799745355004345, -0.044556307061569246, 1.5847930704428093, 1.5372196132280731, 1.5561967288838658, 1.5265082064889168, 1.595833072996645, 1.4946263173712724, 0.23161826958053533, 0.01590005734818234, 0.8886496260498434, 0.6914347152792542, 1, 0.23852372246563602]

Score=0.00809250618639
[-0.00086342969165299072, -0.041799745355004345, -0.044556307061569246, 1.576826303149632, 1.5372196132280731, 1.5561967288838658, 1.5265082064889168, 1.585051347540515, 1.4946263173712724, 0.23161826958053533, 0.01590005734818234, 0.8886496260498434, 0.6914347152792542, 1, 0.23852372246563602]

Score=0.00617966310269
[-0.00086342969165299072, -0.041970280107688565, 0.044208156589779987, 1.576826303149632, 1.5372196132280731, 1.5475968932176274, 1.5265082064889168, 1.595833072996645, 1.4892606179105443, 0.23161826958053533, 0.01590005734818234, 0.8886496260498434, 0.6914347152792542, 1, 0.23852372246563602]

Score=0.00498159747699
[-0.00090259331222340591, -0.041970280107688565, -0.044556307061569246, 1.5847930704428093, 1.5372196132280731, 1.5561967288838658, 1.5265082064889168, 1.595833072996645, 1.4946263173712724, 0.23161826958053533, 0.01590005734818234, 0.8886496260498434, 0.6914347152792542, 1, 0.23852372246563602]

Score=0.00665870242813
[-0.00090259331222340591, -0.041799745355004345, -0.044556307061569246, 1.5847930704428093, 1.5372196132280731, 1.5561967288838658, 1.5265082064889168, 1.595833072996645, 1.4946263173712724, 0.23161826958053533, 0.01590005734818234, 0.8886496260498434, 0.6914347152792542, 1, 0.23852372246563602]

Score=0.00470568241003
[-0.00090259331222340591, -0.041799745355004345, -0.044556307061569246, 1.5847930704428093, 1.5372196132280731, 1.5561967288838658, 1.5265082064889168, 1.595833072996645, 1.4946263173712724, 0.23161826958053533, 0.01590005734818234, 0.8886496260498434, 0.6914347152792542, 1, 0.23852372246563602]

Score=0.00380334042817
[-0.00086342969165299072, -0.041970280107688565, -0.044668216135736065, 1.576826303149632, 1.5286414312945651, 1.5561967288838658, 1.5276582109780219, 1.585051347540515, 1.4892606179105443, 0.23161826958053533, 0.01590005734818234, 0.8886496260498434, 0.6914347152792542, 1, 0.23852372246563602]

Score=0.15829780551
[-0.00086342969165299072, -0.041970280107688565, 0.044208156589779987, 1.576826303149632, 1.5372196132280731, 1.5561967288838658, 1.5276582109780219, 1.595833072996645, 1.4892606179105443, 0.23161826958053533, 0.01590005734818234, 1, 1, 1, 0.23852372246563602]

Score=0.00806448658101
[-0.00086342969165299072, -0.041970280107688565, -0.044668216135736065, 1.576826303149632, 1.5372196132280731, 1.5561967288838658, 1.5085324361298444, 1.595833072996645, 1.4892606179105443, 0.23161826958053533, 0.01590005734818234, 0.8886496260498434, 0.6914347152792542, 1, 0.23852372246563602]

Score=0.00260663117482
[-0.00086342969165299072, -0.041970280107688565, -0.046000518840101839, 1.576826303149632, 1.5372196132280731, 1.5561967288838658, 1.505665755489251, 1.595833072996645, 1.4946263173712724, 0.23161826958053533, 0.01590005734818234, 0.8886496260498434, 0.6914347152792542, 1, 1]

Score=0.00646242583133
[-0.00086342969165299072, -0.041970280107688565, -0.044668216135736065, 1.576826303149632, 1.5372196132280731, 1.5561967288838658, 1.5085324361298444, 1.585051347540515, 1.4946263173712724, 0.23161826958053533, 0.01590005734818234, 0.8886496260498434, 0.6914347152792542, 1, 0.23852372246563602]




Final Population
[-0.00086342969165299072, -0.041970280107688565, -0.044668216135736065, 1.576826303149632, 1.5286414312945651, 1.5504874978593548, 1.5276582109780219, 1.585051347540515, 1.4946263173712724, 0.23161826958053533, 0.01590005734818234, 0.8886496260498434, 0.6914347152792542, 1, 0.23852372246563602]
[-0.00086342969165299072, -0.041970280107688565, -0.044668216135736065, 1.5847930704428093, 1.5372196132280731, 1.5561967288838658, 1.5085324361298444, 1.595833072996645, 1.4892606179105443, 0.23161826958053533, 0.01590005734818234, 0.8886496260498434, 0.6914347152792542, 1, 0.23852372246563602]
[-0.00086342969165299072, -0.040569507021918305, -0.046000518840101839, 1.576826303149632, 1.5372196132280731, 1.5561967288838658, 1.5276582109780219, 1.585051347540515, 1.4946263173712724, 0.23161826958053533, 0.01590005734818234, 0.8886496260498434, 0.6914347152792542, 1, 0.23852372246563602]
[-0.00086342969165299072, -0.041970280107688565, -0.046000518840101839, 1.576826303149632, 1.5372196132280731, 1.5561967288838658, 1.5085324361298444, 1.585051347540515, 1.4946263173712724, 0.23161826958053533, 0.01590005734818234, 0.8886496260498434, 0.6914347152792542, 1, 0.23852372246563602]
[-0.00086342969165299072, -0.041970280107688565, -0.046000518840101839, 1.5847930704428093, 1.5372196132280731, 1.5561967288838658, 1.5085324361298444, 1.595833072996645, 1.4946263173712724, 0.23161826958053533, 0.01590005734818234, 0.8886496260498434, 0.6914347152792542, 1, 0.23852372246563602]
[-0.00086342969165299072, -0.041799745355004345, -0.046000518840101839, 1.5847930704428093, 1.5372196132280731, 1.5561967288838658, 1.5085324361298444, 1.5792321283064901, 1.4914195034229361, 0.23161826958053533, 0.01590005734818234, 0.8886496260498434, 0.6914347152792542, 1, 0.23852372246563602]
[-0.00090259331222340591, -0.041799745355004345, -0.044556307061569246, 1.5847930704428093, 1.5372196132280731, 1.5561967288838658, 1.5265082064889168, 1.595833072996645, 1.4946263173712724, 0.23161826958053533, 0.01590005734818234, 0.8886496260498434, 1, 1, 0.23852372246563602]
[-0.00086342969165299072, -0.041970280107688565, -0.046000518840101839, 1.5847930704428093, 1.5372196132280731, 1.5561967288838658, 1.5085324361298444, 1.595833072996645, 1.4946263173712724, 0.23161826958053533, 0.01590005734818234, 0.8886496260498434, 0.6914347152792542, 1, 0.23852372246563602]
[-0.00086342969165299072, -0.041799745355004345, -0.046000518840101839, 1.5847930704428093, 1.5372196132280731, 1.5597713685972059, 1.5276582109780219, 1.595833072996645, 1.4946263173712724, 0.23161826958053533, 0.01590005734818234, 0.8886496260498434, 0.6914347152792542, 1, 0.23852372246563602]
[-0.00086342969165299072, -0.041799745355004345, -0.046000518840101839, 1.5847930704428093, 1.5372196132280731, 1.5561967288838658, 1.5085324361298444, 1.595833072996645, 1.4946263173712724, 0.23161826958053533, 0.01590005734818234, 0.8886496260498434, 0.6914347152792542, 1, 0.23852372246563602]
[-0.00090259331222340591, -0.041799745355004345, -0.046000518840101839, 1.5847930704428093, 1.5372196132280731, 1.5561967288838658, 1.5265082064889168, 1.5792321283064901, 1.4946263173712724, 0.23161826958053533, 0.01590005734818234, 0.8886496260498434, 0.6914347152792542, 1, 0.23852372246563602]
[-0.00086342969165299072, -0.041799745355004345, -0.046000518840101839, 1.5847930704428093, 1.5372196132280731, 1.5561967288838658, 1.5276582109780219, 1.595833072996645, 1.4946263173712724, 0.23161826958053533, 0.01590005734818234, 0.8886496260498434, 0.6914347152792542, 1, 0.23852372246563602]
[-0.00090259331222340591, -0.041799745355004345, -0.044556307061569246, 1.5847930704428093, 1.5382447467266049, 1.5597713685972059, 1.5276582109780219, 1.595833072996645, 1.4946263173712724, 0.23161826958053533, 0.01590005734818234, 0.8886496260498434, 0.6914347152792542, 1, 0.23852372246563602]
[-0.00090259331222340591, -0.041799745355004345, -0.044556307061569246, 1.5847930704428093, 1.5372196132280731, 1.5561967288838658, 1.5265082064889168, 1.595833072996645, 1.4946263173712724, 0.23161826958053533, 0.01590005734818234, 0.8886496260498434, 0.6914347152792542, 1, 0.23852372246563602]
[-0.00090259331222340591, -0.041799745355004345, -0.044556307061569246, 1.5939504509367644, 1.5372196132280731, 1.5568178412544098, 1.5265082064889168, 1.595833072996645, 1.4946263173712724, 0.23161826958053533, 0.01590005734818234, 0.8886496260498434, 0.6914347152792542, 1, 0.23852372246563602]
[-0.00090259331222340591, -0.041799745355004345, -0.044556307061569246, 1.5847930704428093, 1.5372196132280731, 1.5561967288838658, 1.5276582109780219, 1.595833072996645, 1.4946263173712724, 0.23161826958053533, 0.01590005734818234, 0.8886496260498434, 0.6914347152792542, 1, 0.23852372246563602]
[-0.00090259331222340591, -0.041799745355004345, -0.044556307061569246, 1.5847930704428093, 1.5372196132280731, 1.5475968932176274, 1.5265082064889168, 1.595833072996645, 1.4946263173712724, 0.23161826958053533, 0.01590005734818234, 0.8886496260498434, 0.6914347152792542, 1, 1]
[-0.00090259331222340591, -0.041799745355004345, -0.044556307061569246, 1.5847930704428093, 1.5382447467266049, 1.5561967288838658, 1.5265082064889168, 1.595833072996645, 1.4946263173712724, 0.23161826958053533, 0.01590005734818234, 1, 1, 1, 0.23852372246563602]
[-0.00090259331222340591, -0.041799745355004345, -0.044556307061569246, 1.5847930704428093, 1.5372196132280731, 1.5561967288838658, 1.5265082064889168, 1.595833072996645, 1.4946263173712724, 0.23161826958053533, 0.01590005734818234, 0.8886496260498434, 0.6914347152792542, 1, 0.23852372246563602]
[-0.00090259331222340591, -0.041799745355004345, -0.044556307061569246, 1.5847930704428093, 1.5372196132280731, 1.5561967288838658, 1.5265082064889168, 1.595833072996645, 1.4946263173712724, 0.23161826958053533, 0.01590005734818234, 0.8886496260498434, 0.6914347152792542, 1, 0.23852372246563602]
[-0.00086342969165299072, -0.041799745355004345, -0.044556307061569246, 1.576826303149632, 1.5372196132280731, 1.5561967288838658, 1.5265082064889168, 1.585051347540515, 1.4946263173712724, 0.23161826958053533, 0.01590005734818234, 0.8886496260498434, 0.6914347152792542, 1, 0.23852372246563602]
[-0.00086342969165299072, -0.041970280107688565, 0.044208156589779987, 1.576826303149632, 1.5372196132280731, 1.5475968932176274, 1.5265082064889168, 1.595833072996645, 1.4892606179105443, 0.23161826958053533, 0.01590005734818234, 0.8886496260498434, 0.6914347152792542, 1, 0.23852372246563602]
[-0.00090259331222340591, -0.041970280107688565, -0.044556307061569246, 1.5847930704428093, 1.5372196132280731, 1.5561967288838658, 1.5265082064889168, 1.595833072996645, 1.4946263173712724, 0.23161826958053533, 0.01590005734818234, 0.8886496260498434, 0.6914347152792542, 1, 0.23852372246563602]
[-0.00090259331222340591, -0.041799745355004345, -0.044556307061569246, 1.5847930704428093, 1.5372196132280731, 1.5561967288838658, 1.5265082064889168, 1.595833072996645, 1.4946263173712724, 0.23161826958053533, 0.01590005734818234, 0.8886496260498434, 0.6914347152792542, 1, 0.23852372246563602]
[-0.00090259331222340591, -0.041799745355004345, -0.044556307061569246, 1.5847930704428093, 1.5372196132280731, 1.5561967288838658, 1.5265082064889168, 1.595833072996645, 1.4946263173712724, 0.23161826958053533, 0.01590005734818234, 0.8886496260498434, 0.6914347152792542, 1, 0.23852372246563602]
[-0.00086342969165299072, -0.041970280107688565, -0.044668216135736065, 1.576826303149632, 1.5286414312945651, 1.5561967288838658, 1.5276582109780219, 1.585051347540515, 1.4892606179105443, 0.23161826958053533, 0.01590005734818234, 0.8886496260498434, 0.6914347152792542, 1, 0.23852372246563602]
[-0.00086342969165299072, -0.041970280107688565, 0.044208156589779987, 1.576826303149632, 1.5372196132280731, 1.5561967288838658, 1.5276582109780219, 1.595833072996645, 1.4892606179105443, 0.23161826958053533, 0.01590005734818234, 1, 1, 1, 0.23852372246563602]
[-0.00086342969165299072, -0.041970280107688565, -0.044668216135736065, 1.576826303149632, 1.5372196132280731, 1.5561967288838658, 1.5085324361298444, 1.595833072996645, 1.4892606179105443, 0.23161826958053533, 0.01590005734818234, 0.8886496260498434, 0.6914347152792542, 1, 0.23852372246563602]
[-0.00086342969165299072, -0.041970280107688565, -0.046000518840101839, 1.576826303149632, 1.5372196132280731, 1.5561967288838658, 1.505665755489251, 1.595833072996645, 1.4946263173712724, 0.23161826958053533, 0.01590005734818234, 0.8886496260498434, 0.6914347152792542, 1, 1]
[-0.00086342969165299072, -0.041970280107688565, -0.044668216135736065, 1.576826303149632, 1.5372196132280731, 1.5561967288838658, 1.5085324361298444, 1.585051347540515, 1.4946263173712724, 0.23161826958053533, 0.01590005734818234, 0.8886496260498434, 0.6914347152792542, 1, 0.23852372246563602]
