Score=0.00281873193217
[-0.00031036131543202999, -0.040816354113130872, -0.047196100259275849, 1.5336766890021802, 1.4894498340216245, 1.4309164899034161, 1.5863604823283319, 1.4582378751713807, 1.402279327322866, 0.1318337320057461, 0.03635804734221448, 0.9202477940668717, 0.34449212618524727, 1, 0.41153379686103897]

Score=0.0029751825903
[-0.00031036131543202999, -0.040816354113130872, -0.047196100259275849, 1.5336766890021802, 1.4894498340216245, 1.4309164899034161, 1.5921522221631057, 1.4582378751713807, 1.402279327322866, 0.1318337320057461, 0.03635804734221448, 0.9202477940668717, 0.34449212618524727, 1, 0.41153379686103897]

Score=0.0484980843595
[-0.00031036131543202999, -0.040816354113130872, -0.047196100259275849, 1.5336766890021802, 1.4894498340216245, 1.4309164899034161, 1.5921522221631057, 1.4598361574574892, 1.402279327322866, 0.1318337320057461, 0.03635804734221448, 0.9202477940668717, 0.34449212618524727, 1, 0.41153379686103897]

Score=0.00214137982746
[-0.00031036131543202999, -0.040816354113130872, -0.047196100259275849, 1.5336766890021802, 1.4894498340216245, 1.4309164899034161, 1.5921522221631057, 1.4598361574574892, 1.402279327322866, 0.1318337320057461, 0.03635804734221448, 0.9202477940668717, 0.34449212618524727, 1, 0.41153379686103897]

Score=0.00273062775775
[-0.00058004241568208881, -0.040816354113130872, -0.047196100259275849, 1.539189521489791, 1.4894498340216245, 1.4309164899034161, 1.5863604823283319, 1.4582378751713807, 1.402279327322866, 0.1318337320057461, 0.03635804734221448, 0.9202477940668717, 0.34449212618524727, 1, 0.41153379686103897]

Score=0.402211576827
[-0.00058004241568208881, -0.040816354113130872, -0.047196100259275849, 1.5336766890021802, 1.4922295249877908, 1.4309164899034161, 1.5921522221631057, 1.4582378751713807, 1.4, 1, 0.03635804734221448, 0.9202477940668717, 0.34449212618524727, 1, 0.41153379686103897]

Score=0.0575446276805
[-0.00039669935113253297, -0.040816354113130872, -0.047196100259275849, 1.539189521489791, 1.4894498340216245, 1.4309164899034161, 1.588238070679868, 1.4598361574574892, 1.402279327322866, 0.1318337320057461, 0.03635804734221448, 0.9202477940668717, 1, 1, 0.41153379686103897]

Score=0.103771376706
[-0.00058004241568208881, -0.040816354113130872, -0.048482452975052152, 1.5336766890021802, 1.4894498340216245, 1.4309164899034161, 1.5890633345986855, 1.4598361574574892, 1.402279327322866, 0.1318337320057461, 0.03635804734221448, 0.9202477940668717, 0.34449212618524727, 1, 0.41153379686103897]

Score=0.0326980988992
[-0.00058004241568208881, -0.040816354113130872, -0.048482452975052152, 1.5336766890021802, 1.4894498340216245, 1.4309164899034161, 1.5863604823283319, 1.4582378751713807, 1.4070584187046762, 0.1318337320057461, 0.03635804734221448, 1, 0.34449212618524727, 1, 1]

Score=0.00181179236247
[-0.00058004241568208881, -0.040816354113130872, -0.048482452975052152, 1.5336766890021802, 1.5140115734468693, 1.4309164899034161, 1.5890633345986855, 1.4582378751713807, 1.402279327322866, 0.1318337320057461, 0.03635804734221448, 0.9202477940668717, 0.34449212618524727, 1, 0.41153379686103897]

Score=0.0105030244613
[-0.00058004241568208881, -0.040816354113130872, -0.047196100259275849, 1.539189521489791, 1.4894498340216245, 1.4309164899034161, 1.588238070679868, 1.4582378751713807, 1.402279327322866, 0.1318337320057461, 0.03635804734221448, 0.9202477940668717, 0.34449212618524727, 1, 0.41153379686103897]

Score=0.00507487850919
[-0.00058004241568208881, -0.040816354113130872, -0.048482452975052152, 1.539189521489791, 1.4894498340216245, 1.4309164899034161, 1.588238070679868, 1.4582378751713807, 1.402279327322866, 0.1318337320057461, 0.03635804734221448, 0.9202477940668717, 0.34449212618524727, 1, 0.41153379686103897]

Score=0.0634992613684
[0.0002008825873897191, -0.040816354113130872, -0.047196100259275849, 1.539189521489791, 1.4772207603602809, 1.4309164899034161, 1.588238070679868, 1.4582378751713807, 1.402279327322866, 0.1318337320057461, 0.03635804734221448, 0.9202477940668717, 1, 1, 0.41153379686103897]

Score=0.0134595123973
[-0.00058004241568208881, -0.040816354113130872, -0.048482452975052152, 1.539189521489791, 1.4772207603602809, 1.4309164899034161, 1.588238070679868, 1.4582378751713807, 1.402279327322866, 0.1318337320057461, 0.03635804734221448, 0.9202477940668717, 0.34449212618524727, 1, 0.41153379686103897]

Score=0.0120434918091
[-0.00058004241568208881, -0.040816354113130872, -0.048482452975052152, 1.539189521489791, 1.4894498340216245, 1.4309164899034161, 1.588238070679868, 1.4582378751713807, 1.402279327322866, 0.1318337320057461, 0.03635804734221448, 0.9202477940668717, 0.34449212618524727, 1, 0.41153379686103897]

Score=0.106561177254
[-0.00058004241568208881, -0.040816354113130872, -0.048482452975052152, 1.5520863648082164, 1.4894498340216245, 1.4309164899034161, 1.5782908179094837, 1.4582378751713807, 1.402279327322866, 0.1318337320057461, 0.03635804734221448, 0.9202477940668717, 0.34449212618524727, 1, 0.41153379686103897]

Score=0.17389822845
[-0.00058004241568208881, -0.040816354113130872, -0.047196100259275849, 1.5095742995046335, 1.4894498340216245, 1.4309164899034161, 1.588238070679868, 1.4582378751713807, 1.402279327322866, 0.1318337320057461, 0.03635804734221448, 0.9202477940668717, 0.34449212618524727, 1, 0.41153379686103897]

Score=0.00986249270371
[-0.00058004241568208881, -0.040816354113130872, -0.048482452975052152, 1.5095742995046335, 1.4894498340216245, 1.4309164899034161, 1.588238070679868, 1.4582378751713807, 1.402279327322866, 0.1318337320057461, 0.03635804734221448, 0.9202477940668717, 0.34449212618524727, 1, 0.41153379686103897]

Score=0.000821586460391
[-0.00058004241568208881, -0.040816354113130872, -0.048482452975052152, 1.5336766890021802, 1.4894498340216245, 1.4309164899034161, 1.5782908179094837, 1.4582378751713807, 1.402279327322866, 0.1318337320057461, 0.03635804734221448, 0.9202477940668717, 0.34449212618524727, 1, 0.41153379686103897]

Score=0.00506757930609
[-0.00058004241568208881, -0.040816354113130872, -0.048482452975052152, 1.5095742995046335, 1.4894498340216245, 1.4099122932453854, 1.588238070679868, 1.4582378751713807, 1.402279327322866, 0.1318337320057461, 0.03635804734221448, 0.9202477940668717, 0.34449212618524727, 1, 0.41153379686103897]

Score=0.00178116335939
[-0.00058004241568208881, -0.040816354113130872, -0.047196100259275849, 1.5095742995046335, 1.4894498340216245, 1.4309164899034161, 1.5863604823283319, 1.4582378751713807, 1.402279327322866, 0.1318337320057461, 0.03635804734221448, 0.9202477940668717, 0.34449212618524727, 1, 0.41153379686103897]

Score=0.00155910679857
[-0.00058004241568208881, -0.040816354113130872, -0.047196100259275849, 1.5095742995046335, 1.4894498340216245, 1.4309164899034161, 1.5863604823283319, 1.4582378751713807, 1.402279327322866, 0.1318337320057461, 0.03635804734221448, 0.9202477940668717, 0.34449212618524727, 1, 0.41153379686103897]

Score=0.00500338559018
[-0.00058004241568208881, -0.040816354113130872, -0.047196100259275849, 1.5336766890021802, 1.4894498340216245, 1.4309164899034161, 1.5863604823283319, 1.4582378751713807, 1.402279327322866, 0.1318337320057461, 0.03635804734221448, 0.9202477940668717, 0.34449212618524727, 1, 0.41153379686103897]

Score=0.390442715088
[-0.00058004241568208881, -0.040816354113130872, -0.047196100259275849, 1.5095742995046335, 1.4894498340216245, 1.4326445108429451, 1.5863604823283319, 1.4582378751713807, 1.402279327322866, 0.1318337320057461, 1, 0.9202477940668717, 0.34449212618524727, 1, 0.41153379686103897]

Score=0.0046366980921
[-0.00031036131543202999, -0.041815148727841846, -0.047196100259275849, 1.5336766890021802, 1.4894498340216245, 1.4309164899034161, 1.5863604823283319, 1.4598361574574892, 1.402279327322866, 0.1318337320057461, 0.03635804734221448, 0.9202477940668717, 0.34449212618524727, 1, 0.41153379686103897]

Score=0.00207278348618
[-0.00031036131543202999, -0.040816354113130872, -0.047196100259275849, 1.5095742995046335, 1.4894498340216245, 1.4309164899034161, 1.5863604823283319, 1.4582378751713807, 1.4, 0.1318337320057461, 0.03635804734221448, 0.9202477940668717, 0.34449212618524727, 1, 0.41153379686103897]

Score=0.00315610553562
[-0.00031036131543202999, -0.040816354113130872, -0.045753469374259663, 1.5336766890021802, 1.4894498340216245, 1.4309164899034161, 1.5863604823283319, 1.4598361574574892, 1.4095715488527309, 0.1318337320057461, 0.03635804734221448, 0.9202477940668717, 0.34449212618524727, 1, 0.41153379686103897]

Score=0.00750972008434
[-0.00031036131543202999, -0.040816354113130872, -0.047196100259275849, 1.5336766890021802, 1.4894498340216245, 1.4309164899034161, 1.5921522221631057, 1.4582378751713807, 1.402279327322866, 0.1318337320057461, 0.03635804734221448, 0.9202477940668717, 0.34449212618524727, 1, 0.41153379686103897]

Score=0.00351440964427
[-0.00031036131543202999, -0.040816354113130872, -0.047196100259275849, 1.5336766890021802, 1.4894498340216245, 1.4309164899034161, 1.5921522221631057, 1.4582378751713807, 1.402279327322866, 0.1318337320057461, 0.03635804734221448, 0.9202477940668717, 0.34449212618524727, 1, 0.41153379686103897]

Score=0.00782007721995
[-0.00031036131543202999, -0.040816354113130872, -0.047196100259275849, 1.5336766890021802, 1.4894498340216245, 1.4309164899034161, 1.5863604823283319, 1.4598361574574892, 1.402279327322866, 0.1318337320057461, 0.03635804734221448, 0.9202477940668717, 0.34449212618524727, 1, 0.41153379686103897]




Final Population
[-0.00031036131543202999, -0.040816354113130872, -0.047196100259275849, 1.5336766890021802, 1.4894498340216245, 1.4309164899034161, 1.5863604823283319, 1.4582378751713807, 1.402279327322866, 0.1318337320057461, 0.03635804734221448, 0.9202477940668717, 0.34449212618524727, 1, 0.41153379686103897]
[-0.00031036131543202999, -0.040816354113130872, -0.047196100259275849, 1.5336766890021802, 1.4894498340216245, 1.4309164899034161, 1.5921522221631057, 1.4582378751713807, 1.402279327322866, 0.1318337320057461, 0.03635804734221448, 0.9202477940668717, 0.34449212618524727, 1, 0.41153379686103897]
[-0.00031036131543202999, -0.040816354113130872, -0.047196100259275849, 1.5336766890021802, 1.4894498340216245, 1.4309164899034161, 1.5921522221631057, 1.4598361574574892, 1.402279327322866, 0.1318337320057461, 0.03635804734221448, 0.9202477940668717, 0.34449212618524727, 1, 0.41153379686103897]
[-0.00031036131543202999, -0.040816354113130872, -0.047196100259275849, 1.5336766890021802, 1.4894498340216245, 1.4309164899034161, 1.5921522221631057, 1.4598361574574892, 1.402279327322866, 0.1318337320057461, 0.03635804734221448, 0.9202477940668717, 0.34449212618524727, 1, 0.41153379686103897]
[-0.00058004241568208881, -0.040816354113130872, -0.047196100259275849, 1.539189521489791, 1.4894498340216245, 1.4309164899034161, 1.5863604823283319, 1.4582378751713807, 1.402279327322866, 0.1318337320057461, 0.03635804734221448, 0.9202477940668717, 0.34449212618524727, 1, 0.41153379686103897]
[-0.00058004241568208881, -0.040816354113130872, -0.047196100259275849, 1.5336766890021802, 1.4922295249877908, 1.4309164899034161, 1.5921522221631057, 1.4582378751713807, 1.4, 1, 0.03635804734221448, 0.9202477940668717, 0.34449212618524727, 1, 0.41153379686103897]
[-0.00039669935113253297, -0.040816354113130872, -0.047196100259275849, 1.539189521489791, 1.4894498340216245, 1.4309164899034161, 1.588238070679868, 1.4598361574574892, 1.402279327322866, 0.1318337320057461, 0.03635804734221448, 0.9202477940668717, 1, 1, 0.41153379686103897]
[-0.00058004241568208881, -0.040816354113130872, -0.048482452975052152, 1.5336766890021802, 1.4894498340216245, 1.4309164899034161, 1.5890633345986855, 1.4598361574574892, 1.402279327322866, 0.1318337320057461, 0.03635804734221448, 0.9202477940668717, 0.34449212618524727, 1, 0.41153379686103897]
[-0.00058004241568208881, -0.040816354113130872, -0.048482452975052152, 1.5336766890021802, 1.4894498340216245, 1.4309164899034161, 1.5863604823283319, 1.4582378751713807, 1.4070584187046762, 0.1318337320057461, 0.03635804734221448, 1, 0.34449212618524727, 1, 1]
[-0.00058004241568208881, -0.040816354113130872, -0.048482452975052152, 1.5336766890021802, 1.5140115734468693, 1.4309164899034161, 1.5890633345986855, 1.4582378751713807, 1.402279327322866, 0.1318337320057461, 0.03635804734221448, 0.9202477940668717, 0.34449212618524727, 1, 0.41153379686103897]
[-0.00058004241568208881, -0.040816354113130872, -0.047196100259275849, 1.539189521489791, 1.4894498340216245, 1.4309164899034161, 1.588238070679868, 1.4582378751713807, 1.402279327322866, 0.1318337320057461, 0.03635804734221448, 0.9202477940668717, 0.34449212618524727, 1, 0.41153379686103897]
[-0.00058004241568208881, -0.040816354113130872, -0.048482452975052152, 1.539189521489791, 1.4894498340216245, 1.4309164899034161, 1.588238070679868, 1.4582378751713807, 1.402279327322866, 0.1318337320057461, 0.03635804734221448, 0.9202477940668717, 0.34449212618524727, 1, 0.41153379686103897]
[0.0002008825873897191, -0.040816354113130872, -0.047196100259275849, 1.539189521489791, 1.4772207603602809, 1.4309164899034161, 1.588238070679868, 1.4582378751713807, 1.402279327322866, 0.1318337320057461, 0.03635804734221448, 0.9202477940668717, 1, 1, 0.41153379686103897]
[-0.00058004241568208881, -0.040816354113130872, -0.048482452975052152, 1.539189521489791, 1.4772207603602809, 1.4309164899034161, 1.588238070679868, 1.4582378751713807, 1.402279327322866, 0.1318337320057461, 0.03635804734221448, 0.9202477940668717, 0.34449212618524727, 1, 0.41153379686103897]
[-0.00058004241568208881, -0.040816354113130872, -0.048482452975052152, 1.539189521489791, 1.4894498340216245, 1.4309164899034161, 1.588238070679868, 1.4582378751713807, 1.402279327322866, 0.1318337320057461, 0.03635804734221448, 0.9202477940668717, 0.34449212618524727, 1, 0.41153379686103897]
[-0.00058004241568208881, -0.040816354113130872, -0.048482452975052152, 1.5520863648082164, 1.4894498340216245, 1.4309164899034161, 1.5782908179094837, 1.4582378751713807, 1.402279327322866, 0.1318337320057461, 0.03635804734221448, 0.9202477940668717, 0.34449212618524727, 1, 0.41153379686103897]
[-0.00058004241568208881, -0.040816354113130872, -0.047196100259275849, 1.5095742995046335, 1.4894498340216245, 1.4309164899034161, 1.588238070679868, 1.4582378751713807, 1.402279327322866, 0.1318337320057461, 0.03635804734221448, 0.9202477940668717, 0.34449212618524727, 1, 0.41153379686103897]
[-0.00058004241568208881, -0.040816354113130872, -0.048482452975052152, 1.5095742995046335, 1.4894498340216245, 1.4309164899034161, 1.588238070679868, 1.4582378751713807, 1.402279327322866, 0.1318337320057461, 0.03635804734221448, 0.9202477940668717, 0.34449212618524727, 1, 0.41153379686103897]
[-0.00058004241568208881, -0.040816354113130872, -0.048482452975052152, 1.5336766890021802, 1.4894498340216245, 1.4309164899034161, 1.5782908179094837, 1.4582378751713807, 1.402279327322866, 0.1318337320057461, 0.03635804734221448, 0.9202477940668717, 0.34449212618524727, 1, 0.41153379686103897]
[-0.00058004241568208881, -0.040816354113130872, -0.048482452975052152, 1.5095742995046335, 1.4894498340216245, 1.4099122932453854, 1.588238070679868, 1.4582378751713807, 1.402279327322866, 0.1318337320057461, 0.03635804734221448, 0.9202477940668717, 0.34449212618524727, 1, 0.41153379686103897]
[-0.00058004241568208881, -0.040816354113130872, -0.047196100259275849, 1.5095742995046335, 1.4894498340216245, 1.4309164899034161, 1.5863604823283319, 1.4582378751713807, 1.402279327322866, 0.1318337320057461, 0.03635804734221448, 0.9202477940668717, 0.34449212618524727, 1, 0.41153379686103897]
[-0.00058004241568208881, -0.040816354113130872, -0.047196100259275849, 1.5095742995046335, 1.4894498340216245, 1.4309164899034161, 1.5863604823283319, 1.4582378751713807, 1.402279327322866, 0.1318337320057461, 0.03635804734221448, 0.9202477940668717, 0.34449212618524727, 1, 0.41153379686103897]
[-0.00058004241568208881, -0.040816354113130872, -0.047196100259275849, 1.5336766890021802, 1.4894498340216245, 1.4309164899034161, 1.5863604823283319, 1.4582378751713807, 1.402279327322866, 0.1318337320057461, 0.03635804734221448, 0.9202477940668717, 0.34449212618524727, 1, 0.41153379686103897]
[-0.00058004241568208881, -0.040816354113130872, -0.047196100259275849, 1.5095742995046335, 1.4894498340216245, 1.4326445108429451, 1.5863604823283319, 1.4582378751713807, 1.402279327322866, 0.1318337320057461, 1, 0.9202477940668717, 0.34449212618524727, 1, 0.41153379686103897]
[-0.00031036131543202999, -0.041815148727841846, -0.047196100259275849, 1.5336766890021802, 1.4894498340216245, 1.4309164899034161, 1.5863604823283319, 1.4598361574574892, 1.402279327322866, 0.1318337320057461, 0.03635804734221448, 0.9202477940668717, 0.34449212618524727, 1, 0.41153379686103897]
[-0.00031036131543202999, -0.040816354113130872, -0.047196100259275849, 1.5095742995046335, 1.4894498340216245, 1.4309164899034161, 1.5863604823283319, 1.4582378751713807, 1.4, 0.1318337320057461, 0.03635804734221448, 0.9202477940668717, 0.34449212618524727, 1, 0.41153379686103897]
[-0.00031036131543202999, -0.040816354113130872, -0.045753469374259663, 1.5336766890021802, 1.4894498340216245, 1.4309164899034161, 1.5863604823283319, 1.4598361574574892, 1.4095715488527309, 0.1318337320057461, 0.03635804734221448, 0.9202477940668717, 0.34449212618524727, 1, 0.41153379686103897]
[-0.00031036131543202999, -0.040816354113130872, -0.047196100259275849, 1.5336766890021802, 1.4894498340216245, 1.4309164899034161, 1.5921522221631057, 1.4582378751713807, 1.402279327322866, 0.1318337320057461, 0.03635804734221448, 0.9202477940668717, 0.34449212618524727, 1, 0.41153379686103897]
[-0.00031036131543202999, -0.040816354113130872, -0.047196100259275849, 1.5336766890021802, 1.4894498340216245, 1.4309164899034161, 1.5921522221631057, 1.4582378751713807, 1.402279327322866, 0.1318337320057461, 0.03635804734221448, 0.9202477940668717, 0.34449212618524727, 1, 0.41153379686103897]
[-0.00031036131543202999, -0.040816354113130872, -0.047196100259275849, 1.5336766890021802, 1.4894498340216245, 1.4309164899034161, 1.5863604823283319, 1.4598361574574892, 1.402279327322866, 0.1318337320057461, 0.03635804734221448, 0.9202477940668717, 0.34449212618524727, 1, 0.41153379686103897]
