Score=0.81737857206
alpha=[0.07219304228491538, -0.07197536679411985, -0.013444000667569955]
beta=[1.5619422517732224, 1.5287782127679348, 1.6, 1.4070114051553197, 1.5816729116891357, 1.4]
gamma=[0.8204346131400578, 1, 1, 1, 0.35573438030526583, 0.3557523518379714]
delta=[0.037632825627140314, 0.04866336793397106, 0.06976523227964136]

Score=0.953508752549
alpha=[0.07219304228491538, -0.07197536679411985, -0.013444000667569955]
beta=[1.5619422517732224, 1.5287782127679348, 1.6, 1.4070114051553197, 1.5816729116891357, 1.4]
gamma=[0.8204346131400578, 1, 1, 1, 0.35573438030526583, 0.3557523518379714]
delta=[0.07511865194041176, 0.02370868097126985, 0.00788075264635022]

Score=0.840082119009
alpha=[0.07219304228491538, -0.07197536679411985, -0.013444000667569955]
beta=[1.5619422517732224, 1.5287782127679348, 1.6, 1.4070114051553197, 1.5816729116891357, 1.4]
gamma=[0.8204346131400578, 1, 1, 1, 0.35573438030526583, 0.3557523518379714]
delta=[0.0067748558884432215, 0.02370868097126985, 0.06976523227964136]

Score=0.82656306832
alpha=[0.07219304228491538, -0.07197536679411985, -0.013444000667569955]
beta=[1.5619422517732224, 1.5287782127679348, 1.6, 1.4070114051553197, 1.5816729116891357, 1.4]
gamma=[0.8204346131400578, 1, 1, 1, 0.35573438030526583, 0.3557523518379714]
delta=[0.0087119560063434118, 0.023952253298444835, 0.06976523227964136]

Score=0.952255056274
alpha=[0.07219304228491538, -0.07197536679411985, -0.013444000667569955]
beta=[1.5619422517732224, 1.5287782127679348, 1.6, 1.4070114051553197, 1.5816729116891357, 1.4]
gamma=[0.8204346131400578, 1, 1, 1, 0.35573438030526583, 0.3557523518379714]
delta=[0.07511865194041176, 0.02370868097126985, 0.00788075264635022]

Score=0.826697507056
alpha=[0.07219304228491538, -0.07197536679411985, -0.013444000667569955]
beta=[1.5619422517732224, 1.5287782127679348, 1.6, 1.4070114051553197, 1.5816729116891357, 1.4]
gamma=[0.8204346131400578, 1, 1, 1, 0.35573438030526583, 0.3557523518379714]
delta=[0.0067748558884432215, 0.04866336793397106, 0.06976523227964136]

Score=0.974994103076
alpha=[0.07219304228491538, -0.07197536679411985, -0.013444000667569955]
beta=[1.5619422517732224, 1.5287782127679348, 1.6, 1.4070114051553197, 1.5816729116891357, 1.4]
gamma=[0.8204346131400578, 1, 1, 1, 0.35573438030526583, 0.3557523518379714]
delta=[0.0087119560063434118, 0.02370868097126985, 0.00788075264635022]

Score=0.872812769396
alpha=[0.07219304228491538, -0.07197536679411985, -0.013444000667569955]
beta=[1.5619422517732224, 1.5287782127679348, 1.6, 1.4070114051553197, 1.5816729116891357, 1.4]
gamma=[0.8204346131400578, 1, 1, 1, 0.35573438030526583, 0.3557523518379714]
delta=[0.0067748558884432215, 0.032941480434604008, 0.06976523227964136]

Score=0.816912268456
alpha=[0.07219304228491538, -0.07197536679411985, -0.013444000667569955]
beta=[1.5619422517732224, 1.5287782127679348, 1.6, 1.4070114051553197, 1.5816729116891357, 1.4]
gamma=[0.8204346131400578, 1, 1, 1, 0.35573438030526583, 0.3557523518379714]
delta=[0.0067748558884432215, 0.023097343298960703, 0.06976523227964136]

Score=0.810916189121
alpha=[0.07219304228491538, -0.07197536679411985, -0.013444000667569955]
beta=[1.5619422517732224, 1.5287782127679348, 1.6, 1.4070114051553197, 1.5816729116891357, 1.4]
gamma=[0.8204346131400578, 1, 1, 1, 0.35573438030526583, 0.3557523518379714]
delta=[0.0067748558884432215, 0.032941480434604008, 0.06976523227964136]

Score=0.809103292747
alpha=[0.07219304228491538, -0.07197536679411985, -0.013444000667569955]
beta=[1.5619422517732224, 1.5287782127679348, 1.6, 1.4070114051553197, 1.5816729116891357, 1.4]
gamma=[0.8204346131400578, 1, 1, 1, 0.35573438030526583, 0.3557523518379714]
delta=[0.0067748558884432215, 0.032941480434604008, 0.06976523227964136]

Score=0.903241097774
alpha=[0.07219304228491538, -0.07197536679411985, -0.013444000667569955]
beta=[1.5619422517732224, 1.5287782127679348, 1.6, 1.4070114051553197, 1.5816729116891357, 1.4]
gamma=[0.8204346131400578, 1, 1, 1, 0.35573438030526583, 0.3557523518379714]
delta=[0.0067748558884432215, 0.032941480434604008, 0.06976523227964136]

Score=0.862120746158
alpha=[0.07219304228491538, -0.07197536679411985, -0.013444000667569955]
beta=[1.5619422517732224, 1.5287782127679348, 1.6, 1.4070114051553197, 1.5816729116891357, 1.4]
gamma=[0.8204346131400578, 1, 1, 1, 0.35573438030526583, 0.3557523518379714]
delta=[0.0067748558884432215, 0.04866336793397106, 0.06976523227964136]

Score=0.880097226553
alpha=[0.07219304228491538, -0.07197536679411985, -0.013444000667569955]
beta=[1.5619422517732224, 1.5287782127679348, 1.6, 1.4070114051553197, 1.5816729116891357, 1.4]
gamma=[0.8204346131400578, 1, 1, 1, 0.35573438030526583, 0.3557523518379714]
delta=[0.0067748558884432215, 0.032941480434604008, 0.06976523227964136]

Score=0.820675551871
alpha=[0.07219304228491538, -0.07197536679411985, -0.013444000667569955]
beta=[1.5619422517732224, 1.5287782127679348, 1.6, 1.4070114051553197, 1.5816729116891357, 1.4]
gamma=[0.8204346131400578, 1, 1, 1, 0.35573438030526583, 0.3557523518379714]
delta=[0.0067748558884432215, 0.032941480434604008, 0.06976523227964136]

Score=0.84626580389
alpha=[0.07219304228491538, -0.07197536679411985, -0.013444000667569955]
beta=[1.5619422517732224, 1.5287782127679348, 1.6, 1.4070114051553197, 1.5816729116891357, 1.4]
gamma=[0.8204346131400578, 1, 1, 1, 0.35573438030526583, 0.3557523518379714]
delta=[0.0067748558884432215, 0.02370868097126985, 0.070184010498366894]

Score=0.82566501157
alpha=[0.07219304228491538, -0.07197536679411985, -0.013444000667569955]
beta=[1.5619422517732224, 1.5287782127679348, 1.6, 1.4070114051553197, 1.5816729116891357, 1.4]
gamma=[0.8204346131400578, 1, 1, 1, 0.35573438030526583, 0.3557523518379714]
delta=[0.0067748558884432215, 0.023097343298960703, 0.070607684490083769]

Score=0.806309447612
alpha=[0.07219304228491538, -0.07197536679411985, -0.013444000667569955]
beta=[1.5619422517732224, 1.5287782127679348, 1.6, 1.4070114051553197, 1.5816729116891357, 1.4]
gamma=[0.8204346131400578, 1, 1, 1, 0.35573438030526583, 0.3557523518379714]
delta=[0.0067748558884432215, 0.04866336793397106, 0.070607684490083769]

Score=0.830554423168
alpha=[0.07219304228491538, -0.07197536679411985, -0.013444000667569955]
beta=[1.5619422517732224, 1.5287782127679348, 1.6, 1.4070114051553197, 1.5816729116891357, 1.4]
gamma=[0.8204346131400578, 1, 1, 1, 0.35573438030526583, 0.3557523518379714]
delta=[0.0067748558884432215, 0.02370868097126985, 0.070184010498366894]

Score=0.837933779287
alpha=[0.07219304228491538, -0.07197536679411985, -0.013444000667569955]
beta=[1.5619422517732224, 1.5287782127679348, 1.6, 1.4070114051553197, 1.5816729116891357, 1.4]
gamma=[0.8204346131400578, 1, 1, 1, 0.35573438030526583, 0.3557523518379714]
delta=[0.0080589438638234388, 0.032941480434604008, 0.06976523227964136]

Score=0.865787130026
alpha=[0.07219304228491538, -0.07197536679411985, -0.013444000667569955]
beta=[1.5619422517732224, 1.5287782127679348, 1.6, 1.4070114051553197, 1.5816729116891357, 1.4]
gamma=[0.8204346131400578, 1, 1, 1, 0.35573438030526583, 0.3557523518379714]
delta=[0.0067748558884432215, 0.02370868097126985, 0.068867983880358349]

Score=0.845420473075
alpha=[0.07219304228491538, -0.07197536679411985, -0.013444000667569955]
beta=[1.5619422517732224, 1.5287782127679348, 1.6, 1.4070114051553197, 1.5816729116891357, 1.4]
gamma=[0.8204346131400578, 1, 1, 1, 0.35573438030526583, 0.3557523518379714]
delta=[0.0067748558884432215, 0.023097343298960703, 0.070184010498366894]

Score=0.811825626938
alpha=[0.07219304228491538, -0.07197536679411985, -0.013444000667569955]
beta=[1.5619422517732224, 1.5287782127679348, 1.6, 1.4070114051553197, 1.5816729116891357, 1.4]
gamma=[0.8204346131400578, 1, 1, 1, 0.35573438030526583, 0.3557523518379714]
delta=[0.0068297022382489067, 0.023097343298960703, 0.06976523227964136]

Score=0.827013776822
alpha=[0.07219304228491538, -0.07197536679411985, -0.013444000667569955]
beta=[1.5619422517732224, 1.5287782127679348, 1.6, 1.4070114051553197, 1.5816729116891357, 1.4]
gamma=[0.8204346131400578, 1, 1, 1, 0.35573438030526583, 0.3557523518379714]
delta=[0.0066913334754881383, 0.023097343298960703, 0.06976523227964136]

Score=0.807670877586
alpha=[0.07219304228491538, -0.07197536679411985, -0.013444000667569955]
beta=[1.5619422517732224, 1.5287782127679348, 1.6, 1.4070114051553197, 1.5816729116891357, 1.4]
gamma=[0.8204346131400578, 1, 1, 1, 0.35573438030526583, 0.3557523518379714]
delta=[0.0067748558884432215, 0.033371731840003194, 0.070184010498366894]

Score=0.841231524575
alpha=[0.07219304228491538, -0.07197536679411985, -0.013444000667569955]
beta=[1.5619422517732224, 1.5287782127679348, 1.6, 1.4070114051553197, 1.5816729116891357, 1.4]
gamma=[0.8204346131400578, 1, 1, 1, 0.35573438030526583, 0.3557523518379714]
delta=[0.0066913334754881383, 0.023097343298960703, 0.070247051406278585]

Score=0.843050363506
alpha=[0.07219304228491538, -0.07197536679411985, -0.013444000667569955]
beta=[1.5619422517732224, 1.5287782127679348, 1.6, 1.4070114051553197, 1.5816729116891357, 1.4]
gamma=[0.8204346131400578, 1, 1, 1, 0.35573438030526583, 0.3557523518379714]
delta=[0.0066913334754881383, 0.04866336793397106, 0.069870232441979638]

Score=0.851879769562
alpha=[0.07219304228491538, -0.07197536679411985, -0.013444000667569955]
beta=[1.5619422517732224, 1.5287782127679348, 1.6, 1.4070114051553197, 1.5816729116891357, 1.4]
gamma=[0.8204346131400578, 1, 1, 1, 0.35573438030526583, 0.3557523518379714]
delta=[0.0068297022382489067, 0.02370868097126985, 0.070184010498366894]

Score=0.852228193445
alpha=[0.07219304228491538, -0.07197536679411985, -0.013444000667569955]
beta=[1.5619422517732224, 1.5287782127679348, 1.6, 1.4070114051553197, 1.5816729116891357, 1.4]
gamma=[0.8204346131400578, 1, 1, 1, 0.35573438030526583, 0.3557523518379714]
delta=[0.0068297022382489067, 0.033371731840003194, 0.070184010498366894]

Score=0.839184563762
alpha=[0.07219304228491538, -0.07197536679411985, -0.013444000667569955]
beta=[1.5619422517732224, 1.5287782127679348, 1.6, 1.4070114051553197, 1.5816729116891357, 1.4]
gamma=[0.8204346131400578, 1, 1, 1, 0.35573438030526583, 0.3557523518379714]
delta=[0.0068297022382489067, 0.033371731840003194, 0.070184010498366894]

Score=0.826883388955
alpha=[0.07219304228491538, -0.07197536679411985, -0.013444000667569955]
beta=[1.5619422517732224, 1.5287782127679348, 1.6, 1.4070114051553197, 1.5816729116891357, 1.4]
gamma=[0.8204346131400578, 1, 1, 1, 0.35573438030526583, 0.3557523518379714]
delta=[0.0081908269988749654, 0.04866336793397106, 0.069870232441979638]

Score=0.804407528131
alpha=[0.07219304228491538, -0.07197536679411985, -0.013444000667569955]
beta=[1.5619422517732224, 1.5287782127679348, 1.6, 1.4070114051553197, 1.5816729116891357, 1.4]
gamma=[0.8204346131400578, 1, 1, 1, 0.35573438030526583, 0.3557523518379714]
delta=[0.0066913334754881383, 0.02370868097126985, 0.06976523227964136]

Score=0.807267415354
alpha=[0.07219304228491538, -0.07197536679411985, -0.013444000667569955]
beta=[1.5619422517732224, 1.5287782127679348, 1.6, 1.4070114051553197, 1.5816729116891357, 1.4]
gamma=[0.8204346131400578, 1, 1, 1, 0.35573438030526583, 0.3557523518379714]
delta=[0.0066913334754881383, 0.049592568584847334, 0.070184010498366894]

Score=0.84584107128
alpha=[0.07219304228491538, -0.07197536679411985, -0.013444000667569955]
beta=[1.5619422517732224, 1.5287782127679348, 1.6, 1.4070114051553197, 1.5816729116891357, 1.4]
gamma=[0.8204346131400578, 1, 1, 1, 0.35573438030526583, 0.3557523518379714]
delta=[0.0067748558884432215, 0.049592568584847334, 0.070184010498366894]

Score=0.824374138932
alpha=[0.07219304228491538, -0.07197536679411985, -0.013444000667569955]
beta=[1.5619422517732224, 1.5287782127679348, 1.6, 1.4070114051553197, 1.5816729116891357, 1.4]
gamma=[0.8204346131400578, 1, 1, 1, 0.35573438030526583, 0.3557523518379714]
delta=[0.0080589438638234388, 0.049592568584847334, 0.070184010498366894]

Score=0.823370606384
alpha=[0.07219304228491538, -0.07197536679411985, -0.013444000667569955]
beta=[1.5619422517732224, 1.5287782127679348, 1.6, 1.4070114051553197, 1.5816729116891357, 1.4]
gamma=[0.8204346131400578, 1, 1, 1, 0.35573438030526583, 0.3557523518379714]
delta=[0.0061313171811620852, 0.024883068210116887, 0.070184010498366894]

Score=0.80783900623
alpha=[0.07219304228491538, -0.07197536679411985, -0.013444000667569955]
beta=[1.5619422517732224, 1.5287782127679348, 1.6, 1.4070114051553197, 1.5816729116891357, 1.4]
gamma=[0.8204346131400578, 1, 1, 1, 0.35573438030526583, 0.3557523518379714]
delta=[0.0066913334754881383, 0.049592568584847334, 0.070184010498366894]

Score=0.843367345395
alpha=[0.07219304228491538, -0.07197536679411985, -0.013444000667569955]
beta=[1.5619422517732224, 1.5287782127679348, 1.6, 1.4070114051553197, 1.5816729116891357, 1.4]
gamma=[0.8204346131400578, 1, 1, 1, 0.35573438030526583, 0.3557523518379714]
delta=[0.0080589438638234388, 0.04738809058023323, 0.070783993700211337]

Score=0.841902064739
alpha=[0.07219304228491538, -0.07197536679411985, -0.013444000667569955]
beta=[1.5619422517732224, 1.5287782127679348, 1.6, 1.4070114051553197, 1.5816729116891357, 1.4]
gamma=[0.8204346131400578, 1, 1, 1, 0.35573438030526583, 0.3557523518379714]
delta=[0.0079525397583166107, 0.04738809058023323, 0.070184010498366894]

Score=0.850466404408
alpha=[0.07219304228491538, -0.07197536679411985, -0.013444000667569955]
beta=[1.5619422517732224, 1.5287782127679348, 1.6, 1.4070114051553197, 1.5816729116891357, 1.4]
gamma=[0.8204346131400578, 1, 1, 1, 0.35573438030526583, 0.3557523518379714]
delta=[0.0067748558884432215, 0.02370868097126985, 0.070783993700211337]

Score=0.82708964466
alpha=[0.07219304228491538, -0.07197536679411985, -0.013444000667569955]
beta=[1.5619422517732224, 1.5287782127679348, 1.6, 1.4070114051553197, 1.5816729116891357, 1.4]
gamma=[0.8204346131400578, 1, 1, 1, 0.35573438030526583, 0.3557523518379714]
delta=[0.0061313171811620852, 0.049592568584847334, 0.070184010498366894]

Score=0.82387733016
alpha=[0.07219304228491538, -0.07197536679411985, -0.013444000667569955]
beta=[1.5619422517732224, 1.5287782127679348, 1.6, 1.4070114051553197, 1.5816729116891357, 1.4]
gamma=[0.8204346131400578, 1, 1, 1, 0.35573438030526583, 0.3557523518379714]
delta=[0.0079525397583166107, 0.049592568584847334, 0.070783993700211337]

Score=0.863478730688
alpha=[0.07219304228491538, -0.07197536679411985, -0.013444000667569955]
beta=[1.5619422517732224, 1.5287782127679348, 1.6, 1.4070114051553197, 1.5816729116891357, 1.4]
gamma=[0.8204346131400578, 1, 1, 1, 0.35573438030526583, 0.3557523518379714]
delta=[0.0067748558884432215, 0.02370868097126985, 0.070783993700211337]

Score=0.805905196264
alpha=[0.07219304228491538, -0.07197536679411985, -0.013444000667569955]
beta=[1.5619422517732224, 1.5287782127679348, 1.6, 1.4070114051553197, 1.5816729116891357, 1.4]
gamma=[0.8204346131400578, 1, 1, 1, 0.35573438030526583, 0.3557523518379714]
delta=[0.0066913334754881383, 0.034579110357706874, 0.071158320854415175]

Score=0.82487469108
alpha=[0.07219304228491538, -0.07197536679411985, -0.013444000667569955]
beta=[1.5619422517732224, 1.5287782127679348, 1.6, 1.4070114051553197, 1.5816729116891357, 1.4]
gamma=[0.8204346131400578, 1, 1, 1, 0.35573438030526583, 0.3557523518379714]
delta=[0.0066207446014718233, 0.049592568584847334, 0.070184010498366894]

Score=0.845205346235
alpha=[0.07219304228491538, -0.07197536679411985, -0.013444000667569955]
beta=[1.5619422517732224, 1.5287782127679348, 1.6, 1.4070114051553197, 1.5816729116891357, 1.4]
gamma=[0.8204346131400578, 1, 1, 1, 0.35573438030526583, 0.3557523518379714]
delta=[0.0061313171811620852, 0.049891619149183553, 0.070184010498366894]

Score=0.86208253458
alpha=[0.07219304228491538, -0.07197536679411985, -0.013444000667569955]
beta=[1.5619422517732224, 1.5287782127679348, 1.6, 1.4070114051553197, 1.5816729116891357, 1.4]
gamma=[0.8204346131400578, 1, 1, 1, 0.35573438030526583, 0.3557523518379714]
delta=[0.0079525397583166107, 0.034579110357706874, 0.069304325849029277]

Score=0.824218690892
alpha=[0.07219304228491538, -0.07197536679411985, -0.013444000667569955]
beta=[1.5619422517732224, 1.5287782127679348, 1.6, 1.4070114051553197, 1.5816729116891357, 1.4]
gamma=[0.8204346131400578, 1, 1, 1, 0.35573438030526583, 0.3557523518379714]
delta=[0.0061313171811620852, 0.02370868097126985, 0.069304325849029277]

Score=0.832815623587
alpha=[0.07219304228491538, -0.07197536679411985, -0.013444000667569955]
beta=[1.5619422517732224, 1.5287782127679348, 1.6, 1.4070114051553197, 1.5816729116891357, 1.4]
gamma=[0.8204346131400578, 1, 1, 1, 0.35573438030526583, 0.3557523518379714]
delta=[0.0066207446014718233, 0.02370868097126985, 0.070783993700211337]

Score=0.808857690003
alpha=[0.07219304228491538, -0.07197536679411985, -0.013444000667569955]
beta=[1.5619422517732224, 1.5287782127679348, 1.6, 1.4070114051553197, 1.5816729116891357, 1.4]
gamma=[0.8204346131400578, 1, 1, 1, 0.35573438030526583, 0.3557523518379714]
delta=[0.0061313171811620852, -0.024525768224229454, 0.070202778401214583]

Score=0.827712214055
alpha=[0.07219304228491538, -0.07197536679411985, -0.013444000667569955]
beta=[1.5619422517732224, 1.5287782127679348, 1.6, 1.4070114051553197, 1.5816729116891357, 1.4]
gamma=[0.8204346131400578, 1, 1, 1, 0.35573438030526583, 0.3557523518379714]
delta=[0.0066207446014718233, -0.024525768224229454, 0.070202778401214583]

Score=0.896549481214
alpha=[0.07219304228491538, -0.07197536679411985, -0.013444000667569955]
beta=[1.5619422517732224, 1.5287782127679348, 1.6, 1.4070114051553197, 1.5816729116891357, 1.4]
gamma=[0.8204346131400578, 1, 1, 1, 0.35573438030526583, 0.3557523518379714]
delta=[0.0066207446014718233, 0.02370868097126985, 0.070202778401214583]

Score=0.826977431316
alpha=[0.07219304228491538, -0.07197536679411985, -0.013444000667569955]
beta=[1.5619422517732224, 1.5287782127679348, 1.6, 1.4070114051553197, 1.5816729116891357, 1.4]
gamma=[0.8204346131400578, 1, 1, 1, 0.35573438030526583, 0.3557523518379714]
delta=[0.0066207446014718233, 0.02370868097126985, 0.070202778401214583]

Score=0.863066149151
alpha=[0.07219304228491538, -0.07197536679411985, -0.013444000667569955]
beta=[1.5619422517732224, 1.5287782127679348, 1.6, 1.4070114051553197, 1.5816729116891357, 1.4]
gamma=[0.8204346131400578, 1, 1, 1, 0.35573438030526583, 0.3557523518379714]
delta=[0.0079525397583166107, 0.02370868097126985, 0.07017710374198409]

Score=0.80561896145
alpha=[0.07219304228491538, -0.07197536679411985, -0.013444000667569955]
beta=[1.5619422517732224, 1.5287782127679348, 1.6, 1.4070114051553197, 1.5816729116891357, 1.4]
gamma=[0.8204346131400578, 1, 1, 1, 0.35573438030526583, 0.3557523518379714]
delta=[0.0079525397583166107, 0.02370868097126985, 0.070783993700211337]

Score=0.805498506152
alpha=[0.07219304228491538, -0.07197536679411985, -0.013444000667569955]
beta=[1.5619422517732224, 1.5287782127679348, 1.6, 1.4070114051553197, 1.5816729116891357, 1.4]
gamma=[0.8204346131400578, 1, 1, 1, 0.35573438030526583, 0.3557523518379714]
delta=[0.0066207446014718233, 0.02370868097126985, 0.070480931209936135]

Score=0.807490950382
alpha=[0.07219304228491538, -0.07197536679411985, -0.013444000667569955]
beta=[1.5619422517732224, 1.5287782127679348, 1.6, 1.4070114051553197, 1.5816729116891357, 1.4]
gamma=[0.8204346131400578, 1, 1, 1, 0.35573438030526583, 0.3557523518379714]
delta=[0.0079525397583166107, 0.02370868097126985, 0.070202778401214583]

Score=0.813205123412
alpha=[0.07219304228491538, -0.07197536679411985, -0.013444000667569955]
beta=[1.5619422517732224, 1.5287782127679348, 1.6, 1.4070114051553197, 1.5816729116891357, 1.4]
gamma=[0.8204346131400578, 1, 1, 1, 0.35573438030526583, 0.3557523518379714]
delta=[0.0066207446014718233, -0.024525768224229454, 0.070202778401214583]

Score=0.811621396459
alpha=[0.07219304228491538, -0.07197536679411985, -0.013444000667569955]
beta=[1.5619422517732224, 1.5287782127679348, 1.6, 1.4070114051553197, 1.5816729116891357, 1.4]
gamma=[0.8204346131400578, 1, 1, 1, 0.35573438030526583, 0.3557523518379714]
delta=[0.0066207446014718233, 0.02370868097126985, 0.070202778401214583]

Score=0.862712528255
alpha=[0.07219304228491538, -0.07197536679411985, -0.013444000667569955]
beta=[1.5619422517732224, 1.5287782127679348, 1.6, 1.4070114051553197, 1.5816729116891357, 1.4]
gamma=[0.8204346131400578, 1, 1, 1, 0.35573438030526583, 0.3557523518379714]
delta=[0.0079525397583166107, 0.019871537780696297, 0.070202778401214583]

Score=0.81511157015
alpha=[0.07219304228491538, -0.07197536679411985, -0.013444000667569955]
beta=[1.5619422517732224, 1.5287782127679348, 1.6, 1.4070114051553197, 1.5816729116891357, 1.4]
gamma=[0.8204346131400578, 1, 1, 1, 0.35573438030526583, 0.3557523518379714]
delta=[0.0079525397583166107, 0.02370868097126985, 0.070202778401214583]

Score=0.846542304886
alpha=[0.07219304228491538, -0.07197536679411985, -0.013444000667569955]
beta=[1.5619422517732224, 1.5287782127679348, 1.6, 1.4070114051553197, 1.5816729116891357, 1.4]
gamma=[0.8204346131400578, 1, 1, 1, 0.35573438030526583, 0.3557523518379714]
delta=[0.0066207446014718233, -0.024525768224229454, 0.070202778401214583]

Score=0.825118210048
alpha=[0.07219304228491538, -0.07197536679411985, -0.013444000667569955]
beta=[1.5619422517732224, 1.5287782127679348, 1.6, 1.4070114051553197, 1.5816729116891357, 1.4]
gamma=[0.8204346131400578, 1, 1, 1, 0.35573438030526583, 0.3557523518379714]
delta=[0.0079525397583166107, 0.019871537780696297, 0.070202778401214583]

Score=0.85538028144
alpha=[0.07219304228491538, -0.07197536679411985, -0.013444000667569955]
beta=[1.5619422517732224, 1.5287782127679348, 1.6, 1.4070114051553197, 1.5816729116891357, 1.4]
gamma=[0.8204346131400578, 1, 1, 1, 0.35573438030526583, 0.3557523518379714]
delta=[0.0066207446014718233, 0.023838299481725986, 0.070202778401214583]

Score=0.809035640097
alpha=[0.07219304228491538, -0.07197536679411985, -0.013444000667569955]
beta=[1.5619422517732224, 1.5287782127679348, 1.6, 1.4070114051553197, 1.5816729116891357, 1.4]
gamma=[0.8204346131400578, 1, 1, 1, 0.35573438030526583, 0.3557523518379714]
delta=[0.0079525397583166107, 0.02370868097126985, 0.06960577883031023]

Score=0.847807771491
alpha=[0.07219304228491538, -0.07197536679411985, -0.013444000667569955]
beta=[1.5619422517732224, 1.5287782127679348, 1.6, 1.4070114051553197, 1.5816729116891357, 1.4]
gamma=[0.8204346131400578, 1, 1, 1, 0.35573438030526583, 0.3557523518379714]
delta=[0.0079525397583166107, 0.019871537780696297, 0.070202778401214583]

Score=0.828051679148
alpha=[0.07219304228491538, -0.07197536679411985, -0.013444000667569955]
beta=[1.5619422517732224, 1.5287782127679348, 1.6, 1.4070114051553197, 1.5816729116891357, 1.4]
gamma=[0.8204346131400578, 1, 1, 1, 0.35573438030526583, 0.3557523518379714]
delta=[0.0066207446014718233, -0.024525768224229454, 0.070202778401214583]

