Score=0.919870067033
alpha=[0.07219304228491538, -0.07197536679411985, -0.013444000667569955]
beta=[1.5619422517732224, 1.5287782127679348, 1.6, 1.4070114051553197, 1.5816729116891357, 1.4]
gamma=[0.8204346131400578, 1, 1, 1, 0.35573438030526583, 0.3557523518379714]
delta=[0.02950000034006689, 0.054433031796202284, 0.02488047198589484]

Score=0.907602230759
alpha=[0.07219304228491538, -0.07197536679411985, -0.013444000667569955]
beta=[1.5619422517732224, 1.5287782127679348, 1.6, 1.4070114051553197, 1.5816729116891357, 1.4]
gamma=[0.8204346131400578, 1, 1, 1, 0.35573438030526583, 0.3557523518379714]
delta=[0.061658803757542596, 0.07103431526002672, 0.025674796802834517]

Score=0.907257702364
alpha=[0.07219304228491538, -0.07197536679411985, -0.013444000667569955]
beta=[1.5619422517732224, 1.5287782127679348, 1.6, 1.4070114051553197, 1.5816729116891357, 1.4]
gamma=[0.8204346131400578, 1, 1, 1, 0.35573438030526583, 0.3557523518379714]
delta=[0.07090185924779444, 0.07256887620870756, 0.02488047198589484]

Score=0.889382393865
alpha=[0.07219304228491538, -0.07197536679411985, -0.013444000667569955]
beta=[1.5619422517732224, 1.5287782127679348, 1.6, 1.4070114051553197, 1.5816729116891357, 1.4]
gamma=[0.8204346131400578, 1, 1, 1, 0.35573438030526583, 0.3557523518379714]
delta=[0.061658803757542596, 0.01739830533434732, 0.026180657225566863]

Score=0.894599302417
alpha=[0.07219304228491538, -0.07197536679411985, -0.013444000667569955]
beta=[1.5619422517732224, 1.5287782127679348, 1.6, 1.4070114051553197, 1.5816729116891357, 1.4]
gamma=[0.8204346131400578, 1, 1, 1, 0.35573438030526583, 0.3557523518379714]
delta=[0.07090185924779444, 0.07256887620870756, 0.026260154773639969]

Score=0.912229137092
alpha=[0.07219304228491538, -0.07197536679411985, -0.013444000667569955]
beta=[1.5619422517732224, 1.5287782127679348, 1.6, 1.4070114051553197, 1.5816729116891357, 1.4]
gamma=[0.8204346131400578, 1, 1, 1, 0.35573438030526583, 0.3557523518379714]
delta=[0.02950000034006689, 0.04211481451414331, 0.026260154773639969]

Score=0.892878069923
alpha=[0.07219304228491538, -0.07197536679411985, -0.013444000667569955]
beta=[1.5619422517732224, 1.5287782127679348, 1.6, 1.4070114051553197, 1.5816729116891357, 1.4]
gamma=[0.8204346131400578, 1, 1, 1, 0.35573438030526583, 0.3557523518379714]
delta=[0.061658803757542596, 0.01739830533434732, 0.026180657225566863]

Score=0.919361497645
alpha=[0.07219304228491538, -0.07197536679411985, -0.013444000667569955]
beta=[1.5619422517732224, 1.5287782127679348, 1.6, 1.4070114051553197, 1.5816729116891357, 1.4]
gamma=[0.8204346131400578, 1, 1, 1, 0.35573438030526583, 0.3557523518379714]
delta=[0.006929203519446526, 0.034853754732874047, 0.026260154773639969]

Score=0.840830070913
alpha=[0.07219304228491538, -0.07197536679411985, -0.013444000667569955]
beta=[1.5619422517732224, 1.5287782127679348, 1.6, 1.4070114051553197, 1.5816729116891357, 1.4]
gamma=[0.8204346131400578, 1, 1, 1, 0.35573438030526583, 0.3557523518379714]
delta=[0.0034238490346070183, 0.04118388961803765, 0.06938373551140384]

Score=0.839711431112
alpha=[0.07219304228491538, -0.07197536679411985, -0.013444000667569955]
beta=[1.5619422517732224, 1.5287782127679348, 1.6, 1.4070114051553197, 1.5816729116891357, 1.4]
gamma=[0.8204346131400578, 1, 1, 1, 0.35573438030526583, 0.3557523518379714]
delta=[0.006929203519446526, 0.034853754732874047, 0.074613099665235896]

Score=0.945231781498
alpha=[0.07219304228491538, -0.07197536679411985, -0.013444000667569955]
beta=[1.5619422517732224, 1.5287782127679348, 1.6, 1.4070114051553197, 1.5816729116891357, 1.4]
gamma=[0.8204346131400578, 1, 1, 1, 0.35573438030526583, 0.3557523518379714]
delta=[0.006929203519446526, 0.034853754732874047, 0.018467024006482355]

Score=0.846159793652
alpha=[0.07219304228491538, -0.07197536679411985, -0.013444000667569955]
beta=[1.5619422517732224, 1.5287782127679348, 1.6, 1.4070114051553197, 1.5816729116891357, 1.4]
gamma=[0.8204346131400578, 1, 1, 1, 0.35573438030526583, 0.3557523518379714]
delta=[0.0034238490346070183, 0.04118388961803765, 0.06938373551140384]

Score=0.925776364323
alpha=[0.07219304228491538, -0.07197536679411985, -0.013444000667569955]
beta=[1.5619422517732224, 1.5287782127679348, 1.6, 1.4070114051553197, 1.5816729116891357, 1.4]
gamma=[0.8204346131400578, 1, 1, 1, 0.35573438030526583, 0.3557523518379714]
delta=[0.006929203519446526, 0.034853754732874047, 0.026260154773639969]

Score=0.949826474413
alpha=[0.07219304228491538, -0.07197536679411985, -0.013444000667569955]
beta=[1.5619422517732224, 1.5287782127679348, 1.6, 1.4070114051553197, 1.5816729116891357, 1.4]
gamma=[0.8204346131400578, 1, 1, 1, 0.35573438030526583, 0.3557523518379714]
delta=[0.006929203519446526, 0.034853754732874047, 0.018467024006482355]

Score=0.821910201091
alpha=[0.07219304228491538, -0.07197536679411985, -0.013444000667569955]
beta=[1.5619422517732224, 1.5287782127679348, 1.6, 1.4070114051553197, 1.5816729116891357, 1.4]
gamma=[0.8204346131400578, 1, 1, 1, 0.35573438030526583, 0.3557523518379714]
delta=[0.02950000034006689, 0.04118388961803765, 0.06938373551140384]

Score=0.952021292437
alpha=[0.07219304228491538, -0.07197536679411985, -0.013444000667569955]
beta=[1.5619422517732224, 1.5287782127679348, 1.6, 1.4070114051553197, 1.5816729116891357, 1.4]
gamma=[0.8204346131400578, 1, 1, 1, 0.35573438030526583, 0.3557523518379714]
delta=[0.006929203519446526, 0.04118388961803765, 0.018467024006482355]

Score=0.952754657245
alpha=[0.07219304228491538, -0.07197536679411985, -0.013444000667569955]
beta=[1.5619422517732224, 1.5287782127679348, 1.6, 1.4070114051553197, 1.5816729116891357, 1.4]
gamma=[0.8204346131400578, 1, 1, 1, 0.35573438030526583, 0.3557523518379714]
delta=[0.0034238490346070183, 0.04118388961803765, 0.017800332733756953]

Score=0.946404986569
alpha=[0.07219304228491538, -0.07197536679411985, -0.013444000667569955]
beta=[1.5619422517732224, 1.5287782127679348, 1.6, 1.4070114051553197, 1.5816729116891357, 1.4]
gamma=[0.8204346131400578, 1, 1, 1, 0.35573438030526583, 0.3557523518379714]
delta=[0.006929203519446526, 0.04118388961803765, 0.017800332733756953]

Score=0.808944632745
alpha=[0.07219304228491538, -0.07197536679411985, -0.013444000667569955]
beta=[1.5619422517732224, 1.5287782127679348, 1.6, 1.4070114051553197, 1.5816729116891357, 1.4]
gamma=[0.8204346131400578, 1, 1, 1, 0.35573438030526583, 0.3557523518379714]
delta=[0.006929203519446526, 0.04118388961803765, 0.06938373551140384]

Score=0.93743730844
alpha=[0.07219304228491538, -0.07197536679411985, -0.013444000667569955]
beta=[1.5619422517732224, 1.5287782127679348, 1.6, 1.4070114051553197, 1.5816729116891357, 1.4]
gamma=[0.8204346131400578, 1, 1, 1, 0.35573438030526583, 0.3557523518379714]
delta=[0.0034238490346070183, 0.034853754732874047, 0.026260154773639969]

Score=0.948290407136
alpha=[0.07219304228491538, -0.07197536679411985, -0.013444000667569955]
beta=[1.5619422517732224, 1.5287782127679348, 1.6, 1.4070114051553197, 1.5816729116891357, 1.4]
gamma=[0.8204346131400578, 1, 1, 1, 0.35573438030526583, 0.3557523518379714]
delta=[0.006929203519446526, 0.034853754732874047, 0.018467024006482355]

Score=0.948641854345
alpha=[0.07219304228491538, -0.07197536679411985, -0.013444000667569955]
beta=[1.5619422517732224, 1.5287782127679348, 1.6, 1.4070114051553197, 1.5816729116891357, 1.4]
gamma=[0.8204346131400578, 1, 1, 1, 0.35573438030526583, 0.3557523518379714]
delta=[0.006929203519446526, 0.04118388961803765, 0.018467024006482355]

Score=0.926691629231
alpha=[0.07219304228491538, -0.07197536679411985, -0.013444000667569955]
beta=[1.5619422517732224, 1.5287782127679348, 1.6, 1.4070114051553197, 1.5816729116891357, 1.4]
gamma=[0.8204346131400578, 1, 1, 1, 0.35573438030526583, 0.3557523518379714]
delta=[0.02950000034006689, 0.04118388961803765, 0.017800332733756953]

Score=0.946272868171
alpha=[0.07219304228491538, -0.07197536679411985, -0.013444000667569955]
beta=[1.5619422517732224, 1.5287782127679348, 1.6, 1.4070114051553197, 1.5816729116891357, 1.4]
gamma=[0.8204346131400578, 1, 1, 1, 0.35573438030526583, 0.3557523518379714]
delta=[0.006929203519446526, 0.04118388961803765, 0.018467024006482355]

Score=0.941006545914
alpha=[0.07219304228491538, -0.07197536679411985, -0.013444000667569955]
beta=[1.5619422517732224, 1.5287782127679348, 1.6, 1.4070114051553197, 1.5816729116891357, 1.4]
gamma=[0.8204346131400578, 1, 1, 1, 0.35573438030526583, 0.3557523518379714]
delta=[0.006929203519446526, 0.04118388961803765, 0.026626718920222264]

Score=0.928370228677
alpha=[0.07219304228491538, -0.07197536679411985, -0.013444000667569955]
beta=[1.5619422517732224, 1.5287782127679348, 1.6, 1.4070114051553197, 1.5816729116891357, 1.4]
gamma=[0.8204346131400578, 1, 1, 1, 0.35573438030526583, 0.3557523518379714]
delta=[0.0034238490346070183, 0.034853754732874047, 0.026260154773639969]

Score=0.955586943282
alpha=[0.07219304228491538, -0.07197536679411985, -0.013444000667569955]
beta=[1.5619422517732224, 1.5287782127679348, 1.6, 1.4070114051553197, 1.5816729116891357, 1.4]
gamma=[0.8204346131400578, 1, 1, 1, 0.35573438030526583, 0.3557523518379714]
delta=[0.006929203519446526, 0.034853754732874047, 0.017800332733756953]

Score=0.95339013407
alpha=[0.07219304228491538, -0.07197536679411985, -0.013444000667569955]
beta=[1.5619422517732224, 1.5287782127679348, 1.6, 1.4070114051553197, 1.5816729116891357, 1.4]
gamma=[0.8204346131400578, 1, 1, 1, 0.35573438030526583, 0.3557523518379714]
delta=[0.0034238490346070183, 0.04118388961803765, 0.017800332733756953]

Score=0.960200371681
alpha=[0.07219304228491538, -0.07197536679411985, -0.013444000667569955]
beta=[1.5619422517732224, 1.5287782127679348, 1.6, 1.4070114051553197, 1.5816729116891357, 1.4]
gamma=[0.8204346131400578, 1, 1, 1, 0.35573438030526583, 0.3557523518379714]
delta=[0.006929203519446526, 0.034853754732874047, 0.017800332733756953]

Score=0.932187377759
alpha=[0.07219304228491538, -0.07197536679411985, -0.013444000667569955]
beta=[1.5619422517732224, 1.5287782127679348, 1.6, 1.4070114051553197, 1.5816729116891357, 1.4]
gamma=[0.8204346131400578, 1, 1, 1, 0.35573438030526583, 0.3557523518379714]
delta=[0.0070288353910900265, 0.034853754732874047, 0.026260154773639969]

Score=0.807508645173
alpha=[0.07219304228491538, -0.07197536679411985, -0.013444000667569955]
beta=[1.5619422517732224, 1.5287782127679348, 1.6, 1.4070114051553197, 1.5816729116891357, 1.4]
gamma=[0.8204346131400578, 1, 1, 1, 0.35573438030526583, 0.3557523518379714]
delta=[0.006929203519446526, 0.03505387757968334, 0.069449829178109726]

Score=0.929409295269
alpha=[0.07219304228491538, -0.07197536679411985, -0.013444000667569955]
beta=[1.5619422517732224, 1.5287782127679348, 1.6, 1.4070114051553197, 1.5816729116891357, 1.4]
gamma=[0.8204346131400578, 1, 1, 1, 0.35573438030526583, 0.3557523518379714]
delta=[0.0077049598013733712, 0.034853754732874047, 0.026260154773639969]

Score=0.950593892447
alpha=[0.07219304228491538, -0.07197536679411985, -0.013444000667569955]
beta=[1.5619422517732224, 1.5287782127679348, 1.6, 1.4070114051553197, 1.5816729116891357, 1.4]
gamma=[0.8204346131400578, 1, 1, 1, 0.35573438030526583, 0.3557523518379714]
delta=[0.006929203519446526, 0.04118388961803765, 0.017800332733756953]

Score=0.951057335337
alpha=[0.07219304228491538, -0.07197536679411985, -0.013444000667569955]
beta=[1.5619422517732224, 1.5287782127679348, 1.6, 1.4070114051553197, 1.5816729116891357, 1.4]
gamma=[0.8204346131400578, 1, 1, 1, 0.35573438030526583, 0.3557523518379714]
delta=[0.006929203519446526, 0.034853754732874047, 0.017800332733756953]

Score=0.949122811722
alpha=[0.07219304228491538, -0.07197536679411985, -0.013444000667569955]
beta=[1.5619422517732224, 1.5287782127679348, 1.6, 1.4070114051553197, 1.5816729116891357, 1.4]
gamma=[0.8204346131400578, 1, 1, 1, 0.35573438030526583, 0.3557523518379714]
delta=[0.0070288353910900265, 0.04118388961803765, 0.017800332733756953]

Score=0.955413339704
alpha=[0.07219304228491538, -0.07197536679411985, -0.013444000667569955]
beta=[1.5619422517732224, 1.5287782127679348, 1.6, 1.4070114051553197, 1.5816729116891357, 1.4]
gamma=[0.8204346131400578, 1, 1, 1, 0.35573438030526583, 0.3557523518379714]
delta=[0.006929203519446526, 0.04118388961803765, 0.017800332733756953]

Score=0.921058492921
alpha=[0.07219304228491538, -0.07197536679411985, -0.013444000667569955]
beta=[1.5619422517732224, 1.5287782127679348, 1.6, 1.4070114051553197, 1.5816729116891357, 1.4]
gamma=[0.8204346131400578, 1, 1, 1, 0.35573438030526583, 0.3557523518379714]
delta=[0.006929203519446526, 0.04118388961803765, 0.026260154773639969]

Score=0.931135050061
alpha=[0.07219304228491538, -0.07197536679411985, -0.013444000667569955]
beta=[1.5619422517732224, 1.5287782127679348, 1.6, 1.4070114051553197, 1.5816729116891357, 1.4]
gamma=[0.8204346131400578, 1, 1, 1, 0.35573438030526583, 0.3557523518379714]
delta=[0.0070288353910900265, 0.04118388961803765, 0.026260154773639969]

Score=0.919401015038
alpha=[0.07219304228491538, -0.07197536679411985, -0.013444000667569955]
beta=[1.5619422517732224, 1.5287782127679348, 1.6, 1.4070114051553197, 1.5816729116891357, 1.4]
gamma=[0.8204346131400578, 1, 1, 1, 0.35573438030526583, 0.3557523518379714]
delta=[0.006929203519446526, 0.034853754732874047, 0.026260154773639969]

Score=0.948122620529
alpha=[0.07219304228491538, -0.07197536679411985, -0.013444000667569955]
beta=[1.5619422517732224, 1.5287782127679348, 1.6, 1.4070114051553197, 1.5816729116891357, 1.4]
gamma=[0.8204346131400578, 1, 1, 1, 0.35573438030526583, 0.3557523518379714]
delta=[0.0070288353910900265, 0.04118388961803765, 0.017800332733756953]

Score=0.947093692787
alpha=[0.07219304228491538, -0.07197536679411985, -0.013444000667569955]
beta=[1.5619422517732224, 1.5287782127679348, 1.6, 1.4070114051553197, 1.5816729116891357, 1.4]
gamma=[0.8204346131400578, 1, 1, 1, 0.35573438030526583, 0.3557523518379714]
delta=[0.0070288353910900265, 0.04118388961803765, 0.017800332733756953]

Score=0.942691437719
alpha=[0.07219304228491538, -0.07197536679411985, -0.013444000667569955]
beta=[1.5619422517732224, 1.5287782127679348, 1.6, 1.4070114051553197, 1.5816729116891357, 1.4]
gamma=[0.8204346131400578, 1, 1, 1, 0.35573438030526583, 0.3557523518379714]
delta=[0.02950000034006689, 0.034853754732874047, 0.017800332733756953]

Score=0.93085320431
alpha=[0.07219304228491538, -0.07197536679411985, -0.013444000667569955]
beta=[1.5619422517732224, 1.5287782127679348, 1.6, 1.4070114051553197, 1.5816729116891357, 1.4]
gamma=[0.8204346131400578, 1, 1, 1, 0.35573438030526583, 0.3557523518379714]
delta=[0.006929203519446526, 0.034853754732874047, 0.026260154773639969]

Score=0.950124885326
alpha=[0.07219304228491538, -0.07197536679411985, -0.013444000667569955]
beta=[1.5619422517732224, 1.5287782127679348, 1.6, 1.4070114051553197, 1.5816729116891357, 1.4]
gamma=[0.8204346131400578, 1, 1, 1, 0.35573438030526583, 0.3557523518379714]
delta=[0.006929203519446526, 0.034853754732874047, 0.018467024006482355]

Score=0.944540968064
alpha=[0.07219304228491538, -0.07197536679411985, -0.013444000667569955]
beta=[1.5619422517732224, 1.5287782127679348, 1.6, 1.4070114051553197, 1.5816729116891357, 1.4]
gamma=[0.8204346131400578, 1, 1, 1, 0.35573438030526583, 0.3557523518379714]
delta=[0.0070288353910900265, 0.04118388961803765, 0.017800332733756953]

Score=0.92618275376
alpha=[0.07219304228491538, -0.07197536679411985, -0.013444000667569955]
beta=[1.5619422517732224, 1.5287782127679348, 1.6, 1.4070114051553197, 1.5816729116891357, 1.4]
gamma=[0.8204346131400578, 1, 1, 1, 0.35573438030526583, 0.3557523518379714]
delta=[0.0070288353910900265, 0.04118388961803765, 0.026260154773639969]

Score=0.924872541062
alpha=[0.07219304228491538, -0.07197536679411985, -0.013444000667569955]
beta=[1.5619422517732224, 1.5287782127679348, 1.6, 1.4070114051553197, 1.5816729116891357, 1.4]
gamma=[0.8204346131400578, 1, 1, 1, 0.35573438030526583, 0.3557523518379714]
delta=[0.006929203519446526, 0.034853754732874047, 0.026260154773639969]

Score=0.949028656333
alpha=[0.07219304228491538, -0.07197536679411985, -0.013444000667569955]
beta=[1.5619422517732224, 1.5287782127679348, 1.6, 1.4070114051553197, 1.5816729116891357, 1.4]
gamma=[0.8204346131400578, 1, 1, 1, 0.35573438030526583, 0.3557523518379714]
delta=[0.0070288353910900265, 0.04118388961803765, 0.017800332733756953]

Score=0.930282978872
alpha=[0.07219304228491538, -0.07197536679411985, -0.013444000667569955]
beta=[1.5619422517732224, 1.5287782127679348, 1.6, 1.4070114051553197, 1.5816729116891357, 1.4]
gamma=[0.8204346131400578, 1, 1, 1, 0.35573438030526583, 0.3557523518379714]
delta=[0.006929203519446526, 0.04118388961803765, 0.026260154773639969]

Score=0.952847953645
alpha=[0.07219304228491538, -0.07197536679411985, -0.013444000667569955]
beta=[1.5619422517732224, 1.5287782127679348, 1.6, 1.4070114051553197, 1.5816729116891357, 1.4]
gamma=[0.8204346131400578, 1, 1, 1, 0.35573438030526583, 0.3557523518379714]
delta=[0.0070288353910900265, 0.04118388961803765, 0.017800332733756953]

Score=0.95218283437
alpha=[0.07219304228491538, -0.07197536679411985, -0.013444000667569955]
beta=[1.5619422517732224, 1.5287782127679348, 1.6, 1.4070114051553197, 1.5816729116891357, 1.4]
gamma=[0.8204346131400578, 1, 1, 1, 0.35573438030526583, 0.3557523518379714]
delta=[0.006929203519446526, 0.04118388961803765, 0.017800332733756953]

Score=0.949801142969
alpha=[0.07219304228491538, -0.07197536679411985, -0.013444000667569955]
beta=[1.5619422517732224, 1.5287782127679348, 1.6, 1.4070114051553197, 1.5816729116891357, 1.4]
gamma=[0.8204346131400578, 1, 1, 1, 0.35573438030526583, 0.3557523518379714]
delta=[0.0070288353910900265, 0.038466036206637112, 0.017800332733756953]

Score=0.945857529183
alpha=[0.07219304228491538, -0.07197536679411985, -0.013444000667569955]
beta=[1.5619422517732224, 1.5287782127679348, 1.6, 1.4070114051553197, 1.5816729116891357, 1.4]
gamma=[0.8204346131400578, 1, 1, 1, 0.35573438030526583, 0.3557523518379714]
delta=[0.0070288353910900265, 0.04118388961803765, 0.017800332733756953]

Score=0.954880453319
alpha=[0.07219304228491538, -0.07197536679411985, -0.013444000667569955]
beta=[1.5619422517732224, 1.5287782127679348, 1.6, 1.4070114051553197, 1.5816729116891357, 1.4]
gamma=[0.8204346131400578, 1, 1, 1, 0.35573438030526583, 0.3557523518379714]
delta=[0.0070288353910900265, 0.04118388961803765, 0.017800332733756953]

Score=0.93570119149
alpha=[0.07219304228491538, -0.07197536679411985, -0.013444000667569955]
beta=[1.5619422517732224, 1.5287782127679348, 1.6, 1.4070114051553197, 1.5816729116891357, 1.4]
gamma=[0.8204346131400578, 1, 1, 1, 0.35573438030526583, 0.3557523518379714]
delta=[0.02950000034006689, 0.041306354731819352, 0.018467024006482355]

Score=0.953417397309
alpha=[0.07219304228491538, -0.07197536679411985, -0.013444000667569955]
beta=[1.5619422517732224, 1.5287782127679348, 1.6, 1.4070114051553197, 1.5816729116891357, 1.4]
gamma=[0.8204346131400578, 1, 1, 1, 0.35573438030526583, 0.3557523518379714]
delta=[0.006929203519446526, 0.036621157745222323, 0.018467024006482355]

Score=0.957557001727
alpha=[0.07219304228491538, -0.07197536679411985, -0.013444000667569955]
beta=[1.5619422517732224, 1.5287782127679348, 1.6, 1.4070114051553197, 1.5816729116891357, 1.4]
gamma=[0.8204346131400578, 1, 1, 1, 0.35573438030526583, 0.3557523518379714]
delta=[0.0070288353910900265, 0.036621157745222323, 0.017800332733756953]

Score=0.943381753496
alpha=[0.07219304228491538, -0.07197536679411985, -0.013444000667569955]
beta=[1.5619422517732224, 1.5287782127679348, 1.6, 1.4070114051553197, 1.5816729116891357, 1.4]
gamma=[0.8204346131400578, 1, 1, 1, 0.35573438030526583, 0.3557523518379714]
delta=[0.0067909466295041875, 0.034853754732874047, 0.018467024006482355]

Score=0.933188322635
alpha=[0.07219304228491538, -0.07197536679411985, -0.013444000667569955]
beta=[1.5619422517732224, 1.5287782127679348, 1.6, 1.4070114051553197, 1.5816729116891357, 1.4]
gamma=[0.8204346131400578, 1, 1, 1, 0.35573438030526583, 0.3557523518379714]
delta=[0.006929203519446526, 0.034853754732874047, 0.026260154773639969]

Score=0.955815383694
alpha=[0.07219304228491538, -0.07197536679411985, -0.013444000667569955]
beta=[1.5619422517732224, 1.5287782127679348, 1.6, 1.4070114051553197, 1.5816729116891357, 1.4]
gamma=[0.8204346131400578, 1, 1, 1, 0.35573438030526583, 0.3557523518379714]
delta=[0.0070288353910900265, 0.04118388961803765, 0.017800332733756953]

Score=0.950984173264
alpha=[0.07219304228491538, -0.07197536679411985, -0.013444000667569955]
beta=[1.5619422517732224, 1.5287782127679348, 1.6, 1.4070114051553197, 1.5816729116891357, 1.4]
gamma=[0.8204346131400578, 1, 1, 1, 0.35573438030526583, 0.3557523518379714]
delta=[0.0070288353910900265, 0.036621157745222323, 0.017800332733756953]

Score=0.946709531662
alpha=[0.07219304228491538, -0.07197536679411985, -0.013444000667569955]
beta=[1.5619422517732224, 1.5287782127679348, 1.6, 1.4070114051553197, 1.5816729116891357, 1.4]
gamma=[0.8204346131400578, 1, 1, 1, 0.35573438030526583, 0.3557523518379714]
delta=[0.0070288353910900265, 0.04118388961803765, 0.017419044824554007]

Score=0.947483950018
alpha=[0.07219304228491538, -0.07197536679411985, -0.013444000667569955]
beta=[1.5619422517732224, 1.5287782127679348, 1.6, 1.4070114051553197, 1.5816729116891357, 1.4]
gamma=[0.8204346131400578, 1, 1, 1, 0.35573438030526583, 0.3557523518379714]
delta=[0.0070288353910900265, 0.04118388961803765, 0.017800332733756953]

Score=0.95166097234
alpha=[0.07219304228491538, -0.07197536679411985, -0.013444000667569955]
beta=[1.5619422517732224, 1.5287782127679348, 1.6, 1.4070114051553197, 1.5816729116891357, 1.4]
gamma=[0.8204346131400578, 1, 1, 1, 0.35573438030526583, 0.3557523518379714]
delta=[0.0076693132533547387, 0.034853754732874047, 0.018467024006482355]

Score=0.946502780599
alpha=[0.07219304228491538, -0.07197536679411985, -0.013444000667569955]
beta=[1.5619422517732224, 1.5287782127679348, 1.6, 1.4070114051553197, 1.5816729116891357, 1.4]
gamma=[0.8204346131400578, 1, 1, 1, 0.35573438030526583, 0.3557523518379714]
delta=[0.0076693132533547387, 0.04118388961803765, 0.018467024006482355]

Score=0.954066577272
alpha=[0.07219304228491538, -0.07197536679411985, -0.013444000667569955]
beta=[1.5619422517732224, 1.5287782127679348, 1.6, 1.4070114051553197, 1.5816729116891357, 1.4]
gamma=[0.8204346131400578, 1, 1, 1, 0.35573438030526583, 0.3557523518379714]
delta=[0.0070288353910900265, 0.036621157745222323, 0.017800332733756953]

Score=0.948616663607
alpha=[0.07219304228491538, -0.07197536679411985, -0.013444000667569955]
beta=[1.5619422517732224, 1.5287782127679348, 1.6, 1.4070114051553197, 1.5816729116891357, 1.4]
gamma=[0.8204346131400578, 1, 1, 1, 0.35573438030526583, 0.3557523518379714]
delta=[0.0076693132533547387, 0.04118388961803765, 0.017800332733756953]

Score=0.947795997063
alpha=[0.07219304228491538, -0.07197536679411985, -0.013444000667569955]
beta=[1.5619422517732224, 1.5287782127679348, 1.6, 1.4070114051553197, 1.5816729116891357, 1.4]
gamma=[0.8204346131400578, 1, 1, 1, 0.35573438030526583, 0.3557523518379714]
delta=[0.0070288353910900265, -0.036364232932139903, 0.018467024006482355]

Score=0.957526070155
alpha=[0.07219304228491538, -0.07197536679411985, -0.013444000667569955]
beta=[1.5619422517732224, 1.5287782127679348, 1.6, 1.4070114051553197, 1.5816729116891357, 1.4]
gamma=[0.8204346131400578, 1, 1, 1, 0.35573438030526583, 0.3557523518379714]
delta=[0.0076693132533547387, -0.036364232932139903, 0.018467024006482355]

Score=0.950298989807
alpha=[0.07219304228491538, -0.07197536679411985, -0.013444000667569955]
beta=[1.5619422517732224, 1.5287782127679348, 1.6, 1.4070114051553197, 1.5816729116891357, 1.4]
gamma=[0.8204346131400578, 1, 1, 1, 0.35573438030526583, 0.3557523518379714]
delta=[0.006929203519446526, 0.04118388961803765, 0.017800332733756953]

Score=0.950455327157
alpha=[0.07219304228491538, -0.07197536679411985, -0.013444000667569955]
beta=[1.5619422517732224, 1.5287782127679348, 1.6, 1.4070114051553197, 1.5816729116891357, 1.4]
gamma=[0.8204346131400578, 1, 1, 1, 0.35573438030526583, 0.3557523518379714]
delta=[0.0076693132533547387, 0.034853754732874047, 0.018247678408361018]

Score=0.945918295321
alpha=[0.07219304228491538, -0.07197536679411985, -0.013444000667569955]
beta=[1.5619422517732224, 1.5287782127679348, 1.6, 1.4070114051553197, 1.5816729116891357, 1.4]
gamma=[0.8204346131400578, 1, 1, 1, 0.35573438030526583, 0.3557523518379714]
delta=[0.0070288353910900265, 0.04118388961803765, 0.017800332733756953]

Score=0.94523704691
alpha=[0.07219304228491538, -0.07197536679411985, -0.013444000667569955]
beta=[1.5619422517732224, 1.5287782127679348, 1.6, 1.4070114051553197, 1.5816729116891357, 1.4]
gamma=[0.8204346131400578, 1, 1, 1, 0.35573438030526583, 0.3557523518379714]
delta=[0.0070288353910900265, 0.04118388961803765, 0.017800332733756953]

Score=0.957215706748
alpha=[0.07219304228491538, -0.07197536679411985, -0.013444000667569955]
beta=[1.5619422517732224, 1.5287782127679348, 1.6, 1.4070114051553197, 1.5816729116891357, 1.4]
gamma=[0.8204346131400578, 1, 1, 1, 0.35573438030526583, 0.3557523518379714]
delta=[0.0070288353910900265, 0.04118388961803765, 0.017800332733756953]

Score=0.947145491015
alpha=[0.07219304228491538, -0.07197536679411985, -0.013444000667569955]
beta=[1.5619422517732224, 1.5287782127679348, 1.6, 1.4070114051553197, 1.5816729116891357, 1.4]
gamma=[0.8204346131400578, 1, 1, 1, 0.35573438030526583, 0.3557523518379714]
delta=[0.0070288353910900265, 0.04118388961803765, 0.017800332733756953]

Score=0.951901305595
alpha=[0.07219304228491538, -0.07197536679411985, -0.013444000667569955]
beta=[1.5619422517732224, 1.5287782127679348, 1.6, 1.4070114051553197, 1.5816729116891357, 1.4]
gamma=[0.8204346131400578, 1, 1, 1, 0.35573438030526583, 0.3557523518379714]
delta=[0.0070288353910900265, 0.04118388961803765, 0.017800332733756953]

Score=0.946002213917
alpha=[0.07219304228491538, -0.07197536679411985, -0.013444000667569955]
beta=[1.5619422517732224, 1.5287782127679348, 1.6, 1.4070114051553197, 1.5816729116891357, 1.4]
gamma=[0.8204346131400578, 1, 1, 1, 0.35573438030526583, 0.3557523518379714]
delta=[0.0067909466295041875, 0.034853754732874047, 0.018247678408361018]

Score=0.950750851892
alpha=[0.07219304228491538, -0.07197536679411985, -0.013444000667569955]
beta=[1.5619422517732224, 1.5287782127679348, 1.6, 1.4070114051553197, 1.5816729116891357, 1.4]
gamma=[0.8204346131400578, 1, 1, 1, 0.35573438030526583, 0.3557523518379714]
delta=[0.006929203519446526, 0.034853754732874047, 0.017800332733756953]

Score=0.959984231048
alpha=[0.07219304228491538, -0.07197536679411985, -0.013444000667569955]
beta=[1.5619422517732224, 1.5287782127679348, 1.6, 1.4070114051553197, 1.5816729116891357, 1.4]
gamma=[0.8204346131400578, 1, 1, 1, 0.35573438030526583, 0.3557523518379714]
delta=[0.006929203519446526, -0.036364232932139903, 0.017800332733756953]

Score=0.947924995858
alpha=[0.07219304228491538, -0.07197536679411985, -0.013444000667569955]
beta=[1.5619422517732224, 1.5287782127679348, 1.6, 1.4070114051553197, 1.5816729116891357, 1.4]
gamma=[0.8204346131400578, 1, 1, 1, 0.35573438030526583, 0.3557523518379714]
delta=[0.0076693132533547387, 0.04118388961803765, 0.018467024006482355]

Score=0.954764370481
alpha=[0.07219304228491538, -0.07197536679411985, -0.013444000667569955]
beta=[1.5619422517732224, 1.5287782127679348, 1.6, 1.4070114051553197, 1.5816729116891357, 1.4]
gamma=[0.8204346131400578, 1, 1, 1, 0.35573438030526583, 0.3557523518379714]
delta=[0.0076693132533547387, 0.04118388961803765, 0.017800332733756953]

Score=0.951188839411
alpha=[0.07219304228491538, -0.07197536679411985, -0.013444000667569955]
beta=[1.5619422517732224, 1.5287782127679348, 1.6, 1.4070114051553197, 1.5816729116891357, 1.4]
gamma=[0.8204346131400578, 1, 1, 1, 0.35573438030526583, 0.3557523518379714]
delta=[0.0076693132533547387, -0.036364232932139903, 0.018467024006482355]

Score=0.945287015398
alpha=[0.07219304228491538, -0.07197536679411985, -0.013444000667569955]
beta=[1.5619422517732224, 1.5287782127679348, 1.6, 1.4070114051553197, 1.5816729116891357, 1.4]
gamma=[0.8204346131400578, 1, 1, 1, 0.35573438030526583, 0.3557523518379714]
delta=[0.0070288353910900265, 0.04118388961803765, 0.017800332733756953]

Score=0.951800498541
alpha=[0.07219304228491538, -0.07197536679411985, -0.013444000667569955]
beta=[1.5619422517732224, 1.5287782127679348, 1.6, 1.4070114051553197, 1.5816729116891357, 1.4]
gamma=[0.8204346131400578, 1, 1, 1, 0.35573438030526583, 0.3557523518379714]
delta=[0.006929203519446526, 0.04118388961803765, 0.017800332733756953]

Score=0.954410959533
alpha=[0.07219304228491538, -0.07197536679411985, -0.013444000667569955]
beta=[1.5619422517732224, 1.5287782127679348, 1.6, 1.4070114051553197, 1.5816729116891357, 1.4]
gamma=[0.8204346131400578, 1, 1, 1, 0.35573438030526583, 0.3557523518379714]
delta=[0.0070288353910900265, 0.04118388961803765, 0.017800332733756953]

Score=0.947948957275
alpha=[0.07219304228491538, -0.07197536679411985, -0.013444000667569955]
beta=[1.5619422517732224, 1.5287782127679348, 1.6, 1.4070114051553197, 1.5816729116891357, 1.4]
gamma=[0.8204346131400578, 1, 1, 1, 0.35573438030526583, 0.3557523518379714]
delta=[0.006929203519446526, 0.04118388961803765, 0.017800332733756953]

Score=0.948119936574
alpha=[0.07219304228491538, -0.07197536679411985, -0.013444000667569955]
beta=[1.5619422517732224, 1.5287782127679348, 1.6, 1.4070114051553197, 1.5816729116891357, 1.4]
gamma=[0.8204346131400578, 1, 1, 1, 0.35573438030526583, 0.3557523518379714]
delta=[0.0076693132533547387, 0.034853754732874047, 0.017800332733756953]

Score=0.949968998397
alpha=[0.07219304228491538, -0.07197536679411985, -0.013444000667569955]
beta=[1.5619422517732224, 1.5287782127679348, 1.6, 1.4070114051553197, 1.5816729116891357, 1.4]
gamma=[0.8204346131400578, 1, 1, 1, 0.35573438030526583, 0.3557523518379714]
delta=[0.0070288353910900265, 0.04118388961803765, 0.018247678408361018]

Score=0.947957519708
alpha=[0.07219304228491538, -0.07197536679411985, -0.013444000667569955]
beta=[1.5619422517732224, 1.5287782127679348, 1.6, 1.4070114051553197, 1.5816729116891357, 1.4]
gamma=[0.8204346131400578, 1, 1, 1, 0.35573438030526583, 0.3557523518379714]
delta=[0.0070288353910900265, 0.041614198054594681, 0.017800332733756953]

Score=0.957266706505
alpha=[0.07219304228491538, -0.07197536679411985, -0.013444000667569955]
beta=[1.5619422517732224, 1.5287782127679348, 1.6, 1.4070114051553197, 1.5816729116891357, 1.4]
gamma=[0.8204346131400578, 1, 1, 1, 0.35573438030526583, 0.3557523518379714]
delta=[0.0070288353910900265, -0.036364232932139903, 0.017800332733756953]

Score=0.951198323908
alpha=[0.07219304228491538, -0.07197536679411985, -0.013444000667569955]
beta=[1.5619422517732224, 1.5287782127679348, 1.6, 1.4070114051553197, 1.5816729116891357, 1.4]
gamma=[0.8204346131400578, 1, 1, 1, 0.35573438030526583, 0.3557523518379714]
delta=[0.006929203519446526, 0.034853754732874047, 0.018467024006482355]

Score=0.949949976314
alpha=[0.07219304228491538, -0.07197536679411985, -0.013444000667569955]
beta=[1.5619422517732224, 1.5287782127679348, 1.6, 1.4070114051553197, 1.5816729116891357, 1.4]
gamma=[0.8204346131400578, 1, 1, 1, 0.35573438030526583, 0.3557523518379714]
delta=[0.006929203519446526, 0.04118388961803765, 0.017800332733756953]

Score=0.950087594123
alpha=[0.07219304228491538, -0.07197536679411985, -0.013444000667569955]
beta=[1.5619422517732224, 1.5287782127679348, 1.6, 1.4070114051553197, 1.5816729116891357, 1.4]
gamma=[0.8204346131400578, 1, 1, 1, 0.35573438030526583, 0.3557523518379714]
delta=[0.006944235224296289, -0.036364232932139903, 0.017800332733756953]

Score=0.952572144875
alpha=[0.07219304228491538, -0.07197536679411985, -0.013444000667569955]
beta=[1.5619422517732224, 1.5287782127679348, 1.6, 1.4070114051553197, 1.5816729116891357, 1.4]
gamma=[0.8204346131400578, 1, 1, 1, 0.35573438030526583, 0.3557523518379714]
delta=[0.0070288353910900265, -0.036364232932139903, 0.017800332733756953]

Score=0.950236664467
alpha=[0.07219304228491538, -0.07197536679411985, -0.013444000667569955]
beta=[1.5619422517732224, 1.5287782127679348, 1.6, 1.4070114051553197, 1.5816729116891357, 1.4]
gamma=[0.8204346131400578, 1, 1, 1, 0.35573438030526583, 0.3557523518379714]
delta=[0.0069760305058192392, 0.034853754732874047, 0.017800332733756953]

Score=0.951853719124
alpha=[0.07219304228491538, -0.07197536679411985, -0.013444000667569955]
beta=[1.5619422517732224, 1.5287782127679348, 1.6, 1.4070114051553197, 1.5816729116891357, 1.4]
gamma=[0.8204346131400578, 1, 1, 1, 0.35573438030526583, 0.3557523518379714]
delta=[0.0076693132533547387, -0.036364232932139903, 0.017506401765912692]

Score=0.960024819932
alpha=[0.07219304228491538, -0.07197536679411985, -0.013444000667569955]
beta=[1.5619422517732224, 1.5287782127679348, 1.6, 1.4070114051553197, 1.5816729116891357, 1.4]
gamma=[0.8204346131400578, 1, 1, 1, 0.35573438030526583, 0.3557523518379714]
delta=[0.0076693132533547387, -0.036364232932139903, 0.017506401765912692]

Score=0.953747499637
alpha=[0.07219304228491538, -0.07197536679411985, -0.013444000667569955]
beta=[1.5619422517732224, 1.5287782127679348, 1.6, 1.4070114051553197, 1.5816729116891357, 1.4]
gamma=[0.8204346131400578, 1, 1, 1, 0.35573438030526583, 0.3557523518379714]
delta=[0.006929203519446526, 0.04118388961803765, 0.017800332733756953]

Score=0.9505586476
alpha=[0.07219304228491538, -0.07197536679411985, -0.013444000667569955]
beta=[1.5619422517732224, 1.5287782127679348, 1.6, 1.4070114051553197, 1.5816729116891357, 1.4]
gamma=[0.8204346131400578, 1, 1, 1, 0.35573438030526583, 0.3557523518379714]
delta=[0.006929203519446526, -0.036364232932139903, 0.017800332733756953]

Score=0.959775700943
alpha=[0.07219304228491538, -0.07197536679411985, -0.013444000667569955]
beta=[1.5619422517732224, 1.5287782127679348, 1.6, 1.4070114051553197, 1.5816729116891357, 1.4]
gamma=[0.8204346131400578, 1, 1, 1, 0.35573438030526583, 0.3557523518379714]
delta=[0.006929203519446526, -0.036364232932139903, 0.017800332733756953]

Score=0.958870525788
alpha=[0.07219304228491538, -0.07197536679411985, -0.013444000667569955]
beta=[1.5619422517732224, 1.5287782127679348, 1.6, 1.4070114051553197, 1.5816729116891357, 1.4]
gamma=[0.8204346131400578, 1, 1, 1, 0.35573438030526583, 0.3557523518379714]
delta=[0.0070288353910900265, 0.034853754732874047, 0.017530280960460793]

Score=0.956763252594
alpha=[0.07219304228491538, -0.07197536679411985, -0.013444000667569955]
beta=[1.5619422517732224, 1.5287782127679348, 1.6, 1.4070114051553197, 1.5816729116891357, 1.4]
gamma=[0.8204346131400578, 1, 1, 1, 0.35573438030526583, 0.3557523518379714]
delta=[0.0069760305058192392, -0.036364232932139903, 0.017800332733756953]

Score=0.947687444954
alpha=[0.07219304228491538, -0.07197536679411985, -0.013444000667569955]
beta=[1.5619422517732224, 1.5287782127679348, 1.6, 1.4070114051553197, 1.5816729116891357, 1.4]
gamma=[0.8204346131400578, 1, 1, 1, 0.35573438030526583, 0.3557523518379714]
delta=[0.006944235224296289, 0.04118388961803765, 0.017800332733756953]

Score=0.949116934539
alpha=[0.07219304228491538, -0.07197536679411985, -0.013444000667569955]
beta=[1.5619422517732224, 1.5287782127679348, 1.6, 1.4070114051553197, 1.5816729116891357, 1.4]
gamma=[0.8204346131400578, 1, 1, 1, 0.35573438030526583, 0.3557523518379714]
delta=[0.006929203519446526, 0.04118388961803765, 0.017800332733756953]

Score=0.945501963605
alpha=[0.07219304228491538, -0.07197536679411985, -0.013444000667569955]
beta=[1.5619422517732224, 1.5287782127679348, 1.6, 1.4070114051553197, 1.5816729116891357, 1.4]
gamma=[0.8204346131400578, 1, 1, 1, 0.35573438030526583, 0.3557523518379714]
delta=[0.0069760305058192392, 0.034853754732874047, 0.017800332733756953]

Score=0.949909367412
alpha=[0.07219304228491538, -0.07197536679411985, -0.013444000667569955]
beta=[1.5619422517732224, 1.5287782127679348, 1.6, 1.4070114051553197, 1.5816729116891357, 1.4]
gamma=[0.8204346131400578, 1, 1, 1, 0.35573438030526583, 0.3557523518379714]
delta=[0.0070288353910900265, -0.036364232932139903, 0.017530280960460793]

Score=0.95398669246
alpha=[0.07219304228491538, -0.07197536679411985, -0.013444000667569955]
beta=[1.5619422517732224, 1.5287782127679348, 1.6, 1.4070114051553197, 1.5816729116891357, 1.4]
gamma=[0.8204346131400578, 1, 1, 1, 0.35573438030526583, 0.3557523518379714]
delta=[0.0070288353910900265, -0.040135079979774113, 0.017530280960460793]

Score=0.954404367877
alpha=[0.07219304228491538, -0.07197536679411985, -0.013444000667569955]
beta=[1.5619422517732224, 1.5287782127679348, 1.6, 1.4070114051553197, 1.5816729116891357, 1.4]
gamma=[0.8204346131400578, 1, 1, 1, 0.35573438030526583, 0.3557523518379714]
delta=[0.006929203519446526, -0.036364232932139903, 0.017530280960460793]

Score=0.955669760261
alpha=[0.07219304228491538, -0.07197536679411985, -0.013444000667569955]
beta=[1.5619422517732224, 1.5287782127679348, 1.6, 1.4070114051553197, 1.5816729116891357, 1.4]
gamma=[0.8204346131400578, 1, 1, 1, 0.35573438030526583, 0.3557523518379714]
delta=[0.006929203519446526, -0.036364232932139903, 0.017530280960460793]

Score=0.955439893584
alpha=[0.07219304228491538, -0.07197536679411985, -0.013444000667569955]
beta=[1.5619422517732224, 1.5287782127679348, 1.6, 1.4070114051553197, 1.5816729116891357, 1.4]
gamma=[0.8204346131400578, 1, 1, 1, 0.35573438030526583, 0.3557523518379714]
delta=[0.006929203519446526, -0.036364232932139903, 0.016774992740366795]

Score=0.953302955535
alpha=[0.07219304228491538, -0.07197536679411985, -0.013444000667569955]
beta=[1.5619422517732224, 1.5287782127679348, 1.6, 1.4070114051553197, 1.5816729116891357, 1.4]
gamma=[0.8204346131400578, 1, 1, 1, 0.35573438030526583, 0.3557523518379714]
delta=[0.006929203519446526, -0.036364232932139903, 0.016774992740366795]

Score=0.952323769711
alpha=[0.07219304228491538, -0.07197536679411985, -0.013444000667569955]
beta=[1.5619422517732224, 1.5287782127679348, 1.6, 1.4070114051553197, 1.5816729116891357, 1.4]
gamma=[0.8204346131400578, 1, 1, 1, 0.35573438030526583, 0.3557523518379714]
delta=[0.006944235224296289, 0.04118388961803765, 0.017800332733756953]

Score=0.949605882757
alpha=[0.07219304228491538, -0.07197536679411985, -0.013444000667569955]
beta=[1.5619422517732224, 1.5287782127679348, 1.6, 1.4070114051553197, 1.5816729116891357, 1.4]
gamma=[0.8204346131400578, 1, 1, 1, 0.35573438030526583, 0.3557523518379714]
delta=[0.0074762192213396351, -0.036364232932139903, 0.017800332733756953]

Score=0.949301438461
alpha=[0.07219304228491538, -0.07197536679411985, -0.013444000667569955]
beta=[1.5619422517732224, 1.5287782127679348, 1.6, 1.4070114051553197, 1.5816729116891357, 1.4]
gamma=[0.8204346131400578, 1, 1, 1, 0.35573438030526583, 0.3557523518379714]
delta=[0.006944235224296289, -0.036364232932139903, 0.017800332733756953]

Score=0.954268470679
alpha=[0.07219304228491538, -0.07197536679411985, -0.013444000667569955]
beta=[1.5619422517732224, 1.5287782127679348, 1.6, 1.4070114051553197, 1.5816729116891357, 1.4]
gamma=[0.8204346131400578, 1, 1, 1, 0.35573438030526583, 0.3557523518379714]
delta=[0.0070288353910900265, -0.036364232932139903, 0.017506401765912692]

Score=0.949715558536
alpha=[0.07219304228491538, -0.07197536679411985, -0.013444000667569955]
beta=[1.5619422517732224, 1.5287782127679348, 1.6, 1.4070114051553197, 1.5816729116891357, 1.4]
gamma=[0.8204346131400578, 1, 1, 1, 0.35573438030526583, 0.3557523518379714]
delta=[0.006944235224296289, 0.04118388961803765, 0.018426949425114962]

Score=0.945621257228
alpha=[0.07219304228491538, -0.07197536679411985, -0.013444000667569955]
beta=[1.5619422517732224, 1.5287782127679348, 1.6, 1.4070114051553197, 1.5816729116891357, 1.4]
gamma=[0.8204346131400578, 1, 1, 1, 0.35573438030526583, 0.3557523518379714]
delta=[0.006944235224296289, 0.04118388961803765, 0.018127406190902692]

Score=0.956759920292
alpha=[0.07219304228491538, -0.07197536679411985, -0.013444000667569955]
beta=[1.5619422517732224, 1.5287782127679348, 1.6, 1.4070114051553197, 1.5816729116891357, 1.4]
gamma=[0.8204346131400578, 1, 1, 1, 0.35573438030526583, 0.3557523518379714]
delta=[0.006944235224296289, -0.036364232932139903, 0.017506401765912692]

Score=0.948027302517
alpha=[0.07219304228491538, -0.07197536679411985, -0.013444000667569955]
beta=[1.5619422517732224, 1.5287782127679348, 1.6, 1.4070114051553197, 1.5816729116891357, 1.4]
gamma=[0.8204346131400578, 1, 1, 1, 0.35573438030526583, 0.3557523518379714]
delta=[0.0076693132533547387, -0.036364232932139903, 0.017506401765912692]

Score=0.956246841674
alpha=[0.07219304228491538, -0.07197536679411985, -0.013444000667569955]
beta=[1.5619422517732224, 1.5287782127679348, 1.6, 1.4070114051553197, 1.5816729116891357, 1.4]
gamma=[0.8204346131400578, 1, 1, 1, 0.35573438030526583, 0.3557523518379714]
delta=[0.006944235224296289, -0.036364232932139903, 0.017800332733756953]

Score=0.956793647006
alpha=[0.07219304228491538, -0.07197536679411985, -0.013444000667569955]
beta=[1.5619422517732224, 1.5287782127679348, 1.6, 1.4070114051553197, 1.5816729116891357, 1.4]
gamma=[0.8204346131400578, 1, 1, 1, 0.35573438030526583, 0.3557523518379714]
delta=[0.006944235224296289, -0.036364232932139903, 0.017800332733756953]

Score=0.950369274966
alpha=[0.07219304228491538, -0.07197536679411985, -0.013444000667569955]
beta=[1.5619422517732224, 1.5287782127679348, 1.6, 1.4070114051553197, 1.5816729116891357, 1.4]
gamma=[0.8204346131400578, 1, 1, 1, 0.35573438030526583, 0.3557523518379714]
delta=[0.006944235224296289, -0.036364232932139903, 0.017506401765912692]

Score=0.955514616657
alpha=[0.07219304228491538, -0.07197536679411985, -0.013444000667569955]
beta=[1.5619422517732224, 1.5287782127679348, 1.6, 1.4070114051553197, 1.5816729116891357, 1.4]
gamma=[0.8204346131400578, 1, 1, 1, 0.35573438030526583, 0.3557523518379714]
delta=[0.0076693132533547387, -0.037613932827559732, 0.017506401765912692]

Score=0.950561551429
alpha=[0.07219304228491538, -0.07197536679411985, -0.013444000667569955]
beta=[1.5619422517732224, 1.5287782127679348, 1.6, 1.4070114051553197, 1.5816729116891357, 1.4]
gamma=[0.8204346131400578, 1, 1, 1, 0.35573438030526583, 0.3557523518379714]
delta=[0.0064709090831329748, -0.036364232932139903, 0.017800332733756953]

Score=0.947587391648
alpha=[0.07219304228491538, -0.07197536679411985, -0.013444000667569955]
beta=[1.5619422517732224, 1.5287782127679348, 1.6, 1.4070114051553197, 1.5816729116891357, 1.4]
gamma=[0.8204346131400578, 1, 1, 1, 0.35573438030526583, 0.3557523518379714]
delta=[0.006944235224296289, -0.036364232932139903, 0.017506401765912692]

Score=0.957049652888
alpha=[0.07219304228491538, -0.07197536679411985, -0.013444000667569955]
beta=[1.5619422517732224, 1.5287782127679348, 1.6, 1.4070114051553197, 1.5816729116891357, 1.4]
gamma=[0.8204346131400578, 1, 1, 1, 0.35573438030526583, 0.3557523518379714]
delta=[0.0070288353910900265, -0.036364232932139903, 0.017506401765912692]

Score=0.950723669388
alpha=[0.07219304228491538, -0.07197536679411985, -0.013444000667569955]
beta=[1.5619422517732224, 1.5287782127679348, 1.6, 1.4070114051553197, 1.5816729116891357, 1.4]
gamma=[0.8204346131400578, 1, 1, 1, 0.35573438030526583, 0.3557523518379714]
delta=[0.0076693132533547387, -0.036364232932139903, 0.017506401765912692]

Score=0.959761045705
alpha=[0.07219304228491538, -0.07197536679411985, -0.013444000667569955]
beta=[1.5619422517732224, 1.5287782127679348, 1.6, 1.4070114051553197, 1.5816729116891357, 1.4]
gamma=[0.8204346131400578, 1, 1, 1, 0.35573438030526583, 0.3557523518379714]
delta=[0.0070288353910900265, -0.036364232932139903, 0.017506401765912692]

Score=0.953776019065
alpha=[0.07219304228491538, -0.07197536679411985, -0.013444000667569955]
beta=[1.5619422517732224, 1.5287782127679348, 1.6, 1.4070114051553197, 1.5816729116891357, 1.4]
gamma=[0.8204346131400578, 1, 1, 1, 0.35573438030526583, 0.3557523518379714]
delta=[0.006929203519446526, -0.040135079979774113, 0.017506401765912692]

Score=0.950364126857
alpha=[0.07219304228491538, -0.07197536679411985, -0.013444000667569955]
beta=[1.5619422517732224, 1.5287782127679348, 1.6, 1.4070114051553197, 1.5816729116891357, 1.4]
gamma=[0.8204346131400578, 1, 1, 1, 0.35573438030526583, 0.3557523518379714]
delta=[0.0076693132533547387, -0.036364232932139903, 0.017506401765912692]

Score=0.953519687935
alpha=[0.07219304228491538, -0.07197536679411985, -0.013444000667569955]
beta=[1.5619422517732224, 1.5287782127679348, 1.6, 1.4070114051553197, 1.5816729116891357, 1.4]
gamma=[0.8204346131400578, 1, 1, 1, 0.35573438030526583, 0.3557523518379714]
delta=[0.006944235224296289, -0.036364232932139903, 0.017800332733756953]

Score=0.953911162548
alpha=[0.07219304228491538, -0.07197536679411985, -0.013444000667569955]
beta=[1.5619422517732224, 1.5287782127679348, 1.6, 1.4070114051553197, 1.5816729116891357, 1.4]
gamma=[0.8204346131400578, 1, 1, 1, 0.35573438030526583, 0.3557523518379714]
delta=[0.0076693132533547387, -0.036364232932139903, 0.017506401765912692]

Score=0.950072255554
alpha=[0.07219304228491538, -0.07197536679411985, -0.013444000667569955]
beta=[1.5619422517732224, 1.5287782127679348, 1.6, 1.4070114051553197, 1.5816729116891357, 1.4]
gamma=[0.8204346131400578, 1, 1, 1, 0.35573438030526583, 0.3557523518379714]
delta=[0.006944235224296289, -0.036364232932139903, 0.017800332733756953]

Score=0.952994285264
alpha=[0.07219304228491538, -0.07197536679411985, -0.013444000667569955]
beta=[1.5619422517732224, 1.5287782127679348, 1.6, 1.4070114051553197, 1.5816729116891357, 1.4]
gamma=[0.8204346131400578, 1, 1, 1, 0.35573438030526583, 0.3557523518379714]
delta=[0.0076693132533547387, -0.036364232932139903, 0.017506401765912692]

Score=0.957721586334
alpha=[0.07219304228491538, -0.07197536679411985, -0.013444000667569955]
beta=[1.5619422517732224, 1.5287782127679348, 1.6, 1.4070114051553197, 1.5816729116891357, 1.4]
gamma=[0.8204346131400578, 1, 1, 1, 0.35573438030526583, 0.3557523518379714]
delta=[0.006929203519446526, -0.040135079979774113, 0.018263925146898244]

Score=0.950110659389
alpha=[0.07219304228491538, -0.07197536679411985, -0.013444000667569955]
beta=[1.5619422517732224, 1.5287782127679348, 1.6, 1.4070114051553197, 1.5816729116891357, 1.4]
gamma=[0.8204346131400578, 1, 1, 1, 0.35573438030526583, 0.3557523518379714]
delta=[0.006944235224296289, -0.036364232932139903, 0.017800332733756953]

Score=0.948580004075
alpha=[0.07219304228491538, -0.07197536679411985, -0.013444000667569955]
beta=[1.5619422517732224, 1.5287782127679348, 1.6, 1.4070114051553197, 1.5816729116891357, 1.4]
gamma=[0.8204346131400578, 1, 1, 1, 0.35573438030526583, 0.3557523518379714]
delta=[0.0069591216367678324, -0.036364232932139903, 0.018263925146898244]

Score=0.950088817533
alpha=[0.07219304228491538, -0.07197536679411985, -0.013444000667569955]
beta=[1.5619422517732224, 1.5287782127679348, 1.6, 1.4070114051553197, 1.5816729116891357, 1.4]
gamma=[0.8204346131400578, 1, 1, 1, 0.35573438030526583, 0.3557523518379714]
delta=[0.006944235224296289, -0.040135079979774113, 0.017800332733756953]

Score=0.953798555221
alpha=[0.07219304228491538, -0.07197536679411985, -0.013444000667569955]
beta=[1.5619422517732224, 1.5287782127679348, 1.6, 1.4070114051553197, 1.5816729116891357, 1.4]
gamma=[0.8204346131400578, 1, 1, 1, 0.35573438030526583, 0.3557523518379714]
delta=[0.006944235224296289, -0.040173093261784996, 0.017506401765912692]

Score=0.956247850438
alpha=[0.07219304228491538, -0.07197536679411985, -0.013444000667569955]
beta=[1.5619422517732224, 1.5287782127679348, 1.6, 1.4070114051553197, 1.5816729116891357, 1.4]
gamma=[0.8204346131400578, 1, 1, 1, 0.35573438030526583, 0.3557523518379714]
delta=[0.0070288353910900265, -0.036364232932139903, 0.017800332733756953]

Score=0.955299730874
alpha=[0.07219304228491538, -0.07197536679411985, -0.013444000667569955]
beta=[1.5619422517732224, 1.5287782127679348, 1.6, 1.4070114051553197, 1.5816729116891357, 1.4]
gamma=[0.8204346131400578, 1, 1, 1, 0.35573438030526583, 0.3557523518379714]
delta=[0.006929203519446526, -0.040135079979774113, 0.018263925146898244]

Score=0.962561096032
alpha=[0.07219304228491538, -0.07197536679411985, -0.013444000667569955]
beta=[1.5619422517732224, 1.5287782127679348, 1.6, 1.4070114051553197, 1.5816729116891357, 1.4]
gamma=[0.8204346131400578, 1, 1, 1, 0.35573438030526583, 0.3557523518379714]
delta=[0.0068473315079438544, -0.036364232932139903, 0.017800332733756953]

Score=0.952601630899
alpha=[0.07219304228491538, -0.07197536679411985, -0.013444000667569955]
beta=[1.5619422517732224, 1.5287782127679348, 1.6, 1.4070114051553197, 1.5816729116891357, 1.4]
gamma=[0.8204346131400578, 1, 1, 1, 0.35573438030526583, 0.3557523518379714]
delta=[0.006929203519446526, -0.040135079979774113, 0.018263925146898244]

Score=0.956238460597
alpha=[0.07219304228491538, -0.07197536679411985, -0.013444000667569955]
beta=[1.5619422517732224, 1.5287782127679348, 1.6, 1.4070114051553197, 1.5816729116891357, 1.4]
gamma=[0.8204346131400578, 1, 1, 1, 0.35573438030526583, 0.3557523518379714]
delta=[0.006944235224296289, -0.036364232932139903, 0.017800332733756953]

Score=0.94991863403
alpha=[0.07219304228491538, -0.07197536679411985, -0.013444000667569955]
beta=[1.5619422517732224, 1.5287782127679348, 1.6, 1.4070114051553197, 1.5816729116891357, 1.4]
gamma=[0.8204346131400578, 1, 1, 1, 0.35573438030526583, 0.3557523518379714]
delta=[0.006944235224296289, -0.036364232932139903, 0.017800332733756953]

Score=0.956381964621
alpha=[0.07219304228491538, -0.07197536679411985, -0.013444000667569955]
beta=[1.5619422517732224, 1.5287782127679348, 1.6, 1.4070114051553197, 1.5816729116891357, 1.4]
gamma=[0.8204346131400578, 1, 1, 1, 0.35573438030526583, 0.3557523518379714]
delta=[0.006944235224296289, -0.036364232932139903, 0.017800332733756953]

Score=0.952584019406
alpha=[0.07219304228491538, -0.07197536679411985, -0.013444000667569955]
beta=[1.5619422517732224, 1.5287782127679348, 1.6, 1.4070114051553197, 1.5816729116891357, 1.4]
gamma=[0.8204346131400578, 1, 1, 1, 0.35573438030526583, 0.3557523518379714]
delta=[0.006929203519446526, -0.040135079979774113, 0.018263925146898244]

Score=0.947151540936
alpha=[0.07219304228491538, -0.07197536679411985, -0.013444000667569955]
beta=[1.5619422517732224, 1.5287782127679348, 1.6, 1.4070114051553197, 1.5816729116891357, 1.4]
gamma=[0.8204346131400578, 1, 1, 1, 0.35573438030526583, 0.3557523518379714]
delta=[0.006944235224296289, -0.040135079979774113, 0.017800332733756953]

Score=0.956690344194
alpha=[0.07219304228491538, -0.07197536679411985, -0.013444000667569955]
beta=[1.5619422517732224, 1.5287782127679348, 1.6, 1.4070114051553197, 1.5816729116891357, 1.4]
gamma=[0.8204346131400578, 1, 1, 1, 0.35573438030526583, 0.3557523518379714]
delta=[0.006944235224296289, -0.040135079979774113, 0.017800332733756953]

Score=0.949672972347
alpha=[0.07219304228491538, -0.07197536679411985, -0.013444000667569955]
beta=[1.5619422517732224, 1.5287782127679348, 1.6, 1.4070114051553197, 1.5816729116891357, 1.4]
gamma=[0.8204346131400578, 1, 1, 1, 0.35573438030526583, 0.3557523518379714]
delta=[-0.007044285387590399, -0.034510729163466439, 0.018957505064008486]

Score=0.955319429575
alpha=[0.07219304228491538, -0.07197536679411985, -0.013444000667569955]
beta=[1.5619422517732224, 1.5287782127679348, 1.6, 1.4070114051553197, 1.5816729116891357, 1.4]
gamma=[0.8204346131400578, 1, 1, 1, 0.35573438030526583, 0.3557523518379714]
delta=[0.006944235224296289, -0.035704205389358305, 0.017800332733756953]

Score=0.95632909986
alpha=[0.07219304228491538, -0.07197536679411985, -0.013444000667569955]
beta=[1.5619422517732224, 1.5287782127679348, 1.6, 1.4070114051553197, 1.5816729116891357, 1.4]
gamma=[0.8204346131400578, 1, 1, 1, 0.35573438030526583, 0.3557523518379714]
delta=[-0.007044285387590399, -0.036364232932139903, 0.017506401765912692]

Score=0.95945725344
alpha=[0.07219304228491538, -0.07197536679411985, -0.013444000667569955]
beta=[1.5619422517732224, 1.5287782127679348, 1.6, 1.4070114051553197, 1.5816729116891357, 1.4]
gamma=[0.8204346131400578, 1, 1, 1, 0.35573438030526583, 0.3557523518379714]
delta=[0.006944235224296289, -0.040135079979774113, 0.017800332733756953]

Score=0.953999322235
alpha=[0.07219304228491538, -0.07197536679411985, -0.013444000667569955]
beta=[1.5619422517732224, 1.5287782127679348, 1.6, 1.4070114051553197, 1.5816729116891357, 1.4]
gamma=[0.8204346131400578, 1, 1, 1, 0.35573438030526583, 0.3557523518379714]
delta=[0.006944235224296289, -0.040135079979774113, 0.016382326596557199]

Score=0.947247302161
alpha=[0.07219304228491538, -0.07197536679411985, -0.013444000667569955]
beta=[1.5619422517732224, 1.5287782127679348, 1.6, 1.4070114051553197, 1.5816729116891357, 1.4]
gamma=[0.8204346131400578, 1, 1, 1, 0.35573438030526583, 0.3557523518379714]
delta=[0.0056794521055569258, -0.040135079979774113, 0.017800332733756953]

Score=0.947936323022
alpha=[0.07219304228491538, -0.07197536679411985, -0.013444000667569955]
beta=[1.5619422517732224, 1.5287782127679348, 1.6, 1.4070114051553197, 1.5816729116891357, 1.4]
gamma=[0.8204346131400578, 1, 1, 1, 0.35573438030526583, 0.3557523518379714]
delta=[-0.007044285387590399, -0.040135079979774113, 0.017800332733756953]

Score=0.94456589972
alpha=[0.07219304228491538, -0.07197536679411985, -0.013444000667569955]
beta=[1.5619422517732224, 1.5287782127679348, 1.6, 1.4070114051553197, 1.5816729116891357, 1.4]
gamma=[0.8204346131400578, 1, 1, 1, 0.35573438030526583, 0.3557523518379714]
delta=[-0.007044285387590399, -0.040135079979774113, 0.019234993672175963]

Score=0.953765451953
alpha=[0.07219304228491538, -0.07197536679411985, -0.013444000667569955]
beta=[1.5619422517732224, 1.5287782127679348, 1.6, 1.4070114051553197, 1.5816729116891357, 1.4]
gamma=[0.8204346131400578, 1, 1, 1, 0.35573438030526583, 0.3557523518379714]
delta=[0.0065758773721494935, -0.040135079979774113, 0.017800332733756953]

Score=0.957170278353
alpha=[0.07219304228491538, -0.07197536679411985, -0.013444000667569955]
beta=[1.5619422517732224, 1.5287782127679348, 1.6, 1.4070114051553197, 1.5816729116891357, 1.4]
gamma=[0.8204346131400578, 1, 1, 1, 0.35573438030526583, 0.3557523518379714]
delta=[0.0070288353910900265, -0.033131922617535087, 0.019234993672175963]

Score=0.949650345941
alpha=[0.07219304228491538, -0.07197536679411985, -0.013444000667569955]
beta=[1.5619422517732224, 1.5287782127679348, 1.6, 1.4070114051553197, 1.5816729116891357, 1.4]
gamma=[0.8204346131400578, 1, 1, 1, 0.35573438030526583, 0.3557523518379714]
delta=[0.0070288353910900265, -0.040135079979774113, 0.017800332733756953]

Score=0.95732884821
alpha=[0.07219304228491538, -0.07197536679411985, -0.013444000667569955]
beta=[1.5619422517732224, 1.5287782127679348, 1.6, 1.4070114051553197, 1.5816729116891357, 1.4]
gamma=[0.8204346131400578, 1, 1, 1, 0.35573438030526583, 0.3557523518379714]
delta=[-0.007044285387590399, -0.040135079979774113, 0.017800332733756953]

Score=0.951505063791
alpha=[0.07219304228491538, -0.07197536679411985, -0.013444000667569955]
beta=[1.5619422517732224, 1.5287782127679348, 1.6, 1.4070114051553197, 1.5816729116891357, 1.4]
gamma=[0.8204346131400578, 1, 1, 1, 0.35573438030526583, 0.3557523518379714]
delta=[-0.007044285387590399, -0.040135079979774113, 0.017800332733756953]

Score=0.960234917405
alpha=[0.07219304228491538, -0.07197536679411985, -0.013444000667569955]
beta=[1.5619422517732224, 1.5287782127679348, 1.6, 1.4070114051553197, 1.5816729116891357, 1.4]
gamma=[0.8204346131400578, 1, 1, 1, 0.35573438030526583, 0.3557523518379714]
delta=[-0.007044285387590399, -0.040135079979774113, 0.017800332733756953]

Score=0.954707578766
alpha=[0.07219304228491538, -0.07197536679411985, -0.013444000667569955]
beta=[1.5619422517732224, 1.5287782127679348, 1.6, 1.4070114051553197, 1.5816729116891357, 1.4]
gamma=[0.8204346131400578, 1, 1, 1, 0.35573438030526583, 0.3557523518379714]
delta=[0.0070288353910900265, -0.040135079979774113, 0.017300692942500209]

Score=0.947858420016
alpha=[0.07219304228491538, -0.07197536679411985, -0.013444000667569955]
beta=[1.5619422517732224, 1.5287782127679348, 1.6, 1.4070114051553197, 1.5816729116891357, 1.4]
gamma=[0.8204346131400578, 1, 1, 1, 0.35573438030526583, 0.3557523518379714]
delta=[-0.007044285387590399, -0.040135079979774113, 0.017800332733756953]

Score=0.957558990004
alpha=[0.07219304228491538, -0.07197536679411985, -0.013444000667569955]
beta=[1.5619422517732224, 1.5287782127679348, 1.6, 1.4070114051553197, 1.5816729116891357, 1.4]
gamma=[0.8204346131400578, 1, 1, 1, 0.35573438030526583, 0.3557523518379714]
delta=[0.0074081884893630852, -0.040135079979774113, 0.015122247782486704]

Score=0.952144040004
alpha=[0.07219304228491538, -0.07197536679411985, -0.013444000667569955]
beta=[1.5619422517732224, 1.5287782127679348, 1.6, 1.4070114051553197, 1.5816729116891357, 1.4]
gamma=[0.8204346131400578, 1, 1, 1, 0.35573438030526583, 0.3557523518379714]
delta=[-0.007044285387590399, -0.040135079979774113, 0.017800332733756953]

Score=0.956030683366
alpha=[0.07219304228491538, -0.07197536679411985, -0.013444000667569955]
beta=[1.5619422517732224, 1.5287782127679348, 1.6, 1.4070114051553197, 1.5816729116891357, 1.4]
gamma=[0.8204346131400578, 1, 1, 1, 0.35573438030526583, 0.3557523518379714]
delta=[-0.007044285387590399, -0.040135079979774113, 0.019234993672175963]

Score=0.946592200634
alpha=[0.07219304228491538, -0.07197536679411985, -0.013444000667569955]
beta=[1.5619422517732224, 1.5287782127679348, 1.6, 1.4070114051553197, 1.5816729116891357, 1.4]
gamma=[0.8204346131400578, 1, 1, 1, 0.35573438030526583, 0.3557523518379714]
delta=[0.0074081884893630852, -0.036364232932139903, 0.017800332733756953]

Score=0.957071723848
alpha=[0.07219304228491538, -0.07197536679411985, -0.013444000667569955]
beta=[1.5619422517732224, 1.5287782127679348, 1.6, 1.4070114051553197, 1.5816729116891357, 1.4]
gamma=[0.8204346131400578, 1, 1, 1, 0.35573438030526583, 0.3557523518379714]
delta=[0.006944235224296289, -0.040135079979774113, 0.017800332733756953]

Score=0.95001445529
alpha=[0.07219304228491538, -0.07197536679411985, -0.013444000667569955]
beta=[1.5619422517732224, 1.5287782127679348, 1.6, 1.4070114051553197, 1.5816729116891357, 1.4]
gamma=[0.8204346131400578, 1, 1, 1, 0.35573438030526583, 0.3557523518379714]
delta=[0.0070288353910900265, -0.033131922617535087, 0.017800332733756953]

Score=0.962592152
alpha=[0.07219304228491538, -0.07197536679411985, -0.013444000667569955]
beta=[1.5619422517732224, 1.5287782127679348, 1.6, 1.4070114051553197, 1.5816729116891357, 1.4]
gamma=[0.8204346131400578, 1, 1, 1, 0.35573438030526583, 0.3557523518379714]
delta=[0.0074081884893630852, -0.040135079979774113, 0.015122247782486704]

Score=0.956796870339
alpha=[0.07219304228491538, -0.07197536679411985, -0.013444000667569955]
beta=[1.5619422517732224, 1.5287782127679348, 1.6, 1.4070114051553197, 1.5816729116891357, 1.4]
gamma=[0.8204346131400578, 1, 1, 1, 0.35573438030526583, 0.3557523518379714]
delta=[0.0070288353910900265, -0.040135079979774113, 0.015122247782486704]

Score=0.946009151297
alpha=[0.07219304228491538, -0.07197536679411985, -0.013444000667569955]
beta=[1.5619422517732224, 1.5287782127679348, 1.6, 1.4070114051553197, 1.5816729116891357, 1.4]
gamma=[0.8204346131400578, 1, 1, 1, 0.35573438030526583, 0.3557523518379714]
delta=[0.0070288353910900265, -0.040135079979774113, 0.019234993672175963]

Score=0.944962822978
alpha=[0.07219304228491538, -0.07197536679411985, -0.013444000667569955]
beta=[1.5619422517732224, 1.5287782127679348, 1.6, 1.4070114051553197, 1.5816729116891357, 1.4]
gamma=[0.8204346131400578, 1, 1, 1, 0.35573438030526583, 0.3557523518379714]
delta=[0.0070288353910900265, -0.038404574861768612, 0.019234993672175963]

Score=0.957533096863
alpha=[0.07219304228491538, -0.07197536679411985, -0.013444000667569955]
beta=[1.5619422517732224, 1.5287782127679348, 1.6, 1.4070114051553197, 1.5816729116891357, 1.4]
gamma=[0.8204346131400578, 1, 1, 1, 0.35573438030526583, 0.3557523518379714]
delta=[0.0070288353910900265, -0.040135079979774113, 0.017300692942500209]

Score=0.948341698347
alpha=[0.07219304228491538, -0.07197536679411985, -0.013444000667569955]
beta=[1.5619422517732224, 1.5287782127679348, 1.6, 1.4070114051553197, 1.5816729116891357, 1.4]
gamma=[0.8204346131400578, 1, 1, 1, 0.35573438030526583, 0.3557523518379714]
delta=[0.0070288353910900265, -0.036364232932139903, 0.017300692942500209]

Score=0.947557621753
alpha=[0.07219304228491538, -0.07197536679411985, -0.013444000667569955]
beta=[1.5619422517732224, 1.5287782127679348, 1.6, 1.4070114051553197, 1.5816729116891357, 1.4]
gamma=[0.8204346131400578, 1, 1, 1, 0.35573438030526583, 0.3557523518379714]
delta=[0.0070288353910900265, -0.040135079979774113, 0.019234993672175963]

Score=0.954097985504
alpha=[0.07219304228491538, -0.07197536679411985, -0.013444000667569955]
beta=[1.5619422517732224, 1.5287782127679348, 1.6, 1.4070114051553197, 1.5816729116891357, 1.4]
gamma=[0.8204346131400578, 1, 1, 1, 0.35573438030526583, 0.3557523518379714]
delta=[-0.0074057449298212024, -0.033131922617535087, 0.019234993672175963]

Score=0.949887208173
alpha=[0.07219304228491538, -0.07197536679411985, -0.013444000667569955]
beta=[1.5619422517732224, 1.5287782127679348, 1.6, 1.4070114051553197, 1.5816729116891357, 1.4]
gamma=[0.8204346131400578, 1, 1, 1, 0.35573438030526583, 0.3557523518379714]
delta=[0.0070288353910900265, -0.040135079979774113, 0.019234993672175963]

Score=0.962193102384
alpha=[0.07219304228491538, -0.07197536679411985, -0.013444000667569955]
beta=[1.5619422517732224, 1.5287782127679348, 1.6, 1.4070114051553197, 1.5816729116891357, 1.4]
gamma=[0.8204346131400578, 1, 1, 1, 0.35573438030526583, 0.3557523518379714]
delta=[0.0070288353910900265, -0.036364232932139903, 0.015122247782486704]

Score=0.950091007728
alpha=[0.07219304228491538, -0.07197536679411985, -0.013444000667569955]
beta=[1.5619422517732224, 1.5287782127679348, 1.6, 1.4070114051553197, 1.5816729116891357, 1.4]
gamma=[0.8204346131400578, 1, 1, 1, 0.35573438030526583, 0.3557523518379714]
delta=[0.0070288353910900265, -0.038404574861768612, 0.017800332733756953]

Score=0.945919902789
alpha=[0.07219304228491538, -0.07197536679411985, -0.013444000667569955]
beta=[1.5619422517732224, 1.5287782127679348, 1.6, 1.4070114051553197, 1.5816729116891357, 1.4]
gamma=[0.8204346131400578, 1, 1, 1, 0.35573438030526583, 0.3557523518379714]
delta=[0.0070288353910900265, -0.040135079979774113, 0.019234993672175963]

Score=0.952092677175
alpha=[0.07219304228491538, -0.07197536679411985, -0.013444000667569955]
beta=[1.5619422517732224, 1.5287782127679348, 1.6, 1.4070114051553197, 1.5816729116891357, 1.4]
gamma=[0.8204346131400578, 1, 1, 1, 0.35573438030526583, 0.3557523518379714]
delta=[0.0070288353910900265, -0.036364232932139903, 0.017300692942500209]

Score=0.956576554821
alpha=[0.07219304228491538, -0.07197536679411985, -0.013444000667569955]
beta=[1.5619422517732224, 1.5287782127679348, 1.6, 1.4070114051553197, 1.5816729116891357, 1.4]
gamma=[0.8204346131400578, 1, 1, 1, 0.35573438030526583, 0.3557523518379714]
delta=[0.0070288353910900265, -0.036364232932139903, 0.017300692942500209]

Score=0.956472813152
alpha=[0.07219304228491538, -0.07197536679411985, -0.013444000667569955]
beta=[1.5619422517732224, 1.5287782127679348, 1.6, 1.4070114051553197, 1.5816729116891357, 1.4]
gamma=[0.8204346131400578, 1, 1, 1, 0.35573438030526583, 0.3557523518379714]
delta=[0.0070288353910900265, -0.040135079979774113, 0.017300692942500209]

Score=0.959184058503
alpha=[0.07219304228491538, -0.07197536679411985, -0.013444000667569955]
beta=[1.5619422517732224, 1.5287782127679348, 1.6, 1.4070114051553197, 1.5816729116891357, 1.4]
gamma=[0.8204346131400578, 1, 1, 1, 0.35573438030526583, 0.3557523518379714]
delta=[0.0070288353910900265, -0.036364232932139903, 0.017300692942500209]

Score=0.950391827699
alpha=[0.07219304228491538, -0.07197536679411985, -0.013444000667569955]
beta=[1.5619422517732224, 1.5287782127679348, 1.6, 1.4070114051553197, 1.5816729116891357, 1.4]
gamma=[0.8204346131400578, 1, 1, 1, 0.35573438030526583, 0.3557523518379714]
delta=[0.0070288353910900265, -0.036364232932139903, 0.017800332733756953]

Score=0.949487538482
alpha=[0.07219304228491538, -0.07197536679411985, -0.013444000667569955]
beta=[1.5619422517732224, 1.5287782127679348, 1.6, 1.4070114051553197, 1.5816729116891357, 1.4]
gamma=[0.8204346131400578, 1, 1, 1, 0.35573438030526583, 0.3557523518379714]
delta=[0.0070288353910900265, -0.036364232932139903, 0.017800332733756953]

Score=0.954527444521
alpha=[0.07219304228491538, -0.07197536679411985, -0.013444000667569955]
beta=[1.5619422517732224, 1.5287782127679348, 1.6, 1.4070114051553197, 1.5816729116891357, 1.4]
gamma=[0.8204346131400578, 1, 1, 1, 0.35573438030526583, 0.3557523518379714]
delta=[0.0070288353910900265, -0.040135079979774113, 0.017300692942500209]

Score=0.948896614574
alpha=[0.07219304228491538, -0.07197536679411985, -0.013444000667569955]
beta=[1.5619422517732224, 1.5287782127679348, 1.6, 1.4070114051553197, 1.5816729116891357, 1.4]
gamma=[0.8204346131400578, 1, 1, 1, 0.35573438030526583, 0.3557523518379714]
delta=[0.0070288353910900265, -0.040135079979774113, 0.017300692942500209]

Score=0.951403514583
alpha=[0.07219304228491538, -0.07197536679411985, -0.013444000667569955]
beta=[1.5619422517732224, 1.5287782127679348, 1.6, 1.4070114051553197, 1.5816729116891357, 1.4]
gamma=[0.8204346131400578, 1, 1, 1, 0.35573438030526583, 0.3557523518379714]
delta=[0.0070288353910900265, -0.036364232932139903, 0.017300692942500209]

Score=0.953326136143
alpha=[0.07219304228491538, -0.07197536679411985, -0.013444000667569955]
beta=[1.5619422517732224, 1.5287782127679348, 1.6, 1.4070114051553197, 1.5816729116891357, 1.4]
gamma=[0.8204346131400578, 1, 1, 1, 0.35573438030526583, 0.3557523518379714]
delta=[-0.0060277384381783785, -0.040135079979774113, 0.017300692942500209]

Score=0.953095735125
alpha=[0.07219304228491538, -0.07197536679411985, -0.013444000667569955]
beta=[1.5619422517732224, 1.5287782127679348, 1.6, 1.4070114051553197, 1.5816729116891357, 1.4]
gamma=[0.8204346131400578, 1, 1, 1, 0.35573438030526583, 0.3557523518379714]
delta=[0.0070288353910900265, -0.036364232932139903, 0.017800332733756953]

Score=0.94730218771
alpha=[0.07219304228491538, -0.07197536679411985, -0.013444000667569955]
beta=[1.5619422517732224, 1.5287782127679348, 1.6, 1.4070114051553197, 1.5816729116891357, 1.4]
gamma=[0.8204346131400578, 1, 1, 1, 0.35573438030526583, 0.3557523518379714]
delta=[-0.0060277384381783785, -0.040135079979774113, 0.017800332733756953]

Score=0.950947117169
alpha=[0.07219304228491538, -0.07197536679411985, -0.013444000667569955]
beta=[1.5619422517732224, 1.5287782127679348, 1.6, 1.4070114051553197, 1.5816729116891357, 1.4]
gamma=[0.8204346131400578, 1, 1, 1, 0.35573438030526583, 0.3557523518379714]
delta=[-0.0060277384381783785, -0.040135079979774113, 0.017800332733756953]

Score=0.953193267739
alpha=[0.07219304228491538, -0.07197536679411985, -0.013444000667569955]
beta=[1.5619422517732224, 1.5287782127679348, 1.6, 1.4070114051553197, 1.5816729116891357, 1.4]
gamma=[0.8204346131400578, 1, 1, 1, 0.35573438030526583, 0.3557523518379714]
delta=[0.0070288353910900265, -0.036364232932139903, 0.017800332733756953]

Score=0.948337659203
alpha=[0.07219304228491538, -0.07197536679411985, -0.013444000667569955]
beta=[1.5619422517732224, 1.5287782127679348, 1.6, 1.4070114051553197, 1.5816729116891357, 1.4]
gamma=[0.8204346131400578, 1, 1, 1, 0.35573438030526583, 0.3557523518379714]
delta=[0.0070288353910900265, -0.036364232932139903, 0.017300692942500209]

Score=0.956950835256
alpha=[0.07219304228491538, -0.07197536679411985, -0.013444000667569955]
beta=[1.5619422517732224, 1.5287782127679348, 1.6, 1.4070114051553197, 1.5816729116891357, 1.4]
gamma=[0.8204346131400578, 1, 1, 1, 0.35573438030526583, 0.3557523518379714]
delta=[0.0070288353910900265, -0.036364232932139903, 0.017300692942500209]

Score=0.951225220406
alpha=[0.07219304228491538, -0.07197536679411985, -0.013444000667569955]
beta=[1.5619422517732224, 1.5287782127679348, 1.6, 1.4070114051553197, 1.5816729116891357, 1.4]
gamma=[0.8204346131400578, 1, 1, 1, 0.35573438030526583, 0.3557523518379714]
delta=[-0.0075106246754764123, -0.040135079979774113, 0.017300692942500209]

Score=0.957862895414
alpha=[0.07219304228491538, -0.07197536679411985, -0.013444000667569955]
beta=[1.5619422517732224, 1.5287782127679348, 1.6, 1.4070114051553197, 1.5816729116891357, 1.4]
gamma=[0.8204346131400578, 1, 1, 1, 0.35573438030526583, 0.3557523518379714]
delta=[-0.0060277384381783785, -0.040135079979774113, 0.017800332733756953]

Score=0.954459778453
alpha=[0.07219304228491538, -0.07197536679411985, -0.013444000667569955]
beta=[1.5619422517732224, 1.5287782127679348, 1.6, 1.4070114051553197, 1.5816729116891357, 1.4]
gamma=[0.8204346131400578, 1, 1, 1, 0.35573438030526583, 0.3557523518379714]
delta=[0.0070288353910900265, -0.036364232932139903, 0.017300692942500209]

Score=0.954333418495
alpha=[0.07219304228491538, -0.07197536679411985, -0.013444000667569955]
beta=[1.5619422517732224, 1.5287782127679348, 1.6, 1.4070114051553197, 1.5816729116891357, 1.4]
gamma=[0.8204346131400578, 1, 1, 1, 0.35573438030526583, 0.3557523518379714]
delta=[-0.0060277384381783785, -0.036364232932139903, 0.017800332733756953]

Score=0.951799602741
alpha=[0.07219304228491538, -0.07197536679411985, -0.013444000667569955]
beta=[1.5619422517732224, 1.5287782127679348, 1.6, 1.4070114051553197, 1.5816729116891357, 1.4]
gamma=[0.8204346131400578, 1, 1, 1, 0.35573438030526583, 0.3557523518379714]
delta=[-0.0060277384381783785, -0.040135079979774113, 0.017800332733756953]

Score=0.956322612589
alpha=[0.07219304228491538, -0.07197536679411985, -0.013444000667569955]
beta=[1.5619422517732224, 1.5287782127679348, 1.6, 1.4070114051553197, 1.5816729116891357, 1.4]
gamma=[0.8204346131400578, 1, 1, 1, 0.35573438030526583, 0.3557523518379714]
delta=[-0.0071757799155237759, -0.040135079979774113, 0.017800332733756953]

Score=0.954794019914
alpha=[0.07219304228491538, -0.07197536679411985, -0.013444000667569955]
beta=[1.5619422517732224, 1.5287782127679348, 1.6, 1.4070114051553197, 1.5816729116891357, 1.4]
gamma=[0.8204346131400578, 1, 1, 1, 0.35573438030526583, 0.3557523518379714]
delta=[0.0070288353910900265, -0.040135079979774113, 0.017800332733756953]

Score=0.954366026072
alpha=[0.07219304228491538, -0.07197536679411985, -0.013444000667569955]
beta=[1.5619422517732224, 1.5287782127679348, 1.6, 1.4070114051553197, 1.5816729116891357, 1.4]
gamma=[0.8204346131400578, 1, 1, 1, 0.35573438030526583, 0.3557523518379714]
delta=[0.0070288353910900265, -0.036364232932139903, 0.017300692942500209]

