Score=0.0912147174669
[0.061204735005234073, -0.012768971961052729, 0.017860895726468342, 1.5392231901757107, 1.5536700076996122, 1.5046745394007555, 1.5184113297702451, 1.5514582535289714, 1.4596308750626883, 1, 0.6497881325920938, 0.011632713107986747, 0.01191668496389131, 0.35418322174533245, 1]

Score=0.135904894784
[0.062924085111800143, -0.012768971961052729, 0.017860895726468342, 1.5392231901757107, 1.5552496029976348, 1.5046745394007555, 1.5207044607784059, 1.5514582535289714, 1.4596308750626883, 1, 1, 0.011632713107986747, 0.01191668496389131, 0.35418322174533245, 1]

Score=0.235232658264
[0.062924085111800143, -0.009797316640902139, 0.017860895726468342, 1.551529660237998, 1.5552496029976348, 1.5046745394007555, 1.5207044607784059, 1.5514582535289714, 1.4596308750626883, 1, 0.6497881325920938, 0.011632713107986747, 0.01191668496389131, 0.35418322174533245, 1]

Score=0.107015303772
[0.061204735005234073, -0.012768971961052729, 0.017860895726468342, 1.5514926529814916, 1.5536700076996122, 1.5046745394007555, 1.5207044607784059, 1.5514582535289714, 1.4596308750626883, 1, 0.6497881325920938, 0.011632713107986747, 0.01191668496389131, 0.35418322174533245, 1]

Score=0.054154219643
[0.061204735005234073, -0.012768971961052729, 0.017860895726468342, 1.5392231901757107, 1.5552496029976348, 1.5046745394007555, 1.5184113297702451, 1.5514582535289714, 1.4596308750626883, 1, 0.6497881325920938, 0.011632713107986747, 0.01191668496389131, 0.35418322174533245, 1]

Score=0.160900430787
[0.061928455452335746, -0.009797316640902139, 0.017860895726468342, 1.551529660237998, 1.5552496029976348, 1.5046745394007555, 1.5184113297702451, 1.5514582535289714, 1.4596308750626883, 1, 0.6497881325920938, 0.011632713107986747, 0.01191668496389131, 0.35418322174533245, 1]

Score=0.189148099237
[0.061928455452335746, -0.009797316640902139, 0.017860895726468342, 1.5392231901757107, 1.5622562742580564, 1.5046745394007555, 1.5184113297702451, 1.5514582535289714, 1.4624441192554742, 1, 1, 0.011632713107986747, 0.01191668496389131, 0.35418322174533245, 1]

Score=0.0867891341948
[0.061928455452335746, -0.009797316640902139, 0.017860895726468342, 1.5392231901757107, 1.5552496029976348, 1.5046745394007555, 1.517874967584613, 1.5514582535289714, 1.4596308750626883, 1, 0.6497881325920938, 0.011632713107986747, 0.01191668496389131, 0.35418322174533245, 1]

Score=0.131722936353
[0.061928455452335746, -0.012768971961052729, 0.017860895726468342, 1.5392231901757107, 1.5622562742580564, 1.5299060327053484, 1.5184113297702451, 1.5514582535289714, 1.4624441192554742, 1, 1, 0.011632713107986747, 0.01191668496389131, 0.35418322174533245, 1]

Score=0.0586536354233
[0.061928455452335746, -0.009797316640902139, 0.017860895726468342, 1.5392231901757107, 1.5622562742580564, 1.5299060327053484, 1.5184113297702451, 1.5514582535289714, 1.4624441192554742, 1, 1, 0.011632713107986747, 0.01191668496389131, 0.35418322174533245, 1]

Score=0.49980956613
[0.06140644073054366, -0.009797316640902139, 0.017860895726468342, 1.5392231901757107, 1.5552496029976348, 1.5046745394007555, 1.5207044607784059, 1.5514582535289714, 1.4596308750626883, 1, 0.6497881325920938, 1, 0.01191668496389131, 0.35418322174533245, 1]

Score=0.236816957218
[0.061928455452335746, -0.009797316640902139, 0.017860895726468342, 1.5392231901757107, 1.5433287239433715, 1.5046745394007555, 1.517874967584613, 1.5439942412583647, 1.4596308750626883, 1, 1, 0.011632713107986747, 0.01191668496389131, 0.35418322174533245, 1]

Score=0.0977502889323
[0.061928455452335746, -0.009797316640902139, 0.017860895726468342, 1.5392231901757107, 1.5552496029976348, 1.5046745394007555, 1.5207044607784059, 1.5514582535289714, 1.4548920933965703, 1, 0.6497881325920938, 0.011632713107986747, 0.01191668496389131, 0.35418322174533245, 1]

Score=0.098824327959
[0.061928455452335746, -0.012768971961052729, 0.017860895726468342, 1.5392231901757107, 1.5622562742580564, 1.5046745394007555, 1.5207044607784059, 1.5345278786692607, 1.4596308750626883, 1, 0.6497881325920938, 0.011632713107986747, 0.01191668496389131, 0.35418322174533245, 1]

Score=0.108055986074
[0.061928455452335746, -0.009797316640902139, 0.017860895726468342, 1.5392231901757107, 1.5552496029976348, 1.5046745394007555, 1.5207044607784059, 1.5345278786692607, 1.4596308750626883, 1, 0.6497881325920938, 0.011632713107986747, 0.01191668496389131, 0.35418322174533245, 1]

Score=0.125083442938
[0.061928455452335746, -0.009797316640902139, 0.017860895726468342, 1.5392231901757107, 1.5552496029976348, 1.5046745394007555, 1.5207044607784059, 1.5345278786692607, 1.4596308750626883, 1, 0.6497881325920938, 0.011632713107986747, 0.01191668496389131, 0.35418322174533245, 1]

Score=0.290983888697
[0.061928455452335746, -0.012768971961052729, 0.017860895726468342, 1.5392231901757107, 1.5433287239433715, 1.5046745394007555, 1.5207044607784059, 1.5439942412583647, 1.4596308750626883, 1, 0.6497881325920938, 0.011632713107986747, 0.01191668496389131, 0.35418322174533245, 1]

Score=0.117325210542
[0.061928455452335746, -0.009797316640902139, 0.017860895726468342, 1.5392231901757107, 1.5552496029976348, 1.4988596434317101, 1.5207044607784059, 1.5555988618952028, 1.4454594577556075, 1, 0.6497881325920938, 0.011632713107986747, 0.01191668496389131, 0.35418322174533245, 1]

Score=0.0927885253476
[0.061928455452335746, -0.009797316640902139, 0.017860895726468342, 1.551529660237998, 1.5552496029976348, 1.4988596434317101, 1.5207044607784059, 1.5555988618952028, 1.4548920933965703, 1, 0.6497881325920938, 0.011632713107986747, 0.01191668496389131, 0.35418322174533245, 1]

Score=0.0294409761999
[0.061928455452335746, -0.009797316640902139, 0.017860895726468342, 1.5392231901757107, 1.5552496029976348, 1.5046745394007555, 1.5207044607784059, 1.5345278786692607, 1.4596308750626883, 1, 0.6497881325920938, 0.011632713107986747, 0.01191668496389131, 0.35418322174533245, 1]

Score=0.0275503149538
[0.06140644073054366, -0.009797316640902139, 0.018739119829365349, 1.551529660237998, 1.559070792367266, 1.4988596434317101, 1.5207044607784059, 1.5555988618952028, 1.4454594577556075, 1, 0.6497881325920938, 0.011632713107986747, 0.01191668496389131, 0.35418322174533245, 1]

Score=0.126015647411
[0.061204735005234073, -0.012768971961052729, 0.017860895726468342, 1.551529660237998, 1.559070792367266, 1.5046745394007555, 1.5184113297702451, 1.5514582535289714, 1.4596308750626883, 1, 0.6497881325920938, 0.011632713107986747, 0.01191668496389131, 0.35418322174533245, 1]

Score=0.0646319833854
[0.06140644073054366, -0.009797316640902139, 0.018739119829365349, 1.5392231901757107, 1.559070792367266, 1.490490911613642, 1.5184113297702451, 1.5345278786692607, 1.4454594577556075, 1, 0.6497881325920938, 0.011632713107986747, 0.01191668496389131, 0.35418322174533245, 1]

Score=0.203586852905
[0.06140644073054366, -0.012768971961052729, 0.017860895726468342, 1.551529660237998, 1.5536700076996122, 1.492717664098091, 1.5184113297702451, 1.5514582535289714, 1.4596308750626883, 1, 0.6497881325920938, 0.011632713107986747, 0.01191668496389131, 0.35418322174533245, 1]

Score=0.236767202892
[0.06140644073054366, -0.009797316640902139, 0.017860895726468342, 1.551529660237998, 1.5536700076996122, 1.5046745394007555, 1.5184113297702451, 1.5555988618952028, 1.4454594577556075, 1, 0.6497881325920938, 0.011632713107986747, 1, 0.35418322174533245, 1]

Score=0.141139247363
[0.061204735005234073, -0.012768971961052729, 0.017860895726468342, 1.551529660237998, 1.5536700076996122, 1.5046745394007555, 1.5184113297702451, 1.5514582535289714, 1.4454594577556075, 1, 0.6497881325920938, 0.011632713107986747, 0.01191668496389131, 0.35418322174533245, 1]

Score=0.0157165125765
[0.06140644073054366, -0.009797316640902139, 0.017860895726468342, 1.551529660237998, 1.5552496029976348, 1.492717664098091, 1.5207044607784059, 1.5345278786692607, 1.4596308750626883, 1, 1, 0.011632713107986747, 0.01191668496389131, 0.35418322174533245, 1]

Score=0.0897739559968
[0.06140644073054366, -0.009797316640902139, 0.018739119829365349, 1.5392231901757107, 1.5536700076996122, 1.490490911613642, 1.4966629893094614, 1.5345278786692607, 1.4454594577556075, 1, 0.6497881325920938, 0.011632713107986747, 0.01191668496389131, 0.35418322174533245, 1]

Score=0.0188159106555
[0.061204735005234073, -0.012768971961052729, 0.017860895726468342, 1.5514926529814916, 1.5536700076996122, 1.5046745394007555, 1.5207044607784059, 1.5514582535289714, 1.4596308750626883, 1, 0.6497881325920938, 0.011632713107986747, 0.01191668496389131, 0.35418322174533245, 1]

Score=0.10024804785
[0.062924085111800143, -0.012768971961052729, 0.017860895726468342, 1.5392231901757107, 1.5536700076996122, 1.5046745394007555, 1.5207044607784059, 1.5514582535289714, 1.4596308750626883, 1, 0.6497881325920938, 0.011632713107986747, 0.01191668496389131, 0.35418322174533245, 1]




Final Population
[0.061204735005234073, -0.012768971961052729, 0.017860895726468342, 1.5392231901757107, 1.5536700076996122, 1.5046745394007555, 1.5184113297702451, 1.5514582535289714, 1.4596308750626883, 1, 0.6497881325920938, 0.011632713107986747, 0.01191668496389131, 0.35418322174533245, 1]
[0.062924085111800143, -0.012768971961052729, 0.017860895726468342, 1.5392231901757107, 1.5552496029976348, 1.5046745394007555, 1.5207044607784059, 1.5514582535289714, 1.4596308750626883, 1, 1, 0.011632713107986747, 0.01191668496389131, 0.35418322174533245, 1]
[0.062924085111800143, -0.009797316640902139, 0.017860895726468342, 1.551529660237998, 1.5552496029976348, 1.5046745394007555, 1.5207044607784059, 1.5514582535289714, 1.4596308750626883, 1, 0.6497881325920938, 0.011632713107986747, 0.01191668496389131, 0.35418322174533245, 1]
[0.061204735005234073, -0.012768971961052729, 0.017860895726468342, 1.5514926529814916, 1.5536700076996122, 1.5046745394007555, 1.5207044607784059, 1.5514582535289714, 1.4596308750626883, 1, 0.6497881325920938, 0.011632713107986747, 0.01191668496389131, 0.35418322174533245, 1]
[0.061204735005234073, -0.012768971961052729, 0.017860895726468342, 1.5392231901757107, 1.5552496029976348, 1.5046745394007555, 1.5184113297702451, 1.5514582535289714, 1.4596308750626883, 1, 0.6497881325920938, 0.011632713107986747, 0.01191668496389131, 0.35418322174533245, 1]
[0.061928455452335746, -0.009797316640902139, 0.017860895726468342, 1.551529660237998, 1.5552496029976348, 1.5046745394007555, 1.5184113297702451, 1.5514582535289714, 1.4596308750626883, 1, 0.6497881325920938, 0.011632713107986747, 0.01191668496389131, 0.35418322174533245, 1]
[0.061928455452335746, -0.009797316640902139, 0.017860895726468342, 1.5392231901757107, 1.5622562742580564, 1.5046745394007555, 1.5184113297702451, 1.5514582535289714, 1.4624441192554742, 1, 1, 0.011632713107986747, 0.01191668496389131, 0.35418322174533245, 1]
[0.061928455452335746, -0.009797316640902139, 0.017860895726468342, 1.5392231901757107, 1.5552496029976348, 1.5046745394007555, 1.517874967584613, 1.5514582535289714, 1.4596308750626883, 1, 0.6497881325920938, 0.011632713107986747, 0.01191668496389131, 0.35418322174533245, 1]
[0.061928455452335746, -0.012768971961052729, 0.017860895726468342, 1.5392231901757107, 1.5622562742580564, 1.5299060327053484, 1.5184113297702451, 1.5514582535289714, 1.4624441192554742, 1, 1, 0.011632713107986747, 0.01191668496389131, 0.35418322174533245, 1]
[0.061928455452335746, -0.009797316640902139, 0.017860895726468342, 1.5392231901757107, 1.5622562742580564, 1.5299060327053484, 1.5184113297702451, 1.5514582535289714, 1.4624441192554742, 1, 1, 0.011632713107986747, 0.01191668496389131, 0.35418322174533245, 1]
[0.06140644073054366, -0.009797316640902139, 0.017860895726468342, 1.5392231901757107, 1.5552496029976348, 1.5046745394007555, 1.5207044607784059, 1.5514582535289714, 1.4596308750626883, 1, 0.6497881325920938, 1, 0.01191668496389131, 0.35418322174533245, 1]
[0.061928455452335746, -0.009797316640902139, 0.017860895726468342, 1.5392231901757107, 1.5433287239433715, 1.5046745394007555, 1.517874967584613, 1.5439942412583647, 1.4596308750626883, 1, 1, 0.011632713107986747, 0.01191668496389131, 0.35418322174533245, 1]
[0.061928455452335746, -0.009797316640902139, 0.017860895726468342, 1.5392231901757107, 1.5552496029976348, 1.5046745394007555, 1.5207044607784059, 1.5514582535289714, 1.4548920933965703, 1, 0.6497881325920938, 0.011632713107986747, 0.01191668496389131, 0.35418322174533245, 1]
[0.061928455452335746, -0.012768971961052729, 0.017860895726468342, 1.5392231901757107, 1.5622562742580564, 1.5046745394007555, 1.5207044607784059, 1.5345278786692607, 1.4596308750626883, 1, 0.6497881325920938, 0.011632713107986747, 0.01191668496389131, 0.35418322174533245, 1]
[0.061928455452335746, -0.009797316640902139, 0.017860895726468342, 1.5392231901757107, 1.5552496029976348, 1.5046745394007555, 1.5207044607784059, 1.5345278786692607, 1.4596308750626883, 1, 0.6497881325920938, 0.011632713107986747, 0.01191668496389131, 0.35418322174533245, 1]
[0.061928455452335746, -0.009797316640902139, 0.017860895726468342, 1.5392231901757107, 1.5552496029976348, 1.5046745394007555, 1.5207044607784059, 1.5345278786692607, 1.4596308750626883, 1, 0.6497881325920938, 0.011632713107986747, 0.01191668496389131, 0.35418322174533245, 1]
[0.061928455452335746, -0.012768971961052729, 0.017860895726468342, 1.5392231901757107, 1.5433287239433715, 1.5046745394007555, 1.5207044607784059, 1.5439942412583647, 1.4596308750626883, 1, 0.6497881325920938, 0.011632713107986747, 0.01191668496389131, 0.35418322174533245, 1]
[0.061928455452335746, -0.009797316640902139, 0.017860895726468342, 1.5392231901757107, 1.5552496029976348, 1.4988596434317101, 1.5207044607784059, 1.5555988618952028, 1.4454594577556075, 1, 0.6497881325920938, 0.011632713107986747, 0.01191668496389131, 0.35418322174533245, 1]
[0.061928455452335746, -0.009797316640902139, 0.017860895726468342, 1.551529660237998, 1.5552496029976348, 1.4988596434317101, 1.5207044607784059, 1.5555988618952028, 1.4548920933965703, 1, 0.6497881325920938, 0.011632713107986747, 0.01191668496389131, 0.35418322174533245, 1]
[0.061928455452335746, -0.009797316640902139, 0.017860895726468342, 1.5392231901757107, 1.5552496029976348, 1.5046745394007555, 1.5207044607784059, 1.5345278786692607, 1.4596308750626883, 1, 0.6497881325920938, 0.011632713107986747, 0.01191668496389131, 0.35418322174533245, 1]
[0.06140644073054366, -0.009797316640902139, 0.018739119829365349, 1.551529660237998, 1.559070792367266, 1.4988596434317101, 1.5207044607784059, 1.5555988618952028, 1.4454594577556075, 1, 0.6497881325920938, 0.011632713107986747, 0.01191668496389131, 0.35418322174533245, 1]
[0.061204735005234073, -0.012768971961052729, 0.017860895726468342, 1.551529660237998, 1.559070792367266, 1.5046745394007555, 1.5184113297702451, 1.5514582535289714, 1.4596308750626883, 1, 0.6497881325920938, 0.011632713107986747, 0.01191668496389131, 0.35418322174533245, 1]
[0.06140644073054366, -0.009797316640902139, 0.018739119829365349, 1.5392231901757107, 1.559070792367266, 1.490490911613642, 1.5184113297702451, 1.5345278786692607, 1.4454594577556075, 1, 0.6497881325920938, 0.011632713107986747, 0.01191668496389131, 0.35418322174533245, 1]
[0.06140644073054366, -0.012768971961052729, 0.017860895726468342, 1.551529660237998, 1.5536700076996122, 1.492717664098091, 1.5184113297702451, 1.5514582535289714, 1.4596308750626883, 1, 0.6497881325920938, 0.011632713107986747, 0.01191668496389131, 0.35418322174533245, 1]
[0.06140644073054366, -0.009797316640902139, 0.017860895726468342, 1.551529660237998, 1.5536700076996122, 1.5046745394007555, 1.5184113297702451, 1.5555988618952028, 1.4454594577556075, 1, 0.6497881325920938, 0.011632713107986747, 1, 0.35418322174533245, 1]
[0.061204735005234073, -0.012768971961052729, 0.017860895726468342, 1.551529660237998, 1.5536700076996122, 1.5046745394007555, 1.5184113297702451, 1.5514582535289714, 1.4454594577556075, 1, 0.6497881325920938, 0.011632713107986747, 0.01191668496389131, 0.35418322174533245, 1]
[0.06140644073054366, -0.009797316640902139, 0.017860895726468342, 1.551529660237998, 1.5552496029976348, 1.492717664098091, 1.5207044607784059, 1.5345278786692607, 1.4596308750626883, 1, 1, 0.011632713107986747, 0.01191668496389131, 0.35418322174533245, 1]
[0.06140644073054366, -0.009797316640902139, 0.018739119829365349, 1.5392231901757107, 1.5536700076996122, 1.490490911613642, 1.4966629893094614, 1.5345278786692607, 1.4454594577556075, 1, 0.6497881325920938, 0.011632713107986747, 0.01191668496389131, 0.35418322174533245, 1]
[0.061204735005234073, -0.012768971961052729, 0.017860895726468342, 1.5514926529814916, 1.5536700076996122, 1.5046745394007555, 1.5207044607784059, 1.5514582535289714, 1.4596308750626883, 1, 0.6497881325920938, 0.011632713107986747, 0.01191668496389131, 0.35418322174533245, 1]
[0.062924085111800143, -0.012768971961052729, 0.017860895726468342, 1.5392231901757107, 1.5536700076996122, 1.5046745394007555, 1.5207044607784059, 1.5514582535289714, 1.4596308750626883, 1, 0.6497881325920938, 0.011632713107986747, 0.01191668496389131, 0.35418322174533245, 1]
