Score=0.0313452791312
[-0.011392669365676183, -0.017926446357576873, -0.091137519896140787, 1.5920946816835948, 1.5592692945465612, 1.5950981454424409, 1.4598858217852217, 1.528309968380368, 1.5795855893354811, 1, 1, 0.2079893059865714, 0.07584004980340286, 1, 1]

Score=0.121690287355
[-0.011392669365676183, -0.017926446357576873, -0.091137519896140787, 1.5920946816835948, 1.5592692945465612, 1.6, 1.4521280566268533, 1.528309968380368, 1.5795855893354811, 1, 1, 0.2079893059865714, 0.07584004980340286, 1, 1]

Score=0.0284355643773
[-0.011392669365676183, -0.017926446357576873, -0.091137519896140787, 1.5996108808791407, 1.5592692945465612, 1.6, 1.4598858217852217, 1.547595654073701, 1.5795855893354811, 1, 1, 0.2079893059865714, 0.07584004980340286, 1, 1]

Score=0.253513421763
[-0.012015148105689787, -0.017931971517385535, -0.091137519896140787, 1.5996108808791407, 1.5592692945465612, 1.5892396703766718, 1.4521280566268533, 1.5182994751310701, 1.5795855893354811, 1, 1, 0.2079893059865714, 0.07584004980340286, 1, 1]

Score=0.0266510525785
[-0.012015148105689787, -0.017931971517385535, -0.091145395739258575, 1.5996108808791407, 1.5531938938523955, 1.6, 1.4521280566268533, 1.5182994751310701, 1.5795855893354811, 1, 1, 0.2079893059865714, 0.07584004980340286, 1, 1]

Score=0.0293844395654
[-0.011392669365676183, -0.017926446357576873, -0.091137519896140787, 1.5996108808791407, 1.5592692945465612, 1.6, 1.4521280566268533, 1.5396307522556343, 1.5795855893354811, 1, 1, 0.2079893059865714, 0.07584004980340286, 1, 1]

Score=0.0285276495792
[-0.011392669365676183, -0.017926446357576873, -0.091137519896140787, 1.5996108808791407, 1.5592692945465612, 1.6, 1.4639563123135684, 1.547595654073701, 1.5795855893354811, 1, 1, 0.2079893059865714, 0.07584004980340286, 1, 1]

Score=0.0475481407434
[-0.012015148105689787, -0.017926446357576873, -0.091470098217536558, 1.5858293388429532, 1.5592692945465612, 1.6, 1.4449154602722245, 1.5182994751310701, 1.57209038993838, 1, 1, 1, 0.07584004980340286, 1, 1]

Score=0.206440166329
[-0.011392669365676183, -0.017926446357576873, -0.091137519896140787, 1.5858293388429532, 1.5592692945465612, 1.6, 1.4639563123135684, 1.547595654073701, 1.5795855893354811, 1, 1, 0.2079893059865714, 0.07584004980340286, 1, 1]

Score=0.174906237797
[-0.012015148105689787, -0.017931971517385535, -0.091470098217536558, 1.5920946816835948, 1.5546948892558188, 1.6, 1.460224821046864, 1.5182994751310701, 1.57209038993838, 1, 1, 0.2079893059865714, 0.07584004980340286, 1, 1]

Score=0.0273683922714
[-0.012015148105689787, -0.017926446357576873, -0.091470098217536558, 1.5858293388429532, 1.5546948892558188, 1.6, 1.4521280566268533, 1.5182994751310701, 1.5795855893354811, 1, 1, 0.2079893059865714, 0.07584004980340286, 1, 1]

Score=0.0269344409459
[-0.012015148105689787, -0.017931971517385535, -0.091470098217536558, 1.5920946816835948, 1.5523734641285765, 1.6, 1.4449154602722245, 1.5141475179468906, 1.57209038993838, 1, 1, 0.2079893059865714, 0.07584004980340286, 1, 1]

Score=0.114732411258
[-0.012015148105689787, -0.017926446357576873, -0.091470098217536558, 1.5920946816835948, 1.5592692945465612, 1.5976041483677768, 1.4449154602722245, 1.5182994751310701, 1.57209038993838, 1, 1, 0.2079893059865714, 0.07584004980340286, 1, 1]

Score=0.17763319157
[-0.012015148105689787, -0.017926446357576873, -0.091470098217536558, 1.6, 1.5546948892558188, 1.6, 1.460224821046864, 1.5182994751310701, 1.57209038993838, 1, 1, 0.2079893059865714, 0.07584004980340286, 1, 1]

Score=0.0278388284954
[-0.012015148105689787, -0.017926446357576873, -0.091470098217536558, 1.5920946816835948, 1.5546948892558188, 1.6, 1.460224821046864, 1.5182994751310701, 1.57209038993838, 1, 1, 0.2079893059865714, 0.07584004980340286, 1, 1]

Score=0.175538975783
[-0.012015148105689787, -0.017926446357576873, -0.091470098217536558, 1.5920946816835948, 1.5523734641285765, 1.6, 1.4449154602722245, 1.5182994751310701, 1.5795855893354811, 1, 1, 0.2079893059865714, 0.07584004980340286, 1, 1]

Score=0.186093043419
[-0.012015148105689787, -0.017926446357576873, -0.091470098217536558, 1.5920946816835948, 1.5546948892558188, 1.6, 1.4449154602722245, 1.5182994751310701, 1.57209038993838, 1, 1, 0.2079893059865714, 0.07584004980340286, 1, 1]

Score=0.0276778465038
[-0.012015148105689787, -0.017931971517385535, -0.090196876340987706, 1.5920946816835948, 1.5592692945465612, 1.6, 1.4449154602722245, 1.5141475179468906, 1.57209038993838, 1, 1, 0.2079893059865714, 0.07584004980340286, 1, 1]

Score=0.0288030710897
[-0.012015148105689787, -0.017926446357576873, -0.091470098217536558, 1.5920946816835948, 1.5546948892558188, 1.6, 1.4521280566268533, 1.5141475179468906, 1.57209038993838, 1, 1, 0.2079893059865714, 0.07584004980340286, 1, 1]

Score=0.191116050005
[-0.012015148105689787, -0.017926446357576873, -0.088327961790210519, 1.5920946816835948, 1.5523734641285765, 1.6, 1.4449154602722245, 1.5182994751310701, 1.5795855893354811, 1, 1, 0.2079893059865714, 0.07584004980340286, 1, 1]

Score=0.189541824684
[-0.012015148105689787, -0.017926446357576873, -0.091470098217536558, 1.5920946816835948, 1.5546948892558188, 1.6, 1.4521280566268533, 1.5141475179468906, 1.57209038993838, 1, 1, 0.2079893059865714, 0.07584004980340286, 1, 1]

Score=0.308132518994
[-0.012015148105689787, -0.017926446357576873, -0.090196876340987706, 1.5920946816835948, 1.5546948892558188, 1.6, 1.4798080037550632, 1.5141475179468906, 1.57209038993838, 1, 1, 0.2079893059865714, 1, 1, 1]

Score=0.0279374799811
[-0.011392669365676183, -0.017926446357576873, -0.091137519896140787, 1.5920946816835948, 1.5592692945465612, 1.6, 1.4521280566268533, 1.5141475179468906, 1.5890891157671392, 1, 1, 0.2079893059865714, 0.07584004980340286, 1, 1]

Score=0.262122144248
[-0.011392669365676183, -0.017926446357576873, -0.091137519896140787, 1.5920946816835948, 1.5592692945465612, 1.6, 1.4521280566268533, 1.5141475179468906, 1.5890891157671392, 1, 1, 0.2079893059865714, 0.07584004980340286, 1, 1]

Score=0.0268782145059
[-0.011392669365676183, -0.017926446357576873, -0.091137519896140787, 1.5920946816835948, 1.5592692945465612, 1.6, 1.4521280566268533, 1.5141475179468906, 1.57209038993838, 1, 1, 0.2079893059865714, 0.07584004980340286, 1, 1]

Score=0.118102066474
[-0.011392669365676183, -0.017926446357576873, -0.088327961790210519, 1.5920946816835948, 1.5592692945465612, 1.6, 1.4521280566268533, 1.5224580316507159, 1.57209038993838, 1, 1, 0.2079893059865714, 0.07584004980340286, 1, 1]

Score=0.100008709289
[-0.011392669365676183, -0.017926446357576873, -0.090196876340987706, 1.5920946816835948, 1.5592692945465612, 1.6, 1.4521280566268533, 1.528309968380368, 1.5795855893354811, 1, 1, 0.2079893059865714, 0.07584004980340286, 1, 1]

Score=0.116995881773
[-0.011392669365676183, -0.017926446357576873, -0.090196876340987706, 1.5920946816835948, 1.5513733264830916, 1.6, 1.4641236965227817, 1.528309968380368, 1.5795855893354811, 1, 1, 0.2079893059865714, 0.07584004980340286, 1, 1]

Score=0.0296450938668
[-0.011392669365676183, -0.017926446357576873, -0.091137519896140787, 1.5920946816835948, 1.5592692945465612, 1.5963213053201109, 1.4521280566268533, 1.528309968380368, 1.5795855893354811, 1, 1, 0.2079893059865714, 0.07584004980340286, 1, 1]

Score=0.181515641403
[-0.011392669365676183, -0.018385900083491658, -0.091137519896140787, 1.5920946816835948, 1.548026692007014, 1.5963213053201109, 1.4521280566268533, 1.5141475179468906, 1.57209038993838, 1, 1, 0.2079893059865714, 0.07584004980340286, 1, 1]




Final Population
[-0.011392669365676183, -0.017926446357576873, -0.091137519896140787, 1.5920946816835948, 1.5592692945465612, 1.5950981454424409, 1.4598858217852217, 1.528309968380368, 1.5795855893354811, 1, 1, 0.2079893059865714, 0.07584004980340286, 1, 1]
[-0.011392669365676183, -0.017926446357576873, -0.091137519896140787, 1.5920946816835948, 1.5592692945465612, 1.6, 1.4521280566268533, 1.528309968380368, 1.5795855893354811, 1, 1, 0.2079893059865714, 0.07584004980340286, 1, 1]
[-0.011392669365676183, -0.017926446357576873, -0.091137519896140787, 1.5996108808791407, 1.5592692945465612, 1.6, 1.4598858217852217, 1.547595654073701, 1.5795855893354811, 1, 1, 0.2079893059865714, 0.07584004980340286, 1, 1]
[-0.012015148105689787, -0.017931971517385535, -0.091137519896140787, 1.5996108808791407, 1.5592692945465612, 1.5892396703766718, 1.4521280566268533, 1.5182994751310701, 1.5795855893354811, 1, 1, 0.2079893059865714, 0.07584004980340286, 1, 1]
[-0.012015148105689787, -0.017931971517385535, -0.091145395739258575, 1.5996108808791407, 1.5531938938523955, 1.6, 1.4521280566268533, 1.5182994751310701, 1.5795855893354811, 1, 1, 0.2079893059865714, 0.07584004980340286, 1, 1]
[-0.011392669365676183, -0.017926446357576873, -0.091137519896140787, 1.5996108808791407, 1.5592692945465612, 1.6, 1.4521280566268533, 1.5396307522556343, 1.5795855893354811, 1, 1, 0.2079893059865714, 0.07584004980340286, 1, 1]
[-0.011392669365676183, -0.017926446357576873, -0.091137519896140787, 1.5996108808791407, 1.5592692945465612, 1.6, 1.4639563123135684, 1.547595654073701, 1.5795855893354811, 1, 1, 0.2079893059865714, 0.07584004980340286, 1, 1]
[-0.012015148105689787, -0.017926446357576873, -0.091470098217536558, 1.5858293388429532, 1.5592692945465612, 1.6, 1.4449154602722245, 1.5182994751310701, 1.57209038993838, 1, 1, 1, 0.07584004980340286, 1, 1]
[-0.011392669365676183, -0.017926446357576873, -0.091137519896140787, 1.5858293388429532, 1.5592692945465612, 1.6, 1.4639563123135684, 1.547595654073701, 1.5795855893354811, 1, 1, 0.2079893059865714, 0.07584004980340286, 1, 1]
[-0.012015148105689787, -0.017931971517385535, -0.091470098217536558, 1.5920946816835948, 1.5546948892558188, 1.6, 1.460224821046864, 1.5182994751310701, 1.57209038993838, 1, 1, 0.2079893059865714, 0.07584004980340286, 1, 1]
[-0.012015148105689787, -0.017926446357576873, -0.091470098217536558, 1.5858293388429532, 1.5546948892558188, 1.6, 1.4521280566268533, 1.5182994751310701, 1.5795855893354811, 1, 1, 0.2079893059865714, 0.07584004980340286, 1, 1]
[-0.012015148105689787, -0.017931971517385535, -0.091470098217536558, 1.5920946816835948, 1.5523734641285765, 1.6, 1.4449154602722245, 1.5141475179468906, 1.57209038993838, 1, 1, 0.2079893059865714, 0.07584004980340286, 1, 1]
[-0.012015148105689787, -0.017926446357576873, -0.091470098217536558, 1.5920946816835948, 1.5592692945465612, 1.5976041483677768, 1.4449154602722245, 1.5182994751310701, 1.57209038993838, 1, 1, 0.2079893059865714, 0.07584004980340286, 1, 1]
[-0.012015148105689787, -0.017926446357576873, -0.091470098217536558, 1.6, 1.5546948892558188, 1.6, 1.460224821046864, 1.5182994751310701, 1.57209038993838, 1, 1, 0.2079893059865714, 0.07584004980340286, 1, 1]
[-0.012015148105689787, -0.017926446357576873, -0.091470098217536558, 1.5920946816835948, 1.5546948892558188, 1.6, 1.460224821046864, 1.5182994751310701, 1.57209038993838, 1, 1, 0.2079893059865714, 0.07584004980340286, 1, 1]
[-0.012015148105689787, -0.017926446357576873, -0.091470098217536558, 1.5920946816835948, 1.5523734641285765, 1.6, 1.4449154602722245, 1.5182994751310701, 1.5795855893354811, 1, 1, 0.2079893059865714, 0.07584004980340286, 1, 1]
[-0.012015148105689787, -0.017926446357576873, -0.091470098217536558, 1.5920946816835948, 1.5546948892558188, 1.6, 1.4449154602722245, 1.5182994751310701, 1.57209038993838, 1, 1, 0.2079893059865714, 0.07584004980340286, 1, 1]
[-0.012015148105689787, -0.017931971517385535, -0.090196876340987706, 1.5920946816835948, 1.5592692945465612, 1.6, 1.4449154602722245, 1.5141475179468906, 1.57209038993838, 1, 1, 0.2079893059865714, 0.07584004980340286, 1, 1]
[-0.012015148105689787, -0.017926446357576873, -0.091470098217536558, 1.5920946816835948, 1.5546948892558188, 1.6, 1.4521280566268533, 1.5141475179468906, 1.57209038993838, 1, 1, 0.2079893059865714, 0.07584004980340286, 1, 1]
[-0.012015148105689787, -0.017926446357576873, -0.088327961790210519, 1.5920946816835948, 1.5523734641285765, 1.6, 1.4449154602722245, 1.5182994751310701, 1.5795855893354811, 1, 1, 0.2079893059865714, 0.07584004980340286, 1, 1]
[-0.012015148105689787, -0.017926446357576873, -0.091470098217536558, 1.5920946816835948, 1.5546948892558188, 1.6, 1.4521280566268533, 1.5141475179468906, 1.57209038993838, 1, 1, 0.2079893059865714, 0.07584004980340286, 1, 1]
[-0.012015148105689787, -0.017926446357576873, -0.090196876340987706, 1.5920946816835948, 1.5546948892558188, 1.6, 1.4798080037550632, 1.5141475179468906, 1.57209038993838, 1, 1, 0.2079893059865714, 1, 1, 1]
[-0.011392669365676183, -0.017926446357576873, -0.091137519896140787, 1.5920946816835948, 1.5592692945465612, 1.6, 1.4521280566268533, 1.5141475179468906, 1.5890891157671392, 1, 1, 0.2079893059865714, 0.07584004980340286, 1, 1]
[-0.011392669365676183, -0.017926446357576873, -0.091137519896140787, 1.5920946816835948, 1.5592692945465612, 1.6, 1.4521280566268533, 1.5141475179468906, 1.5890891157671392, 1, 1, 0.2079893059865714, 0.07584004980340286, 1, 1]
[-0.011392669365676183, -0.017926446357576873, -0.091137519896140787, 1.5920946816835948, 1.5592692945465612, 1.6, 1.4521280566268533, 1.5141475179468906, 1.57209038993838, 1, 1, 0.2079893059865714, 0.07584004980340286, 1, 1]
[-0.011392669365676183, -0.017926446357576873, -0.088327961790210519, 1.5920946816835948, 1.5592692945465612, 1.6, 1.4521280566268533, 1.5224580316507159, 1.57209038993838, 1, 1, 0.2079893059865714, 0.07584004980340286, 1, 1]
[-0.011392669365676183, -0.017926446357576873, -0.090196876340987706, 1.5920946816835948, 1.5592692945465612, 1.6, 1.4521280566268533, 1.528309968380368, 1.5795855893354811, 1, 1, 0.2079893059865714, 0.07584004980340286, 1, 1]
[-0.011392669365676183, -0.017926446357576873, -0.090196876340987706, 1.5920946816835948, 1.5513733264830916, 1.6, 1.4641236965227817, 1.528309968380368, 1.5795855893354811, 1, 1, 0.2079893059865714, 0.07584004980340286, 1, 1]
[-0.011392669365676183, -0.017926446357576873, -0.091137519896140787, 1.5920946816835948, 1.5592692945465612, 1.5963213053201109, 1.4521280566268533, 1.528309968380368, 1.5795855893354811, 1, 1, 0.2079893059865714, 0.07584004980340286, 1, 1]
[-0.011392669365676183, -0.018385900083491658, -0.091137519896140787, 1.5920946816835948, 1.548026692007014, 1.5963213053201109, 1.4521280566268533, 1.5141475179468906, 1.57209038993838, 1, 1, 0.2079893059865714, 0.07584004980340286, 1, 1]
