Score=0.0928171744686
alpha=[0.0074246103882591235, -0.04370356389966036, -0.008989830114907726]
beta=[1.5765339478316105, 1.497541372464111, 1.5736079860162673, 1.5110941805652847, 1.4381713356973722, 1.4840396127146303]
gamma=[0.09707957714465754, 0.7731348851942996, 0.7800688388081067, 0.9539615320438404, 0.04483924606223311, 0.09781834415763235]

Score=0.0959587236738
alpha=[0.0074246103882591235, -0.04370356389966036, -0.008989830114907726]
beta=[1.5893439873038748, 1.497541372464111, 1.5736079860162673, 1.5110941805652847, 1.42545603109734, 1.537953091160594]
gamma=[0.4388717561448161, 0.7731348851942996, 0.7800688388081067, 0.9539615320438404, 1, 0.09781834415763235]

Score=0.0715228779414
alpha=[0.0074246103882591235, -0.06380311268106317, -0.008989830114907726]
beta=[1.500648183339864, 1.5218306833422592, 1.4643144433962532, 1.5110941805652847, 1.5743152231288033, 1.537953091160594]
gamma=[0.7089718855553311, 0.8242231256247602, 0.7800688388081067, 0.04040669464970992, 0.41238590112259366, 0.10093129137116108]

Score=0.0996215724088
alpha=[0.0074246103882591235, -0.04370356389966036, -0.008989830114907726]
beta=[1.500648183339864, 1.5218306833422592, 1.576455039979209, 1.5110941805652847, 1.5743152231288033, 1.537953091160594]
gamma=[0.09707957714465754, 0.8242231256247602, 0.7800688388081067, 1, 0.41238590112259366, 0.09781834415763235]

Score=0.0976367856128
alpha=[0.0074246103882591235, -0.06380311268106317, -0.008989830114907726]
beta=[1.500648183339864, 1.5218306833422592, 1.4643144433962532, 1.5110941805652847, 1.5743152231288033, 1.4840396127146303]
gamma=[0.7089718855553311, 1, 0.7800688388081067, 0.04040669464970992, 0.41238590112259366, 0.10093129137116108]

Score=0.0627351485123
alpha=[0.0074246103882591235, -0.024703658592230213, -0.008989830114907726]
beta=[1.500648183339864, 1.497541372464111, 1.5736079860162673, 1.5110941805652847, 1.5743152231288033, 1.5357529080602372]
gamma=[0.09707957714465754, 1, 0.5082760428077043, 0.9539615320438404, 0.41238590112259366, 0.09781834415763235]

Score=0.0803072555278
alpha=[0.0074246103882591235, -0.04370356389966036, -0.008989830114907726]
beta=[1.500648183339864, 1.497541372464111, 1.5736079860162673, 1.5733813468141928, 1.4644609071532335, 1.5357529080602372]
gamma=[0.7089718855553311, 1, 0.7800688388081067, 0.9539615320438404, 1, 0.09781834415763235]

Score=0.0688137334466
alpha=[0.0074246103882591235, -0.063157608824360015, -0.008989830114907726]
beta=[1.500648183339864, 1.5218306833422592, 1.4229266098267679, 1.5110941805652847, 1.5743152231288033, 1.537953091160594]
gamma=[0.7089718855553311, 0.8242231256247602, 0.8952591816420028, 0.04040669464970992, 0.41238590112259366, 0.10093129137116108]

Score=0.0501748991162
alpha=[0.0074246103882591235, -0.04370356389966036, -0.008989830114907726]
beta=[1.5893439873038748, 1.497541372464111, 1.5736079860162673, 1.5110941805652847, 1.4381713356973722, 1.488257136726721]
gamma=[0.09707957714465754, 0.8242231256247602, 0.7800688388081067, 0.9539615320438404, 1, 0.09781834415763235]

Score=0.0751120023973
alpha=[0.0074246103882591235, -0.04370356389966036, -0.008989830114907726]
beta=[1.500648183339864, 1.5218306833422592, 1.5736079860162673, 1.5110941805652847, 1.5743152231288033, 1.537953091160594]
gamma=[0.09707957714465754, 0.5544261304454112, 0.7800688388081067, 1, 0.41238590112259366, 0.09781834415763235]

Score=0.0745941746853
alpha=[0.0074246103882591235, -0.04370356389966036, -0.008989830114907726]
beta=[1.500648183339864, 1.5218306833422592, 1.5736079860162673, 1.5110941805652847, 1.5743152231288033, 1.537953091160594]
gamma=[0.09707957714465754, 0.5544261304454112, 0.7800688388081067, 1, 0.41238590112259366, 0.09781834415763235]

Score=0.071838841258
alpha=[0.0074246103882591235, 0.042959502254118417, -0.008989830114907726]
beta=[1.500648183339864, 1.5218306833422592, 1.5736079860162673, 1.5110941805652847, 1.42545603109734, 1.537953091160594]
gamma=[0.4388717561448161, 0.8242231256247602, 0.7800688388081067, 0.9539615320438404, 1, 0.09781834415763235]

Score=0.0602767323124
alpha=[0.0074246103882591235, -0.04370356389966036, -0.008989830114907726]
beta=[1.500648183339864, 1.5218306833422592, 1.5736079860162673, 1.5110941805652847, 1.5743152231288033, 1.537953091160594]
gamma=[0.09707957714465754, 0.5544261304454112, 0.7800688388081067, 1, 0.41238590112259366, 0.09781834415763235]

Score=0.052181490956
alpha=[0.07093211788629014, -0.024703658592230213, -0.008989830114907726]
beta=[1.500648183339864, 1.5045352463785697, 1.5736079860162673, 1.5733813468141928, 1.42545603109734, 1.4840396127146303]
gamma=[0.09707957714465754, 1, 0.5706982171886089, 0.9539615320438404, 0.04483924606223311, 0.09781834415763235]

Score=0.0721774364807
alpha=[0.0074246103882591235, -0.022002092856108185, -0.008989830114907726]
beta=[1.500648183339864, 1.5218306833422592, 1.5736079860162673, 1.5110941805652847, 1.5743152231288033, 1.5306106340351144]
gamma=[0.7089718855553311, 0.8242231256247602, 0.5082760428077043, 1, 0.9594940595726225, 0.10093129137116108]

Score=0.0854246772303
alpha=[0.0074246103882591235, -0.04370356389966036, -0.008989830114907726]
beta=[1.500648183339864, 1.5218306833422592, 1.4643144433962532, 1.5110941805652847, 1.5743152231288033, 1.537953091160594]
gamma=[0.09707957714465754, 0.8242231256247602, 0.7800688388081067, 0.04040669464970992, 0.41238590112259366, 0.09781834415763235]

Score=0.0806899118962
alpha=[0.0074246103882591235, 0.042959502254118417, -0.008989830114907726]
beta=[1.500648183339864, 1.497541372464111, 1.5736079860162673, 1.5110941805652847, 1.5743152231288033, 1.488257136726721]
gamma=[0.09707957714465754, 1, 0.5082760428077043, 0.9539615320438404, 1, 1]

Score=0.0671159967825
alpha=[0.0074246103882591235, -0.04370356389966036, -0.008989830114907726]
beta=[1.500648183339864, 1.5218306833422592, 1.5736079860162673, 1.5110941805652847, 1.5743152231288033, 1.5306106340351144]
gamma=[0.09707957714465754, 1, 0.7800688388081067, 0.04040669464970992, 0.41238590112259366, 0.09781834415763235]

Score=0.0702684761027
alpha=[0.0074246103882591235, -0.063157608824360015, -0.008989830114907726]
beta=[1.5176863977592487, 1.5218306833422592, 1.4643144433962532, 1.5110941805652847, 1.5743152231288033, 1.5819011410918882]
gamma=[0.7089718855553311, 0.8242231256247602, 0.7800688388081067, 0.04040669464970992, 0.9594940595726225, 0.10093129137116108]

Score=0.078997440271
alpha=[0.0074246103882591235, -0.063157608824360015, -0.008989830114907726]
beta=[1.500648183339864, 1.5218306833422592, 1.4229266098267679, 1.5110941805652847, 1.5743152231288033, 1.5297158425897721]
gamma=[0.7089718855553311, 0.8242231256247602, 0.7800688388081067, 0.04040669464970992, 0.41238590112259366, 0.10093129137116108]

Score=0.0765840865203
alpha=[0.0074246103882591235, 0.064400632126533824, -0.008989830114907726]
beta=[1.500648183339864, 1.5218306833422592, 1.576455039979209, 1.5110941805652847, 1.5743152231288033, 1.537953091160594]
gamma=[0.7089718855553311, 0.8242231256247602, 1, 1, 0.41238590112259366, 0.09781834415763235]

Score=0.0904387240501
alpha=[0.0074246103882591235, -0.04370356389966036, -0.008989830114907726]
beta=[1.500648183339864, 1.497541372464111, 1.5736079860162673, 1.5110941805652847, 1.5743152231288033, 1.4840396127146303]
gamma=[0.09707957714465754, 1, 0.7800688388081067, 1, 1, 0.09781834415763235]

Score=0.0682350064404
alpha=[0.0074246103882591235, -0.063157608824360015, -0.008989830114907726]
beta=[1.500648183339864, 1.5218306833422592, 1.4229266098267679, 1.5110941805652847, 1.5743152231288033, 1.537953091160594]
gamma=[0.09707957714465754, 0.8242231256247602, 0.7800688388081067, 0.04040669464970992, 0.41238590112259366, 0.10093129137116108]

Score=0.0930939440428
alpha=[0.0074246103882591235, 0.064400632126533824, -0.008989830114907726]
beta=[1.500648183339864, 1.5218306833422592, 1.576455039979209, 1.5110941805652847, 1.5743152231288033, 1.537953091160594]
gamma=[0.7089718855553311, 0.8242231256247602, 0.7800688388081067, 1, 0.41238590112259366, 0.09781834415763235]

Score=0.0946216652805
alpha=[0.0074246103882591235, 0.064400632126533824, -0.008989830114907726]
beta=[1.500648183339864, 1.5218306833422592, 1.576455039979209, 1.5110941805652847, 1.5743152231288033, 1.537953091160594]
gamma=[0.7089718855553311, 0.8242231256247602, 1, 1, 0.41238590112259366, 0.09781834415763235]

Score=0.0964554908734
alpha=[0.0074246103882591235, -0.063157608824360015, -0.008989830114907726]
beta=[1.500648183339864, 1.5218306833422592, 1.576455039979209, 1.5110941805652847, 1.5743152231288033, 1.537953091160594]
gamma=[0.7089718855553311, 0.8242231256247602, 0.7800688388081067, 1, 1, 0.09781834415763235]

Score=0.0877248959387
alpha=[0.0074246103882591235, -0.063157608824360015, -0.008989830114907726]
beta=[1.5176863977592487, 1.5218306833422592, 1.4643144433962532, 1.5110941805652847, 1.5743152231288033, 1.4840396127146303]
gamma=[0.09707957714465754, 0.8242231256247602, 0.8952591816420028, 0.04040669464970992, 0.9594940595726225, 0.10093129137116108]

Score=0.0890874652044
alpha=[0.0074246103882591235, -0.063157608824360015, -0.008989830114907726]
beta=[1.500648183339864, 1.497541372464111, 1.576455039979209, 1.5110941805652847, 1.5743152231288033, 1.537953091160594]
gamma=[0.7089718855553311, 0.8242231256247602, 0.7800688388081067, 0.04040669464970992, 1, 0.09781834415763235]

Score=0.099854615862
alpha=[0.0074246103882591235, -0.04370356389966036, -0.008989830114907726]
beta=[1.500648183339864, 1.5218306833422592, 1.576455039979209, 1.5110941805652847, 1.5822443126845389, 1.537953091160594]
gamma=[0.09707957714465754, 1, 0.7800688388081067, 0.04040669464970992, 0.41238590112259366, 0.09781834415763235]

Score=0.0916922233965
alpha=[0.0074246103882591235, -0.063157608824360015, -0.008989830114907726]
beta=[1.5176863977592487, 1.5218306833422592, 1.4643144433962532, 1.5110941805652847, 1.5743152231288033, 1.5819011410918882]
gamma=[0.7089718855553311, 0.8242231256247602, 0.7800688388081067, 0.04040669464970992, 0.9594940595726225, 0.10093129137116108]

Score=0.0852871448262
alpha=[0.0074246103882591235, -0.04370356389966036, -0.008989830114907726]
beta=[1.500648183339864, 1.5218306833422592, 1.5736079860162673, 1.5110941805652847, 1.5743152231288033, 1.537953091160594]
gamma=[0.09707957714465754, 0.5544261304454112, 0.7800688388081067, 1, 0.41238590112259366, 0.09781834415763235]

Score=0.0929219864977
alpha=[0.0074246103882591235, -0.04370356389966036, -0.008989830114907726]
beta=[1.500648183339864, 1.5218306833422592, 1.5736079860162673, 1.5110941805652847, 1.5743152231288033, 1.537953091160594]
gamma=[0.09707957714465754, 1, 0.7800688388081067, 1, 0.41238590112259366, 0.09781834415763235]

Score=0.0685828335761
alpha=[0.0074246103882591235, -0.063157608824360015, -0.008989830114907726]
beta=[1.500648183339864, 1.5218306833422592, 1.5736079860162673, 1.5110941805652847, 1.5743152231288033, 1.5644736781616859]
gamma=[0.09707957714465754, 1, 0.7800688388081067, 1, 0.41238590112259366, 0.09781834415763235]

Score=0.0628678894903
alpha=[0.0074246103882591235, -0.063157608824360015, -0.008989830114907726]
beta=[1.500648183339864, 1.5218306833422592, 1.5736079860162673, 1.5110941805652847, 1.5743152231288033, 1.5644736781616859]
gamma=[0.09707957714465754, 1, 0.7800688388081067, 1, 0.41238590112259366, 0.09781834415763235]

Score=0.0968440391586
alpha=[0.0074246103882591235, -0.063157608824360015, -0.008989830114907726]
beta=[1.5176863977592487, 1.5218306833422592, 1.4643144433962532, 1.5110941805652847, 1.5743152231288033, 1.5819011410918882]
gamma=[0.7089718855553311, 0.8242231256247602, 0.7800688388081067, 1, 0.41238590112259366, 0.10093129137116108]

Score=0.0972478031703
alpha=[0.0074246103882591235, -0.063157608824360015, -0.008989830114907726]
beta=[1.5335831962798827, 1.5218306833422592, 1.4643144433962532, 1.5110941805652847, 1.5743152231288033, 1.4840396127146303]
gamma=[0.7089718855553311, 0.8242231256247602, 0.8952591816420028, 0.04040669464970992, 0.9594940595726225, 0.10093129137116108]

Score=0.0830769656147
alpha=[0.0058685194436858918, -0.063157608824360015, -0.008989830114907726]
beta=[1.500648183339864, 1.5218306833422592, 1.4643144433962532, 1.5110941805652847, 1.5743152231288033, 1.5644736781616859]
gamma=[0.09707957714465754, 1, 1, 1, 0.41238590112259366, 0.10093129137116108]

Score=0.0927719985799
alpha=[0.0074246103882591235, -0.063157608824360015, -0.0092489277177737906]
beta=[1.5176863977592487, 1.5045352463785697, 1.576455039979209, 1.5137606762628109, 1.5743152231288033, 1.4840396127146303]
gamma=[0.09707957714465754, 1, 1, 1, 0.41238590112259366, 0.10093129137116108]

Score=0.0999602957828
alpha=[0.0074246103882591235, -0.04370356389966036, -0.008989830114907726]
beta=[1.500648183339864, 1.5218306833422592, 1.5736079860162673, 1.5110941805652847, 1.5743152231288033, 1.5478986947455675]
gamma=[0.09707957714465754, 1, 0.7800688388081067, 1, 0.41238590112259366, 0.10093129137116108]

Score=0.0912244030877
alpha=[0.0074246103882591235, -0.04370356389966036, -0.008989830114907726]
beta=[1.500648183339864, 1.5218306833422592, 1.5736079860162673, 1.5110941805652847, 1.5743152231288033, 1.537953091160594]
gamma=[0.09707957714465754, 1, 0.7800688388081067, 1, 0.41238590112259366, 0.10093129137116108]

Score=0.0991491728515
alpha=[0.0074246103882591235, -0.04370356389966036, -0.008989830114907726]
beta=[1.500648183339864, 1.5218306833422592, 1.576455039979209, 1.5110941805652847, 1.5743152231288033, 1.5644736781616859]
gamma=[0.09707957714465754, 1, 0.7800688388081067, 0.04040669464970992, 0.41238590112259366, 0.09781834415763235]

Score=0.0960459009724
alpha=[0.0074246103882591235, -0.063157608824360015, -0.0092489277177737906]
beta=[1.5176863977592487, 1.519792889963407, 1.576455039979209, 1.5137606762628109, 1.5734023478318442, 1.4840396127146303]
gamma=[0.09707957714465754, 1, 0.5082760428077043, 0.04040669464970992, 0.41238590112259366, 0.10093129137116108]

Score=0.0780528594142
alpha=[0.0074246103882591235, -0.04370356389966036, -0.008989830114907726]
beta=[1.500648183339864, 1.5218306833422592, 1.4643144433962532, 1.5110941805652847, 1.5743152231288033, 1.5819011410918882]
gamma=[0.7089718855553311, 0.8242231256247602, 1, 1, 0.9594940595726225, 0.09781834415763235]

Score=0.0712991452914
alpha=[0.0074246103882591235, -0.04370356389966036, -0.008989830114907726]
beta=[1.500648183339864, 1.5218306833422592, 1.4643144433962532, 1.5110941805652847, 1.5743152231288033, 1.5644736781616859]
gamma=[0.09707957714465754, 1, 1, 1, 0.41238590112259366, 0.09781834415763235]

Score=0.0718501771153
alpha=[0.0074246103882591235, -0.063157608824360015, -0.0092489277177737906]
beta=[1.5176863977592487, 1.5045352463785697, 1.576455039979209, 1.5137606762628109, 1.5743152231288033, 1.4840396127146303]
gamma=[0.09707957714465754, 1, 1, 1, 0.41238590112259366, 0.10093129137116108]

Score=0.0894079681641
alpha=[0.0074246103882591235, -0.04370356389966036, -0.008989830114907726]
beta=[1.500648183339864, 1.5218306833422592, 1.5736079860162673, 1.5110941805652847, 1.5743152231288033, 1.5644736781616859]
gamma=[0.09707957714465754, 1, 0.7800688388081067, 0.04040669464970992, 0.41238590112259366, 0.09781834415763235]

Score=0.0975828417899
alpha=[0.0074246103882591235, -0.04272412458267346, -0.008989830114907726]
beta=[1.500648183339864, 1.5218306833422592, 1.4643144433962532, 1.5110941805652847, 1.5743152231288033, 1.5644736781616859]
gamma=[0.7089718855553311, 1, 1, 1, 0.9594940595726225, 0.09781834415763235]

Score=0.0987512857874
alpha=[0.0074246103882591235, -0.063157608824360015, -0.008989830114907726]
beta=[1.500648183339864, 1.5218306833422592, 1.4229266098267679, 1.5110941805652847, 1.5743152231288033, 1.563846970780435]
gamma=[0.09707957714465754, 0.8242231256247602, 0.7800688388081067, 0.04040669464970992, 0.41238590112259366, 0.09781834415763235]

Score=0.088102891328
alpha=[0.0074246103882591235, -0.04370356389966036, -0.008989830114907726]
beta=[1.500648183339864, 1.5218306833422592, 1.5736079860162673, 1.5110941805652847, 1.5743152231288033, 1.5478986947455675]
gamma=[0.09707957714465754, 1, 0.7800688388081067, 0.04040669464970992, 0.41238590112259366, 0.09781834415763235]

Score=0.08417346486
alpha=[0.0074246103882591235, -0.04370356389966036, -0.008989830114907726]
beta=[1.500648183339864, 1.5218306833422592, 1.5736079860162673, 1.5110941805652847, 1.5743152231288033, 1.537953091160594]
gamma=[0.09707957714465754, 1, 0.7800688388081067, 0.04040669464970992, 0.41238590112259366, 0.10093129137116108]

Score=0.0768942306368
alpha=[0.0074246103882591235, -0.04370356389966036, -0.008989830114907726]
beta=[1.500648183339864, 1.5218306833422592, 1.5601087833564196, 1.5110941805652847, 1.5743152231288033, 1.5478986947455675]
gamma=[0.7089718855553311, 1, 0.7800688388081067, 1, 0.41238590112259366, 0.09781834415763235]

Score=0.0582908635479
alpha=[0.0074246103882591235, -0.063157608824360015, -0.008989830114907726]
beta=[1.500648183339864, 1.5218306833422592, 1.4643144433962532, 1.5110941805652847, 1.5743152231288033, 1.5587475658718355]
gamma=[0.09707957714465754, 1, 0.7800688388081067, 1, 0.41238590112259366, 0.09781834415763235]

Score=0.0867556317801
alpha=[0.0074246103882591235, -0.063157608824360015, -0.0092489277177737906]
beta=[1.5176863977592487, 1.519792889963407, 1.576455039979209, 1.5137606762628109, 1.5734023478318442, 1.4840396127146303]
gamma=[0.09707957714465754, 1, 0.5082760428077043, 0.04040669464970992, 0.41238590112259366, 0.10093129137116108]

Score=0.099820991072
alpha=[0.0074246103882591235, -0.063157608824360015, -0.0092489277177737906]
beta=[1.5176863977592487, 1.519792889963407, 1.576455039979209, 1.5137606762628109, 1.5734023478318442, 1.4840396127146303]
gamma=[0.09707957714465754, 1, 0.5082760428077043, 0.04040669464970992, 0.41238590112259366, 0.10093129137116108]

Score=0.0846773124473
alpha=[0.0074246103882591235, -0.063157608824360015, -0.0092489277177737906]
beta=[1.5176863977592487, 1.5045352463785697, 1.576455039979209, 1.5137606762628109, 1.5743152231288033, 1.5819011410918882]
gamma=[0.09707957714465754, 1, 1, 1, 0.41238590112259366, 0.10093129137116108]

Score=0.0881367374637
alpha=[0.0074246103882591235, -0.04370356389966036, -0.008989830114907726]
beta=[1.500648183339864, 1.5218306833422592, 1.4229266098267679, 1.5110941805652847, 1.5743152231288033, 1.5644736781616859]
gamma=[0.09707957714465754, 1, 1, 1, 0.9594940595726225, 0.09781834415763235]

Score=0.0727714362726
alpha=[0.0074246103882591235, -0.063157608824360015, -0.0092489277177737906]
beta=[1.5176863977592487, 1.5045352463785697, 1.576455039979209, 1.5137606762628109, 1.5743152231288033, 1.5819011410918882]
gamma=[0.09707957714465754, 1, 1, 1, 0.41238590112259366, 0.10093129137116108]

Score=0.0661923774894
alpha=[0.0074721459502486631, -0.063157608824360015, -0.008989830114907726]
beta=[1.500648183339864, 1.5218306833422592, 1.4643144433962532, 1.5110941805652847, 1.5743152231288033, 1.5225014377923818]
gamma=[0.09707957714465754, 1, 0.7800688388081067, 1, 0.41238590112259366, 0.10093129137116108]

Score=0.0939802830679
alpha=[0.0074246103882591235, -0.04370356389966036, -0.008989830114907726]
beta=[1.500648183339864, 1.5218306833422592, 1.4608542746650839, 1.5110941805652847, 1.5743152231288033, 1.5644736781616859]
gamma=[0.09707957714465754, 1, 1, 1, 0.41238590112259366, 0.09781834415763235]

Score=0.0893755759763
alpha=[0.0074246103882591235, -0.063157608824360015, -0.0092489277177737906]
beta=[1.500648183339864, 1.5218306833422592, 1.4643144433962532, 1.5110941805652847, 1.571293298283726, 1.5819011410918882]
gamma=[0.09707957714465754, 1, 0.7800688388081067, 1, 0.41238590112259366, 0.09781834415763235]

Score=0.0947606192636
alpha=[0.0074246103882591235, -0.063157608824360015, -0.0092489277177737906]
beta=[1.500648183339864, 1.497541372464111, 1.5736079860162673, 1.5137606762628109, 1.5743152231288033, 1.5648072343810202]
gamma=[0.09707957714465754, 1, 0.7800688388081067, 1, 0.41238590112259366, 0.09781834415763235]

Score=0.0750435545899
alpha=[0.0074246103882591235, -0.04370356389966036, -0.008989830114907726]
beta=[1.500648183339864, 1.5218306833422592, 1.5736079860162673, 1.5110941805652847, 1.5743152231288033, 1.5644736781616859]
gamma=[0.09707957714465754, 1, 1, 1, 0.41238590112259366, 0.09781834415763235]

Score=0.0968818645717
alpha=[0.0074721459502486631, -0.063157608824360015, -0.008989830114907726]
beta=[1.500648183339864, 1.5218306833422592, 1.4643144433962532, 1.5110941805652847, 1.5743152231288033, 1.5225014377923818]
gamma=[0.09707957714465754, 1, 0.7800688388081067, 1, 0.41238590112259366, 0.10093129137116108]

Score=0.0958480464482
alpha=[0.0074246103882591235, -0.04370356389966036, -0.008989830114907726]
beta=[1.500648183339864, 1.5045352463785697, 1.5736079860162673, 1.5110941805652847, 1.5743152231288033, 1.5648072343810202]
gamma=[0.09707957714465754, 1, 1, 1, 0.41238590112259366, 0.10093129137116108]

Score=0.0943302282806
alpha=[0.0074246103882591235, -0.04370356389966036, -0.008989830114907726]
beta=[1.500648183339864, 1.5218306833422592, 1.4643144433962532, 1.5110941805652847, 1.5743152231288033, 1.5644736781616859]
gamma=[0.09707957714465754, 1, 1, 1, 0.41238590112259366, 0.09781834415763235]

Score=0.0633483507384
alpha=[0.0074246103882591235, -0.04370356389966036, -0.008989830114907726]
beta=[1.500648183339864, 1.5218306833422592, 1.4643144433962532, 1.5110941805652847, 1.5743152231288033, 1.5644736781616859]
gamma=[0.09707957714465754, 1, 1, 1, 0.41238590112259366, 0.09781834415763235]

Score=0.0453597255991
alpha=[0.0074246103882591235, -0.04370356389966036, -0.0092489277177737906]
beta=[1.500648183339864, 1.5045352463785697, 1.5736079860162673, 1.5110941805652847, 1.5743152231288033, 1.5648072343810202]
gamma=[0.09707957714465754, 1, 1, 1, 0.41238590112259366, 0.10093129137116108]

Score=0.094185170309
alpha=[0.0074246103882591235, -0.04370356389966036, -0.008989830114907726]
beta=[1.500648183339864, 1.5350526217614413, 1.4643144433962532, 1.5110941805652847, 1.5743152231288033, 1.5644736781616859]
gamma=[0.09707957714465754, 1, 1, 1, 0.41238590112259366, 0.09781834415763235]

Score=0.0675964499397
alpha=[0.0074246103882591235, -0.04370356389966036, -0.008989830114907726]
beta=[1.500648183339864, 1.5218306833422592, 1.4643144433962532, 1.5110941805652847, 1.5743152231288033, 1.5644736781616859]
gamma=[0.09707957714465754, 1, 1, 1, 0.41238590112259366, 0.09781834415763235]

Score=0.0992204645089
alpha=[0.0074246103882591235, -0.04370356389966036, -0.008989830114907726]
beta=[1.500648183339864, 1.5078734283900266, 1.4643144433962532, 1.5110941805652847, 1.5743152231288033, 1.5644736781616859]
gamma=[0.09707957714465754, 1, 1, 1, 0.41238590112259366, 0.09781834415763235]

Score=0.0881590173669
alpha=[0.0074246103882591235, -0.04272412458267346, -0.008989830114907726]
beta=[1.5179271784319224, 1.5045352463785697, 1.576455039979209, 1.5137606762628109, 1.5743152231288033, 1.5819011410918882]
gamma=[0.09707957714465754, 1, 1, 1, 0.41238590112259366, 0.10093129137116108]

Score=0.0875978076687
alpha=[0.0074246103882591235, -0.04272412458267346, -0.0092489277177737906]
beta=[1.500648183339864, 1.5045352463785697, 1.4643144433962532, 1.5110941805652847, 1.5743152231288033, 1.5819011410918882]
gamma=[0.09707957714465754, 1, 1, 1, 0.41238590112259366, 0.09781834415763235]

Score=0.0870010444118
alpha=[0.0074246103882591235, -0.04370356389966036, -0.008989830114907726]
beta=[1.500648183339864, 1.5218306833422592, 1.5736079860162673, 1.5110941805652847, 1.5743152231288033, 1.5648072343810202]
gamma=[0.09707957714465754, 1, 0.7800688388081067, 1, 0.41238590112259366, 0.10093129137116108]

Score=0.0717934076875
alpha=[0.0074246103882591235, -0.042714207610834914, -0.0092489277177737906]
beta=[1.5176863977592487, 1.5045352463785697, 1.576455039979209, 1.5110941805652847, 1.5743152231288033, 1.5819011410918882]
gamma=[0.09707957714465754, 1, 1, 1, 0.9594940595726225, 0.10093129137116108]

Score=0.0832579787998
alpha=[0.0074246103882591235, -0.04370356389966036, -0.0092489277177737906]
beta=[1.500648183339864, 1.5045352463785697, 1.5736079860162673, 1.5110941805652847, 1.5743152231288033, 1.5648072343810202]
gamma=[0.09707957714465754, 1, 1, 1, 0.41238590112259366, 0.10093129137116108]

Score=0.0792745597689
alpha=[0.0074246103882591235, -0.04370356389966036, -0.008989830114907726]
beta=[1.500648183339864, 1.5218306833422592, 1.4643144433962532, 1.5110941805652847, 1.5743152231288033, 1.5819011410918882]
gamma=[0.09707957714465754, 1, 1, 1, 0.41238590112259366, 0.09781834415763235]

Score=0.0898449828223
alpha=[0.0074246103882591235, -0.04370356389966036, -0.0092489277177737906]
beta=[1.500648183339864, 1.5218306833422592, 1.5601087833564196, 1.5260811463456119, 1.5743152231288033, 1.5648072343810202]
gamma=[0.09707957714465754, 1, 0.7800688388081067, 1, 0.41238590112259366, 0.09781834415763235]

Score=0.0716209827543
alpha=[0.0074246103882591235, -0.063157608824360015, -0.0092489277177737906]
beta=[1.500648183339864, 1.5045352463785697, 1.5736079860162673, 1.5137606762628109, 1.5743152231288033, 1.4840396127146303]
gamma=[0.09707957714465754, 1, 1, 1, 0.41238590112259366, 0.10093129137116108]

Score=0.0910736312191
alpha=[0.0074246103882591235, -0.04272412458267346, -0.0092489277177737906]
beta=[1.500648183339864, 1.5045352463785697, 1.5736079860162673, 1.5110941805652847, 1.5743152231288033, 1.5819011410918882]
gamma=[0.09707957714465754, 1, 1, 1, 0.41238590112259366, 0.10093129137116108]

Score=0.0813621793358
alpha=[0.0074246103882591235, -0.04370356389966036, -0.008989830114907726]
beta=[1.4814469455138009, 1.5350526217614413, 1.4643144433962532, 1.5110941805652847, 1.5743152231288033, 1.5819011410918882]
gamma=[0.09707957714465754, 1, 1, 1, 0.41238590112259366, 0.09781834415763235]

Score=0.0839152705238
alpha=[0.0074246103882591235, -0.04272412458267346, -0.0092489277177737906]
beta=[1.5176863977592487, 1.5045352463785697, 1.5736079860162673, 1.5085908318176562, 1.5743152231288033, 1.5648072343810202]
gamma=[0.09707957714465754, 1, 1, 1, 0.41238590112259366, 0.10093129137116108]

Score=0.0903803994679
alpha=[0.0074246103882591235, -0.04272412458267346, -0.0092489277177737906]
beta=[1.5176863977592487, 1.5045352463785697, 1.5736079860162673, 1.5085908318176562, 1.5743152231288033, 1.5819011410918882]
gamma=[0.09707957714465754, 1, 1, 1, 0.41238590112259366, 0.10093129137116108]

Score=0.0982767061841
alpha=[0.0074246103882591235, -0.04370356389966036, -0.008989830114907726]
beta=[1.500648183339864, 1.5350526217614413, 1.5736079860162673, 1.5110941805652847, 1.5743152231288033, 1.5819011410918882]
gamma=[0.09707957714465754, 1, 1, 1, 0.41238590112259366, 0.09781834415763235]

Score=0.0853079927908
alpha=[0.0074246103882591235, -0.064351707233441524, -0.008989830114907726]
beta=[1.5176863977592487, 1.5218306833422592, 1.576455039979209, 1.5110941805652847, 1.5743152231288033, 1.4840396127146303]
gamma=[0.09707957714465754, 1, 1, 1, 0.41238590112259366, 0.10093129137116108]

Score=0.0673094413917
alpha=[0.0074246103882591235, -0.063157608824360015, -0.0092489277177737906]
beta=[1.5176863977592487, 1.5218306833422592, 1.576455039979209, 1.5137606762628109, 1.5743152231288033, 1.4840396127146303]
gamma=[0.09707957714465754, 1, 1, 1, 0.41238590112259366, 0.10093129137116108]

Score=0.0949987294962
alpha=[0.0074246103882591235, -0.063157608824360015, -0.008989830114907726]
beta=[1.5176863977592487, 1.5045352463785697, 1.576455039979209, 1.5137606762628109, 1.5743152231288033, 1.5648072343810202]
gamma=[0.09707957714465754, 1, 1, 1, 0.41238590112259366, 0.10093129137116108]

Score=0.0961248566525
alpha=[0.0074246103882591235, -0.04370356389966036, -0.0092489277177737906]
beta=[1.5176863977592487, 1.5045352463785697, 1.5736079860162673, 1.5110941805652847, 1.5743152231288033, 1.5648072343810202]
gamma=[0.09707957714465754, 1, 1, 1, 0.41238590112259366, 0.10093129137116108]

Score=0.0703797843019
alpha=[0.0074246103882591235, -0.04370356389966036, -0.008989830114907726]
beta=[1.500648183339864, 1.5350526217614413, 1.4643144433962532, 1.504601153159318, 1.5743152231288033, 1.5819011410918882]
gamma=[0.09707957714465754, 1, 1, 1, 0.41238590112259366, 0.09781834415763235]

Score=0.0852169130244
alpha=[0.0074246103882591235, -0.04272412458267346, -0.008989830114907726]
beta=[1.5179271784319224, 1.5045352463785697, 1.576455039979209, 1.5137606762628109, 1.5743152231288033, 1.5819011410918882]
gamma=[0.09707957714465754, 1, 1, 1, 0.41238590112259366, 0.10093129137116108]

Score=0.0923082817065
alpha=[0.0074246103882591235, -0.04370356389966036, -0.008989830114907726]
beta=[1.500648183339864, 1.5218306833422592, 1.4643144433962532, 1.504601153159318, 1.5743152231288033, 1.5819011410918882]
gamma=[0.09707957714465754, 1, 1, 1, 0.41238590112259366, 0.09781834415763235]

Score=0.0849728903801
alpha=[0.0074246103882591235, -0.04370356389966036, -0.008989830114907726]
beta=[1.500648183339864, 1.5218306833422592, 1.4643144433962532, 1.5110941805652847, 1.5743152231288033, 1.5644736781616859]
gamma=[0.09707957714465754, 1, 1, 1, 0.41238590112259366, 0.09781834415763235]

Score=0.0665456091292
alpha=[0.0074246103882591235, -0.04370356389966036, -0.008989830114907726]
beta=[1.500648183339864, 1.5218306833422592, 1.4643144433962532, 1.5110941805652847, 1.5743152231288033, 1.5644736781616859]
gamma=[0.09707957714465754, 1, 1, 1, 0.41238590112259366, 0.09781834415763235]

Score=0.0769551836398
alpha=[0.0074246103882591235, -0.04370356389966036, -0.008989830114907726]
beta=[1.500648183339864, 1.5218306833422592, 1.4643144433962532, 1.5110941805652847, 1.5743152231288033, 1.5644736781616859]
gamma=[0.09707957714465754, 1, 1, 1, 0.41238590112259366, 0.09781834415763235]

Score=0.0949065141663
alpha=[0.0074246103882591235, -0.04370356389966036, -0.008989830114907726]
beta=[1.500648183339864, 1.5218306833422592, 1.4643144433962532, 1.504601153159318, 1.5743152231288033, 1.5644736781616859]
gamma=[0.09707957714465754, 1, 1, 1, 0.41238590112259366, 0.09781834415763235]

Score=0.0597776571657
alpha=[0.0074246103882591235, -0.063157608824360015, -0.0092489277177737906]
beta=[1.5176863977592487, 1.5218306833422592, 1.576455039979209, 1.5110941805652847, 1.5743152231288033, 1.4840396127146303]
gamma=[0.09707957714465754, 1, 1, 1, 0.41238590112259366, 0.10093129137116108]

Score=0.0545181981567
alpha=[0.0074246103882591235, -0.063157608824360015, -0.008989830114907726]
beta=[1.500648183339864, 1.5218306833422592, 1.4643144433962532, 1.5110941805652847, 1.5743152231288033, 1.5225014377923818]
gamma=[0.09707957714465754, 1, 0.7800688388081067, 1, 0.41238590112259366, 0.10093129137116108]

Score=0.0907735112393
alpha=[0.0074246103882591235, -0.04370356389966036, -0.008989830114907726]
beta=[1.500648183339864, 1.5218306833422592, 1.4643144433962532, 1.5110941805652847, 1.5743152231288033, 1.5644736781616859]
gamma=[0.09707957714465754, 1, 1, 1, 0.41238590112259366, 0.09781834415763235]

Score=0.0741812799899
alpha=[0.0074246103882591235, -0.063157608824360015, -0.0092489277177737906]
beta=[1.4973224061015178, 1.5218306833422592, 1.576455039979209, 1.5260811463456119, 1.5685169838871071, 1.4840396127146303]
gamma=[0.09707957714465754, 1, 1, 1, 0.41238590112259366, 0.09781834415763235]

Score=0.0807390349746
alpha=[0.0074246103882591235, -0.063157608824360015, -0.0092489277177737906]
beta=[1.5176863977592487, 1.5218306833422592, 1.576455039979209, 1.5085908318176562, 1.5743152231288033, 1.5648072343810202]
gamma=[0.09707957714465754, 1, 1, 1, 0.41238590112259366, 0.10093129137116108]

Score=0.0936204883018
alpha=[0.0074246103882591235, -0.04370356389966036, -0.0093739552555903716]
beta=[1.500648183339864, 1.5045352463785697, 1.5736079860162673, 1.5137606762628109, 1.5743152231288033, 1.5648072343810202]
gamma=[0.09707957714465754, 1, 1, 1, 0.41238590112259366, 0.09781834415763235]

Score=0.0979799449188
alpha=[0.0074246103882591235, -0.04370356389966036, -0.008989830114907726]
beta=[1.500648183339864, 1.5218306833422592, 1.5736079860162673, 1.5110941805652847, 1.5743152231288033, 1.5648072343810202]
gamma=[0.09707957714465754, 1, 0.7800688388081067, 1, 0.41238590112259366, 0.10093129137116108]

Score=0.0716016958288
alpha=[0.0074246103882591235, -0.04370356389966036, -0.008989830114907726]
beta=[1.500648183339864, 1.5218306833422592, 1.4643144433962532, 1.5110941805652847, 1.5743152231288033, 1.5644736781616859]
gamma=[0.09707957714465754, 1, 1, 1, 0.41238590112259366, 0.09781834415763235]

Score=0.0805408434903
alpha=[0.0074246103882591235, -0.04370356389966036, -0.008989830114907726]
beta=[1.500648183339864, 1.5218306833422592, 1.5736079860162673, 1.5110941805652847, 1.5743152231288033, 1.5648072343810202]
gamma=[0.09707957714465754, 1, 0.7800688388081067, 1, 0.41238590112259366, 0.10093129137116108]

Score=0.0945441206673
alpha=[0.0074246103882591235, -0.063157608824360015, -0.0092489277177737906]
beta=[1.4973224061015178, 1.5218306833422592, 1.576455039979209, 1.5260811463456119, 1.5685169838871071, 1.4840396127146303]
gamma=[0.09707957714465754, 1, 1, 1, 0.41238590112259366, 0.09781834415763235]

Score=0.0833549923975
alpha=[0.0074246103882591235, -0.04370356389966036, -0.008989830114907726]
beta=[1.500648183339864, 1.5218306833422592, 1.4643144433962532, 1.5110941805652847, 1.5743152231288033, 1.5644736781616859]
gamma=[0.09707957714465754, 1, 1, 1, 0.41238590112259366, 0.09781834415763235]

Score=0.0653681378378
alpha=[0.0074246103882591235, -0.04370356389966036, -0.008989830114907726]
beta=[1.500648183339864, 1.5218306833422592, 1.4643144433962532, 1.5110941805652847, 1.5743152231288033, 1.5644736781616859]
gamma=[0.09707957714465754, 1, 1, 1, 0.41238590112259366, 0.09781834415763235]

Score=0.0711738992208
alpha=[0.0074246103882591235, -0.063157608824360015, -0.008989830114907726]
beta=[1.500648183339864, 1.5218306833422592, 1.576455039979209, 1.5137606762628109, 1.5743152231288033, 1.4840396127146303]
gamma=[0.09707957714465754, 1, 1, 1, 1, 1]

Score=0.0772398803773
alpha=[0.0074246103882591235, -0.04370356389966036, -0.0092489277177737906]
beta=[1.500648183339864, 1.5218306833422592, 1.5736079860162673, 1.5110941805652847, 1.5743152231288033, 1.5648072343810202]
gamma=[0.09707957714465754, 1, 1, 1, 0.41238590112259366, 0.10093129137116108]

Score=0.0965710084969
alpha=[0.0074246103882591235, -0.04370356389966036, -0.0092489277177737906]
beta=[1.500648183339864, 1.5218306833422592, 1.576455039979209, 1.5137606762628109, 1.5743152231288033, 1.5819011410918882]
gamma=[0.09707957714465754, 1, 1, 1, 0.41238590112259366, 0.10093129137116108]

Score=0.0706313507978
alpha=[0.0074246103882591235, -0.063157608824360015, -0.008989830114907726]
beta=[1.500648183339864, 1.5218306833422592, 1.4643144433962532, 1.5110941805652847, 1.5743152231288033, 1.5644736781616859]
gamma=[0.09707957714465754, 1, 0.7800688388081067, 1, 0.41238590112259366, 0.10093129137116108]

Score=0.0841264386181
alpha=[0.0074246103882591235, -0.04370356389966036, -0.0092489277177737906]
beta=[1.500648183339864, 1.5045352463785697, 1.5736079860162673, 1.5260811463456119, 1.5743152231288033, 1.5648072343810202]
gamma=[0.09707957714465754, 1, 1, 1, 0.41238590112259366, 0.09781834415763235]

Score=0.0940088255469
alpha=[0.0074246103882591235, -0.063157608824360015, -0.0092489277177737906]
beta=[1.5176863977592487, 1.5218306833422592, 1.576455039979209, 1.5260811463456119, 1.5685169838871071, 1.4840396127146303]
gamma=[0.09707957714465754, 1, 1, 1, 0.41238590112259366, 0.09781834415763235]

Score=0.0835475919916
alpha=[0.0074246103882591235, -0.04370356389966036, -0.008989830114907726]
beta=[1.500648183339864, 1.5218306833422592, 1.5736079860162673, 1.5110941805652847, 1.5743152231288033, 1.5648072343810202]
gamma=[0.09707957714465754, 1, 1, 1, 0.41238590112259366, 0.10093129137116108]

Score=0.0697956562382
alpha=[0.0074246103882591235, -0.04370356389966036, -0.008989830114907726]
beta=[1.500648183339864, 1.5218306833422592, 1.4643144433962532, 1.5110941805652847, 1.5743152231288033, 1.5644736781616859]
gamma=[0.09707957714465754, 1, 1, 1, 0.41238590112259366, 0.09781834415763235]

Score=0.0931843557252
alpha=[0.0074246103882591235, -0.063157608824360015, -0.008989830114907726]
beta=[1.500648183339864, 1.5350526217614413, 1.4643144433962532, 1.5110941805652847, 1.5743152231288033, 1.5225014377923818]
gamma=[0.09707957714465754, 1, 0.7800688388081067, 1, 0.41238590112259366, 0.09781834415763235]

Score=0.0929114719376
alpha=[0.0074246103882591235, -0.04370356389966036, -0.0092489277177737906]
beta=[1.500648183339864, 1.5218306833422592, 1.5736079860162673, 1.5110941805652847, 1.5743152231288033, 1.5648072343810202]
gamma=[0.09707957714465754, 1, 1, 1, 0.41238590112259366, 0.10093129137116108]

Score=0.0949906653791
alpha=[0.0074246103882591235, -0.04370356389966036, -0.008989830114907726]
beta=[1.500648183339864, 1.5350526217614413, 1.4643144433962532, 1.5110941805652847, 1.5743152231288033, 1.5644736781616859]
gamma=[0.09707957714465754, 1, 1, 1, 0.41238590112259366, 0.10093129137116108]

Score=0.0863818590204
alpha=[0.0074246103882591235, -0.04370356389966036, -0.0092489277177737906]
beta=[1.500648183339864, 1.5218306833422592, 1.5736079860162673, 1.5110941805652847, 1.5825819073111789, 1.5648072343810202]
gamma=[0.09707957714465754, 1, 1, 1, 0.41238590112259366, 0.10093129137116108]

Score=0.0907496643174
alpha=[0.0074246103882591235, -0.04370356389966036, -0.008989830114907726]
beta=[1.500648183339864, 1.5218306833422592, 1.4643144433962532, 1.5110941805652847, 1.5743152231288033, 1.5644736781616859]
gamma=[0.09707957714465754, 1, 1, 1, 0.41238590112259366, 0.09781834415763235]

Score=0.0985614171829
alpha=[0.0074246103882591235, -0.04370356389966036, -0.008989830114907726]
beta=[1.500648183339864, 1.5218306833422592, 1.4643144433962532, 1.5110941805652847, 1.5743152231288033, 1.5691937631469564]
gamma=[0.09707957714465754, 1, 0.7800688388081067, 1, 0.41238590112259366, 0.10093129137116108]

Score=0.0558743086544
alpha=[0.0074246103882591235, -0.063157608824360015, -0.008989830114907726]
beta=[1.500648183339864, 1.5350526217614413, 1.4643144433962532, 1.5110941805652847, 1.5743152231288033, 1.5225014377923818]
gamma=[0.09707957714465754, 1, 0.7800688388081067, 1, 0.41238590112259366, 0.10093129137116108]

Score=0.0853932817469
alpha=[0.0074246103882591235, -0.04370356389966036, -0.008989830114907726]
beta=[1.500648183339864, 1.5218306833422592, 1.4643144433962532, 1.5110941805652847, 1.5743152231288033, 1.5644736781616859]
gamma=[0.09707957714465754, 1, 1, 1, 0.41238590112259366, 0.09781834415763235]

Score=0.0968824675084
alpha=[0.0074246103882591235, -0.04370356389966036, -0.0092489277177737906]
beta=[1.500648183339864, 1.4971960629961434, 1.5736079860162673, 1.5110941805652847, 1.5743152231288033, 1.5648072343810202]
gamma=[0.09707957714465754, 1, 1, 1, 0.41238590112259366, 0.10093129137116108]

Score=0.0969970183201
alpha=[0.0074246103882591235, -0.04370356389966036, -0.008989830114907726]
beta=[1.500648183339864, 1.5350526217614413, 1.4643144433962532, 1.504601153159318, 1.5743152231288033, 1.5644736781616859]
gamma=[0.09707957714465754, 1, 1, 1, 0.41238590112259366, 0.09781834415763235]

Score=0.0763473999445
alpha=[0.0074246103882591235, -0.04370356389966036, -0.0092489277177737906]
beta=[1.500648183339864, 1.5045352463785697, 1.5751426126918762, 1.5110941805652847, 1.5743152231288033, 1.5648072343810202]
gamma=[0.09707957714465754, 1, 1, 1, 0.41238590112259366, 0.10093129137116108]

Score=0.0888525830793
alpha=[0.0074246103882591235, -0.04370356389966036, -0.008989830114907726]
beta=[1.500648183339864, 1.5218306833422592, 1.4643144433962532, 1.504601153159318, 1.5743152231288033, 1.5819011410918882]
gamma=[0.09707957714465754, 1, 1, 1, 0.41238590112259366, 0.09781834415763235]

Score=0.060837544371
alpha=[0.0074246103882591235, -0.04370356389966036, -0.008989830114907726]
beta=[1.500648183339864, 1.5350526217614413, 1.4643144433962532, 1.5110941805652847, 1.5743152231288033, 1.5648072343810202]
gamma=[0.09707957714465754, 1, 0.7800688388081067, 1, 0.41238590112259366, 0.10093129137116108]

Score=0.0942598852555
alpha=[0.0074246103882591235, -0.04370356389966036, -0.008989830114907726]
beta=[1.4973224061015178, 1.5218306833422592, 1.450513734668418, 1.5260811463456119, 1.5685169838871071, 1.5644736781616859]
gamma=[0.09707957714465754, 1, 1, 1, 0.41238590112259366, 0.09781834415763235]

Score=0.0840711710263
alpha=[0.0074246103882591235, -0.04370356389966036, -0.008989830114907726]
beta=[1.500648183339864, 1.5218306833422592, 1.4643144433962532, 1.5110941805652847, 1.5743152231288033, 1.5420636818212596]
gamma=[0.09707957714465754, 1, 1, 1, 0.41238590112259366, 0.09781834415763235]

Score=0.0507287381547
alpha=[0.0074246103882591235, -0.04370356389966036, -0.0092489277177737906]
beta=[1.500648183339864, 1.5218306833422592, 1.4643144433962532, 1.5110941805652847, 1.5743152231288033, 1.5648072343810202]
gamma=[0.09707957714465754, 1, 1, 1, 0.41238590112259366, 0.10093129137116108]

Score=0.0987023396839
alpha=[0.0074246103882591235, -0.04370356389966036, -0.008989830114907726]
beta=[1.500648183339864, 1.5218306833422592, 1.4643144433962532, 1.5110941805652847, 1.5685169838871071, 1.5644736781616859]
gamma=[0.09707957714465754, 1, 1, 1, 0.41238590112259366, 0.09781834415763235]

Score=0.0955521129192
alpha=[0.0074246103882591235, -0.04370356389966036, -0.0083740943134741636]
beta=[1.500648183339864, 1.5350526217614413, 1.5751426126918762, 1.5110941805652847, 1.5743152231288033, 1.5648072343810202]
gamma=[0.09707957714465754, 1, 0.7800688388081067, 1, 0.41238590112259366, 0.10093129137116108]

Score=0.0686384651887
alpha=[0.0074246103882591235, -0.063157608824360015, -0.0092489277177737906]
beta=[1.4973224061015178, 1.5218306833422592, 1.576455039979209, 1.5260811463456119, 1.5685169838871071, 1.4840396127146303]
gamma=[0.09707957714465754, 1, 1, 1, 0.41238590112259366, 0.10093129137116108]

Score=0.068411388005
alpha=[0.0074246103882591235, -0.04370356389966036, -0.0092489277177737906]
beta=[1.500648183339864, 1.5045352463785697, 1.5736079860162673, 1.5110941805652847, 1.5743152231288033, 1.5648072343810202]
gamma=[0.09707957714465754, 1, 1, 1, 0.41238590112259366, 0.10093129137116108]

Score=0.0778561003702
alpha=[0.0074246103882591235, -0.063503550127754577, -0.008989830114907726]
beta=[1.500648183339864, 1.5350526217614413, 1.4643144433962532, 1.5110941805652847, 1.5743152231288033, 1.5225014377923818]
gamma=[0.09707957714465754, 1, 0.7800688388081067, 1, 0.41238590112259366, 0.10093129137116108]

Score=0.0928051787401
alpha=[0.0074246103882591235, -0.04370356389966036, -0.008989830114907726]
beta=[1.500648183339864, 1.5218306833422592, 1.5751426126918762, 1.5110941805652847, 1.5743152231288033, 1.5644736781616859]
gamma=[0.09707957714465754, 1, 1, 1, 1, 0.10093129137116108]

Score=0.0666892282338
alpha=[0.0074246103882591235, -0.04370356389966036, -0.008989830114907726]
beta=[1.500648183339864, 1.5218306833422592, 1.576455039979209, 1.5260811463456119, 1.5685169838871071, 1.4840396127146303]
gamma=[0.09707957714465754, 1, 1, 1, 0.41238590112259366, 0.09781834415763235]

Score=0.0982021864273
alpha=[0.0074246103882591235, -0.063503550127754577, -0.008989830114907726]
beta=[1.500648183339864, 1.5350526217614413, 1.450513734668418, 1.5110941805652847, 1.5685169838871071, 1.5929270982981825]
gamma=[0.09707957714465754, 1, 1, 1, 0.41238590112259366, 0.10093129137116108]

Score=0.0993364189628
alpha=[0.0074246103882591235, -0.04370356389966036, -0.008989830114907726]
beta=[1.500648183339864, 1.5218306833422592, 1.4643144433962532, 1.504601153159318, 1.5743152231288033, 1.5644736781616859]
gamma=[0.09707957714465754, 1, 1, 1, 0.41238590112259366, 0.09781834415763235]

Score=0.0899787707072
alpha=[0.0074246103882591235, -0.063503550127754577, -0.008989830114907726]
beta=[1.500648183339864, 1.5350526217614413, 1.4643144433962532, 1.5110941805652847, 1.5743152231288033, 1.5225014377923818]
gamma=[0.09707957714465754, 1, 0.7800688388081067, 1, 0.41238590112259366, 0.10093129137116108]

Score=0.095155113486
alpha=[0.0074246103882591235, -0.063157608824360015, -0.0092489277177737906]
beta=[1.5176863977592487, 1.5218306833422592, 1.576455039979209, 1.5260811463456119, 1.5685169838871071, 1.4840396127146303]
gamma=[0.09707957714465754, 1, 1, 1, 0.41238590112259366, 0.09781834415763235]

Score=0.0925138734473
alpha=[0.0074246103882591235, -0.043375953573972045, -0.008989830114907726]
beta=[1.504193302872298, 1.535154024056588, 1.4643144433962532, 1.5110941805652847, 1.5743152231288033, 1.5644736781616859]
gamma=[0.09707957714465754, 1, 1, 1, 0.41238590112259366, 0.09781834415763235]

Score=0.0763104781483
alpha=[0.0074246103882591235, -0.04370356389966036, -0.008989830114907726]
beta=[1.500648183339864, 1.5218306833422592, 1.4643144433962532, 1.5110941805652847, 1.5778759987045239, 1.5644736781616859]
gamma=[0.09707957714465754, 1, 1, 1, 0.41238590112259366, 0.09781834415763235]

Score=0.0618978726914
alpha=[0.0074246103882591235, -0.04370356389966036, -0.008989830114907726]
beta=[1.4973224061015178, 1.5350526217614413, 1.4643144433962532, 1.5110941805652847, 1.5685169838871071, 1.5644736781616859]
gamma=[0.09707957714465754, 1, 1, 1, 0.41238590112259366, 0.10093129137116108]

Score=0.0849698185536
alpha=[0.0074246103882591235, -0.04370356389966036, -0.0092489277177737906]
beta=[1.500648183339864, 1.5045352463785697, 1.5736079860162673, 1.5260811463456119, 1.5685169838871071, 1.4840396127146303]
gamma=[0.09707957714465754, 1, 1, 1, 0.41238590112259366, 0.10093129137116108]

Score=0.0985090351398
alpha=[0.0074246103882591235, -0.04370356389966036, -0.0092489277177737906]
beta=[1.500648183339864, 1.5045352463785697, 1.5736079860162673, 1.5110941805652847, 1.5743152231288033, 1.5648072343810202]
gamma=[0.09707957714465754, 1, 1, 1, 0.41238590112259366, 0.10093129137116108]

Score=0.0877333547892
alpha=[0.0079556049806988969, -0.063157608824360015, -0.0092489277177737906]
beta=[1.4940988505418926, 1.5045352463785697, 1.5736079860162673, 1.5260811463456119, 1.5743152231288033, 1.4840396127146303]
gamma=[0.09707957714465754, 1, 1, 1, 0.41238590112259366, 0.09781834415763235]

Score=0.0693528551604
alpha=[0.0079556049806988969, -0.04370356389966036, -0.0092489277177737906]
beta=[1.4940988505418926, 1.5045352463785697, 1.5736079860162673, 1.5260811463456119, 1.5743152231288033, 1.4840396127146303]
gamma=[0.09707957714465754, 1, 1, 1, 0.41238590112259366, 0.10093129137116108]

Score=0.0929442155128
alpha=[0.0074246103882591235, -0.063503550127754577, -0.008989830114907726]
beta=[1.500648183339864, 1.5350526217614413, 1.4643144433962532, 1.5110941805652847, 1.5743152231288033, 1.5225014377923818]
gamma=[0.09707957714465754, 1, 0.7800688388081067, 1, 0.41238590112259366, 0.10093129137116108]

Score=0.0836055719536
alpha=[0.0074246103882591235, -0.063157608824360015, -0.008989830114907726]
beta=[1.500648183339864, 1.5218306833422592, 1.576455039979209, 1.5260811463456119, 1.5685169838871071, 1.4840396127146303]
gamma=[0.09707957714465754, 1, 1, 1, 0.41238590112259366, 0.09781834415763235]

Score=0.09357784088
alpha=[0.0074246103882591235, -0.04370356389966036, -0.008989830114907726]
beta=[1.500648183339864, 1.5218306833422592, 1.4643144433962532, 1.5110941805652847, 1.5743152231288033, 1.5648072343810202]
gamma=[0.09707957714465754, 1, 0.7800688388081067, 1, 1, 0.09781834415763235]

Score=0.0752796637733
alpha=[0.0074246103882591235, -0.04370356389966036, -0.008989830114907726]
beta=[1.500648183339864, 1.5218306833422592, 1.4643144433962532, 1.5110941805652847, 1.5743152231288033, 1.5644736781616859]
gamma=[0.09707957714465754, 1, 0.7800688388081067, 1, 0.41238590112259366, 0.09781834415763235]

Score=0.0902670175315
alpha=[0.0074246103882591235, -0.04370356389966036, -0.008989830114907726]
beta=[1.500648183339864, 1.5350526217614413, 1.4643144433962532, 1.5110941805652847, 1.5743152231288033, 1.5648072343810202]
gamma=[0.09707957714465754, 1, 0.7800688388081067, 1, 0.41238590112259366, 0.10093129137116108]

Score=0.0894557019666
alpha=[0.0074246103882591235, -0.04370356389966036, -0.008989830114907726]
beta=[1.4973224061015178, 1.5350526217614413, 1.4643144433962532, 1.5110941805652847, 1.5685169838871071, 1.5644736781616859]
gamma=[0.09707957714465754, 1, 1, 1, 0.41238590112259366, 0.10093129137116108]

Score=0.078527304768
alpha=[0.0074246103882591235, -0.04370356389966036, -0.008989830114907726]
beta=[1.500648183339864, 1.5218306833422592, 1.576455039979209, 1.5260811463456119, 1.5685169838871071, 1.4840396127146303]
gamma=[0.09707957714465754, 1, 1, 1, 0.41238590112259366, 0.09781834415763235]

Score=0.0912131207027
alpha=[0.0074246103882591235, -0.04370356389966036, -0.008989830114907726]
beta=[1.4973224061015178, 1.5350526217614413, 1.4643144433962532, 1.5110941805652847, 1.5532348565500846, 1.5644736781616859]
gamma=[0.09707957714465754, 1, 1, 1, 0.41238590112259366, 0.09781834415763235]

Score=0.0539744372291
alpha=[0.0074246103882591235, -0.063157608824360015, -0.0092489277177737906]
beta=[1.500648183339864, 1.5218306833422592, 1.4643144433962532, 1.5110941805652847, 1.5743152231288033, 1.5644736781616859]
gamma=[0.09707957714465754, 1, 0.7800688388081067, 1, 0.41238590112259366, 0.10093129137116108]

Score=0.0968801357443
alpha=[0.0074246103882591235, -0.04370356389966036, -0.008989830114907726]
beta=[1.500648183339864, 1.5350526217614413, 1.4643144433962532, 1.5110941805652847, 1.5743152231288033, 1.5648072343810202]
gamma=[0.09707957714465754, 1, 0.7800688388081067, 1, 0.41238590112259366, 0.10093129137116108]

Score=0.0644604166695
alpha=[0.0074246103882591235, -0.04370356389966036, -0.008989830114907726]
beta=[1.4973224061015178, 1.5218306833422592, 1.576455039979209, 1.5110941805652847, 1.5685169838871071, 1.4840396127146303]
gamma=[0.09707957714465754, 1, 1, 1, 0.41238590112259366, 0.09781834415763235]

Score=0.0802805814935
alpha=[0.0074246103882591235, -0.063157608824360015, -0.008989830114907726]
beta=[1.5176863977592487, 1.5218306833422592, 1.576455039979209, 1.5110941805652847, 1.5743152231288033, 1.4840396127146303]
gamma=[0.09707957714465754, 1, 1, 1, 0.41238590112259366, 0.10093129137116108]

Score=0.0778751122078
alpha=[0.0074246103882591235, -0.063503550127754577, -0.0092489277177737906]
beta=[1.500648183339864, 1.5350526217614413, 1.4643144433962532, 1.5110941805652847, 1.5743152231288033, 1.5225014377923818]
gamma=[0.09707957714465754, 1, 0.7800688388081067, 1, 0.41238590112259366, 0.10093129137116108]

Score=0.0966902925973
alpha=[0.0074246103882591235, -0.04370356389966036, -0.008989830114907726]
beta=[1.4973224061015178, 1.5350526217614413, 1.5736079860162673, 1.5110941805652847, 1.5532348565500846, 1.5644736781616859]
gamma=[0.09707957714465754, 1, 1, 1, 0.41238590112259366, 0.09781834415763235]

Score=0.050281521198
alpha=[0.0074246103882591235, -0.063157608824360015, -0.0092489277177737906]
beta=[1.5176863977592487, 1.5218306833422592, 1.576455039979209, 1.5137606762628109, 1.5743152231288033, 1.5648072343810202]
gamma=[0.09707957714465754, 1, 1, 1, 0.41238590112259366, 0.10093129137116108]

Score=0.0895641243352
alpha=[0.0074246103882591235, -0.065401735600542632, -0.0096556452436855587]
beta=[1.500648183339864, 1.5045352463785697, 1.576455039979209, 1.5137606762628109, 1.5685169838871071, 1.5648072343810202]
gamma=[0.09707957714465754, 1, 1, 1, 0.41238590112259366, 0.10093129137116108]

Score=0.0875875002662
alpha=[0.0074246103882591235, -0.04370356389966036, -0.008989830114907726]
beta=[1.4973224061015178, 1.5350526217614413, 1.5736079860162673, 1.5110941805652847, 1.5685169838871071, 1.4840396127146303]
gamma=[0.09707957714465754, 1, 1, 1, 0.41238590112259366, 0.09781834415763235]

Score=0.0903630887197
alpha=[0.0074246103882591235, -0.042949216557274267, -0.0082242675617000428]
beta=[1.5176863977592487, 1.5218306833422592, 1.5751426126918762, 1.5137606762628109, 1.5685169838871071, 1.5648072343810202]
gamma=[0.09707957714465754, 1, 1, 1, 0.41238590112259366, 0.10093129137116108]

Score=0.0666468856213
alpha=[0.0074246103882591235, -0.063157608824360015, -0.008989830114907726]
beta=[1.5176863977592487, 1.5218306833422592, 1.576455039979209, 1.5260811463456119, 1.5743152231288033, 1.4840396127146303]
gamma=[0.09707957714465754, 1, 1, 1, 0.41238590112259366, 0.10093129137116108]

Score=0.0941729605644
alpha=[0.0074246103882591235, -0.04370356389966036, -0.0092489277177737906]
beta=[1.500648183339864, 1.53248106184493, 1.5751426126918762, 1.5110941805652847, 1.5743152231288033, 1.5648072343810202]
gamma=[0.09707957714465754, 1, 0.7800688388081067, 1, 1, 0.09781834415763235]

Score=0.0883832056396
alpha=[0.008483262493539442, -0.04370356389966036, -0.0098179195844815253]
beta=[1.4973224061015178, 1.5218306833422592, 1.4643144433962532, 1.5110941805652847, 1.5685169838871071, 1.5644736781616859]
gamma=[0.09707957714465754, 1, 1, 1, 0.41238590112259366, 0.09781834415763235]

Score=0.0890254439351
alpha=[0.0074246103882591235, -0.04370356389966036, -0.008989830114907726]
beta=[1.500648183339864, 1.5350526217614413, 1.4643144433962532, 1.5110941805652847, 1.5743152231288033, 1.5225014377923818]
gamma=[0.09707957714465754, 1, 1, 1, 0.41238590112259366, 0.09781834415763235]

Score=0.0878015138425
alpha=[0.0074246103882591235, -0.063157608824360015, -0.0083740943134741636]
beta=[1.5176863977592487, 1.5218306833422592, 1.5751426126918762, 1.5137606762628109, 1.5685169838871071, 1.4840396127146303]
gamma=[0.09707957714465754, 1, 1, 1, 0.41238590112259366, 0.10093129137116108]

Score=0.0637741086261
alpha=[0.0074246103882591235, -0.063157608824360015, -0.0092489277177737906]
beta=[1.4973224061015178, 1.5218306833422592, 1.576455039979209, 1.5110941805652847, 1.5743152231288033, 1.4840396127146303]
gamma=[0.09707957714465754, 1, 1, 1, 0.41238590112259366, 0.10093129137116108]

Score=0.0974894949407
alpha=[0.0074246103882591235, -0.04370356389966036, -0.0092489277177737906]
beta=[1.500648183339864, 1.5350526217614413, 1.4643144433962532, 1.5110941805652847, 1.5743152231288033, 1.5644736781616859]
gamma=[0.09707957714465754, 1, 0.7800688388081067, 1, 0.41238590112259366, 0.09781834415763235]

Score=0.0910461739217
alpha=[0.0074246103882591235, -0.063157608824360015, -0.008989830114907726]
beta=[1.500648183339864, 1.5218306833422592, 1.4643144433962532, 1.5260811463456119, 1.5743152231288033, 1.5644736781616859]
gamma=[0.09707957714465754, 1, 1, 1, 0.41238590112259366, 0.10093129137116108]

Score=0.0968307372216
alpha=[0.0074246103882591235, -0.04370356389966036, -0.0092489277177737906]
beta=[1.500648183339864, 1.5218306833422592, 1.4643144433962532, 1.5110941805652847, 1.5743152231288033, 1.5225014377923818]
gamma=[0.09707957714465754, 1, 0.7800688388081067, 1, 0.41238590112259366, 0.10093129137116108]

Score=0.0823607469052
alpha=[0.0074246103882591235, -0.063157608824360015, -0.0092489277177737906]
beta=[1.4973224061015178, 1.5045352463785697, 1.576455039979209, 1.534179290496277, 1.5743152231288033, 1.4840396127146303]
gamma=[0.09707957714465754, 1, 1, 1, 0.41238590112259366, 0.10093129137116108]

Score=0.0986738734154
alpha=[0.0074246103882591235, -0.063157608824360015, -0.008989830114907726]
beta=[1.4973224061015178, 1.5172798292667025, 1.5736079860162673, 1.5110941805652847, 1.5743152231288033, 1.4840396127146303]
gamma=[0.09707957714465754, 1, 0.7800688388081067, 1, 0.41238590112259366, 0.10093129137116108]

Score=0.0894181389362
alpha=[0.0074246103882591235, -0.063157608824360015, -0.0092489277177737906]
beta=[1.500648183339864, 1.5218306833422592, 1.4643144433962532, 1.5074875364368654, 1.5743152231288033, 1.5648072343810202]
gamma=[0.09707957714465754, 1, 0.7800688388081067, 1, 0.41238590112259366, 0.10093129137116108]

Score=0.0950463270369
alpha=[0.0074246103882591235, -0.063157608824360015, -0.008989830114907726]
beta=[1.4973224061015178, 1.5218306833422592, 1.576455039979209, 1.534179290496277, 1.5743152231288033, 1.4840396127146303]
gamma=[0.09707957714465754, 1, 1, 1, 0.41238590112259366, 0.10093129137116108]

Score=0.0798132657321
alpha=[0.0074246103882591235, -0.063157608824360015, -0.0092489277177737906]
beta=[1.500648183339864, 1.5218306833422592, 1.4643144433962532, 1.5110941805652847, 1.5743152231288033, 1.5644736781616859]
gamma=[0.09707957714465754, 1, 0.7800688388081067, 1, 0.41238590112259366, 0.09781834415763235]

Score=0.0800989834077
alpha=[0.0074246103882591235, -0.04370356389966036, -0.008989830114907726]
beta=[1.500648183339864, 1.5218306833422592, 1.4643144433962532, 1.5110941805652847, 1.5743152231288033, 1.5644736781616859]
gamma=[0.09707957714465754, 1, 1, 1, 0.41238590112259366, 0.09781834415763235]

Score=0.0865556701607
alpha=[0.0074246103882591235, -0.063157608824360015, -0.008989830114907726]
beta=[1.4973224061015178, 1.5218306833422592, 1.576455039979209, 1.5110941805652847, 1.5743152231288033, 1.4840396127146303]
gamma=[0.09707957714465754, 1, 0.7800688388081067, 1, 0.41238590112259366, 0.10093129137116108]

Score=0.0929464668014
alpha=[0.0074246103882591235, -0.042848474385100047, -0.0092489277177737906]
beta=[1.5176863977592487, 1.5218306833422592, 1.5751426126918762, 1.5137606762628109, 1.5743152231288033, 1.4840396127146303]
gamma=[0.09707957714465754, 1, 1, 1, 0.41238590112259366, 0.10093129137116108]

Score=0.0680909536582
alpha=[0.0074246103882591235, -0.063157608824360015, -0.008989830114907726]
beta=[1.4973224061015178, 1.5218306833422592, 1.576455039979209, 1.534179290496277, 1.5743152231288033, 1.4840396127146303]
gamma=[0.09707957714465754, 1, 1, 1, 0.41238590112259366, 0.10093129137116108]

Score=0.0684419292335
alpha=[0.0074246103882591235, -0.04370356389966036, -0.0092489277177737906]
beta=[1.4973224061015178, 1.5218306833422592, 1.4643144433962532, 1.5110941805652847, 1.5685169838871071, 1.4840396127146303]
gamma=[0.09707957714465754, 1, 1, 1, 0.41238590112259366, 0.09781834415763235]

Score=0.0798048744443
alpha=[0.0074246103882591235, -0.04370356389966036, -0.0092489277177737906]
beta=[1.500648183339864, 1.5218306833422592, 1.4643144433962532, 1.5110941805652847, 1.5743152231288033, 1.5644736781616859]
gamma=[0.09707957714465754, 1, 0.7800688388081067, 1, 0.41238590112259366, 0.10093129137116108]

Score=0.0906715509998
alpha=[0.0074246103882591235, -0.062821623640488516, -0.008989830114907726]
beta=[1.500648183339864, 1.5218306833422592, 1.4643144433962532, 1.5110941805652847, 1.5743152231288033, 1.4840396127146303]
gamma=[0.09707957714465754, 1, 0.7800688388081067, 1, 0.41238590112259366, 0.09781834415763235]

Score=0.0992739827005
alpha=[0.0074246103882591235, -0.04370356389966036, -0.008989830114907726]
beta=[1.500648183339864, 1.5218306833422592, 1.4643144433962532, 1.5110941805652847, 1.5743152231288033, 1.5644736781616859]
gamma=[0.09707957714465754, 1, 1, 1, 0.41238590112259366, 0.09781834415763235]

Score=0.0863492673661
alpha=[0.0074246103882591235, -0.04370356389966036, -0.008989830114907726]
beta=[1.5176863977592487, 1.5218306833422592, 1.576455039979209, 1.5110941805652847, 1.5743152231288033, 1.5648072343810202]
gamma=[0.09707957714465754, 1, 0.7800688388081067, 1, 0.41238590112259366, 0.10093129137116108]

Score=0.0834877777816
alpha=[0.0074246103882591235, -0.042949216557274267, -0.0092489277177737906]
beta=[1.500648183339864, 1.5045352463785697, 1.5736079860162673, 1.5110941805652847, 1.5743152231288033, 1.4840396127146303]
gamma=[0.09707957714465754, 1, 1, 1, 0.41238590112259366, 0.10093129137116108]

Score=0.0880675565913
alpha=[0.0074246103882591235, -0.04370356389966036, -0.0083740943134741636]
beta=[1.500648183339864, 1.5218306833422592, 1.5736079860162673, 1.5110941805652847, 1.5743152231288033, 1.5648072343810202]
gamma=[0.09707957714465754, 1, 1, 1, 0.41238590112259366, 0.10093129137116108]

Score=0.0995507597291
alpha=[0.0074246103882591235, -0.042848474385100047, -0.0092489277177737906]
beta=[1.4973224061015178, 1.5218306833422592, 1.576455039979209, 1.5110941805652847, 1.5743152231288033, 1.4840396127146303]
gamma=[0.09707957714465754, 1, 1, 1, 0.41238590112259366, 0.10093129137116108]

Score=0.085452957458
alpha=[0.0074246103882591235, -0.04370356389966036, -0.008989830114907726]
beta=[1.500648183339864, 1.5218306833422592, 1.4643144433962532, 1.5110941805652847, 1.5743152231288033, 1.5644736781616859]
gamma=[0.09707957714465754, 1, 1, 1, 0.41238590112259366, 0.09781834415763235]

Score=0.0823923657081
alpha=[0.0074246103882591235, -0.063157608824360015, -0.0092489277177737906]
beta=[1.5176863977592487, 1.5218306833422592, 1.5751426126918762, 1.5110941805652847, 1.5685169838871071, 1.4840396127146303]
gamma=[0.09707957714465754, 1, 1, 1, 0.41238590112259366, 0.10093129137116108]

Score=0.0614381348197
alpha=[0.0074246103882591235, -0.063157608824360015, -0.0092489277177737906]
beta=[1.4973224061015178, 1.5218306833422592, 1.4643144433962532, 1.5110941805652847, 1.5743152231288033, 1.4840396127146303]
gamma=[0.09707957714465754, 1, 1, 1, 0.41238590112259366, 0.10093129137116108]

Score=0.0961542962308
alpha=[0.0074246103882591235, -0.063157608824360015, -0.0092489277177737906]
beta=[1.4973224061015178, 1.5218306833422592, 1.4643144433962532, 1.5110941805652847, 1.5743152231288033, 1.4840396127146303]
gamma=[0.09707957714465754, 1, 1, 1, 0.41238590112259366, 0.10093129137116108]

Score=0.0649282739932
alpha=[0.0074246103882591235, -0.063157608824360015, -0.0086320119458591603]
beta=[1.4973224061015178, 1.5218306833422592, 1.4643144433962532, 1.5110941805652847, 1.5685169838871071, 1.4840396127146303]
gamma=[0.09707957714465754, 1, 1, 1, 0.41238590112259366, 0.09781834415763235]

Score=0.089852066204
alpha=[0.0074246103882591235, -0.04370356389966036, -0.0092489277177737906]
beta=[1.4973224061015178, 1.5218306833422592, 1.4643144433962532, 1.5110941805652847, 1.5743152231288033, 1.4840396127146303]
gamma=[0.09707957714465754, 1, 1, 1, 0.41238590112259366, 0.09781834415763235]

Score=0.0623257601447
alpha=[0.0074246103882591235, -0.063157608824360015, -0.0092489277177737906]
beta=[1.500648183339864, 1.5218306833422592, 1.4643144433962532, 1.5110941805652847, 1.5743152231288033, 1.5644736781616859]
gamma=[0.09707957714465754, 1, 0.7800688388081067, 1, 0.41238590112259366, 0.10093129137116108]

Score=0.0917588465466
alpha=[0.0074246103882591235, -0.06270305130839092, -0.0083740943134741636]
beta=[1.4973224061015178, 1.5198359203759266, 1.5751426126918762, 1.5110941805652847, 1.5743152231288033, 1.4840396127146303]
gamma=[0.09707957714465754, 1, 1, 1, 0.41238590112259366, 0.10093129137116108]

Score=0.0734407283662
alpha=[0.0074246103882591235, -0.04370356389966036, -0.0092489277177737906]
beta=[1.500648183339864, 1.5252954140639947, 1.4643144433962532, 1.5110941805652847, 1.5777539780464633, 1.5644736781616859]
gamma=[0.09707957714465754, 1, 0.7800688388081067, 1, 0.41238590112259366, 0.10093129137116108]

Score=0.0651323758544
alpha=[0.0066999002220877023, -0.04370356389966036, -0.0092489277177737906]
beta=[1.500648183339864, 1.5218306833422592, 1.5736079860162673, 1.5110941805652847, 1.5743152231288033, 1.5644736781616859]
gamma=[0.09707957714465754, 1, 1, 1, 0.41238590112259366, 0.10093129137116108]

Score=0.0768354034537
alpha=[0.0074246103882591235, -0.04370356389966036, -0.0092489277177737906]
beta=[1.500648183339864, 1.5218306833422592, 1.4643144433962532, 1.5110941805652847, 1.5743152231288033, 1.5644736781616859]
gamma=[0.09707957714465754, 1, 0.7800688388081067, 1, 0.41238590112259366, 0.09781834415763235]

Score=0.0806915126651
alpha=[0.0074246103882591235, -0.04370356389966036, -0.0092489277177737906]
beta=[1.500648183339864, 1.5218306833422592, 1.4643144433962532, 1.5110941805652847, 1.5743152231288033, 1.5644736781616859]
gamma=[0.09707957714465754, 1, 0.7800688388081067, 1, 0.41238590112259366, 0.09781834415763235]

Score=0.0784657106305
alpha=[0.0066999002220877023, -0.04370356389966036, -0.0092489277177737906]
beta=[1.500648183339864, 1.5198359203759266, 1.5736079860162673, 1.5110941805652847, 1.5743152231288033, 1.4840396127146303]
gamma=[0.09707957714465754, 1, 1, 1, 0.41238590112259366, 0.10093129137116108]

Score=0.0736601066301
alpha=[0.0074246103882591235, -0.04370356389966036, -0.0092489277177737906]
beta=[1.500648183339864, 1.5234296478156515, 1.4643144433962532, 1.5110941805652847, 1.5743152231288033, 1.5648072343810202]
gamma=[0.09707957714465754, 1, 1, 1, 0.41238590112259366, 0.10093129137116108]

Score=0.0863187243069
alpha=[0.0074246103882591235, -0.04370356389966036, -0.0083740943134741636]
beta=[1.5176863977592487, 1.5045352463785697, 1.5751426126918762, 1.5110941805652847, 1.5743152231288033, 1.5648072343810202]
gamma=[0.09707957714465754, 1, 1, 1, 0.41238590112259366, 0.10093129137116108]

Score=0.0732666589334
alpha=[0.0074246103882591235, -0.063157608824360015, -0.008989830114907726]
beta=[1.500648183339864, 1.5218306833422592, 1.4643144433962532, 1.5110941805652847, 1.5743152231288033, 1.5644736781616859]
gamma=[0.09707957714465754, 1, 0.7800688388081067, 1, 0.41238590112259366, 0.09781834415763235]

Score=0.0422219067588
alpha=[0.0066999002220877023, -0.06270305130839092, -0.0083740943134741636]
beta=[1.4973224061015178, 1.5089205719677319, 1.5751426126918762, 1.5110941805652847, 1.5743152231288033, 1.4840396127146303]
gamma=[0.09707957714465754, 1, 1, 1, 0.41238590112259366, 0.10093129137116108]

Score=0.0565299548163
alpha=[0.0074246103882591235, -0.04370356389966036, -0.0086320119458591603]
beta=[1.500648183339864, 1.5218306833422592, 1.4643144433962532, 1.5110941805652847, 1.5743152231288033, 1.4840396127146303]
gamma=[0.09707957714465754, 1, 1, 1, 0.41238590112259366, 0.09781834415763235]

Score=0.0724809889583
alpha=[0.0074246103882591235, -0.04370356389966036, -0.0092489277177737906]
beta=[1.500648183339864, 1.5218306833422592, 1.4643144433962532, 1.5110941805652847, 1.5743152231288033, 1.5644736781616859]
gamma=[0.09707957714465754, 1, 1, 1, 0.41238590112259366, 0.10093129137116108]

Score=0.0970555695862
alpha=[0.0074246103882591235, -0.063157608824360015, -0.0092489277177737906]
beta=[1.500648183339864, 1.5234296478156515, 1.4643144433962532, 1.5110941805652847, 1.5743152231288033, 1.5648072343810202]
gamma=[0.09707957714465754, 1, 0.7800688388081067, 1, 0.41238590112259366, 0.10093129137116108]

Score=0.0980853951046
alpha=[0.0074246103882591235, -0.063157608824360015, -0.0086320119458591603]
beta=[1.500648183339864, 1.5218306833422592, 1.4643144433962532, 1.5110941805652847, 1.5743152231288033, 1.4840396127146303]
gamma=[0.09707957714465754, 1, 0.7800688388081067, 1, 0.41238590112259366, 0.09781834415763235]

Score=0.075658204114
alpha=[0.0074246103882591235, -0.04370356389966036, -0.0083740943134741636]
beta=[1.4973224061015178, 1.5218306833422592, 1.5751426126918762, 1.5240371655644314, 1.5716634162029439, 1.4840396127146303]
gamma=[0.09707957714465754, 1, 1, 1, 0.41238590112259366, 0.10093129137116108]

