Score=0.0375483201566
[0.013817085436408007, -0.033765762691683673, -0.0013567804062211038, 1.4608450208422883, 1.4605834254481302, 1.6, 1.4, 1.4172042130916074, 1.568202886679311, 1, 1, 0.7715865974565481, 1, 0.006448042948476562, 0.007743853781277177]

Score=0.01192685087
[0.013817085436408007, -0.033765762691683673, -0.0013567804062211038, 1.4608450208422883, 1.4638377243763665, 1.6, 1.4, 1.4447114155710803, 1.568202886679311, 1, 1, 0.7715865974565481, 1, 0.006448042948476562, 0.007743853781277177]

Score=0.18511632736
[0.013019195348543632, -0.033765762691683673, -0.0013567804062211038, 1.461065001109964, 1.4646368605927957, 1.6, 1.4, 1.4150781478671854, 1.568202886679311, 1, 1, 0.7715865974565481, 1, 0.006448042948476562, 0.007743853781277177]

Score=0.00542271430347
[0.013817085436408007, -0.033557005589229146, -0.0013567804062211038, 1.4608450208422883, 1.4638377243763665, 1.5965786394070469, 1.4, 1.4154407208492077, 1.5559279990253101, 1, 1, 0.7715865974565481, 1, 0.006448042948476562, 0.007743853781277177]

Score=0.0925189305145
[0.013817085436408007, -0.034087753088425939, -0.0013567804062211038, 1.4629879328699171, 1.4638377243763665, 1.5965786394070469, 1.4, 1.4150781478671854, 1.568202886679311, 1, 1, 0.7715865974565481, 1, 0.006448042948476562, 0.007743853781277177]

Score=0.0206882774446
[0.012897874769422583, -0.033765762691683673, -0.0006832951112899278, 1.4608450208422883, 1.4646368605927957, 1.5903892498351553, 1.4, 1.4150781478671854, 1.568202886679311, 1, 1, 0.7715865974565481, 1, 0.006448042948476562, 0.007743853781277177]

Score=0.127720693595
[0.012897874769422583, -0.033765762691683673, -0.0013567804062211038, 1.4244289093719549, 1.4605834254481302, 1.6, 1.4, 1.4239494584687151, 1.5578427469584224, 1, 1, 0.7715865974565481, 1, 0.006448042948476562, 0.007743853781277177]

Score=0.0243869995659
[0.012897874769422583, -0.033765762691683673, -0.00056627743974805027, 1.4514825256476866, 1.4605834254481302, 1.6, 1.4, 1.4150781478671854, 1.5645107408100256, 1, 1, 0.7715865974565481, 1, 0.006448042948476562, 0.007743853781277177]

Score=0.0304778529234
[0.012897874769422583, -0.034577543813976042, -0.00056627743974805027, 1.4608450208422883, 1.4605834254481302, 1.6, 1.4099626321164989, 1.4150781478671854, 1.5645107408100256, 1, 1, 0.7715865974565481, 1, 0.006448042948476562, 0.007743853781277177]

Score=0.198963912803
[0.012897874769422583, -0.033765762691683673, -0.0006832951112899278, 1.4608450208422883, 1.4605834254481302, 1.6, 1.4, 1.4150781478671854, 1.5645107408100256, 1, 1, 0.7715865974565481, 1, 0.006448042948476562, 0.007743853781277177]

Score=0.0328029944565
[0.012897874769422583, -0.034577543813976042, -0.0006832951112899278, 1.4608450208422883, 1.4646368605927957, 1.6, 1.4, 1.4150781478671854, 1.5645107408100256, 1, 1, 0.7715865974565481, 1, 0.006448042948476562, 0.007743853781277177]

Score=0.0198994640949
[0.012897874769422583, -0.034577543813976042, -0.0006832951112899278, 1.4244289093719549, 1.4605834254481302, 1.6, 1.4, 1.4150781478671854, 1.5645107408100256, 1, 1, 0.7715865974565481, 1, 0.006448042948476562, 0.007743853781277177]

Score=0.163003819713
[0.012897874769422583, -0.034577543813976042, -0.00056627743974805027, 1.4244289093719549, 1.4646368605927957, 1.6, 1.4, 1.4150781478671854, 1.568202886679311, 1, 1, 0.7715865974565481, 1, 0.006448042948476562, 0.007743853781277177]

Score=0.189426446546
[0.01318278213381407, -0.033765762691683673, -0.0006832951112899278, 1.4608450208422883, 1.4605834254481302, 1.6, 1.4, 1.4150781478671854, 1.568202886679311, 1, 1, 0.7715865974565481, 1, 0.006448042948476562, 0.007743853781277177]

Score=0.103502730729
[0.012897874769422583, -0.034577543813976042, -0.0006832951112899278, 1.4244289093719549, 1.4605834254481302, 1.6, 1.4, 1.4150781478671854, 1.5645107408100256, 1, 1, 0.7715865974565481, 1, 0.006448042948476562, 0.007743853781277177]

Score=0.0170468103898
[0.012897874769422583, -0.034577543813976042, -0.0006832951112899278, 1.4244289093719549, 1.4661242200734175, 1.6, 1.4, 1.4150781478671854, 1.568202886679311, 1, 1, 0.7715865974565481, 1, 0.006448042948476562, 0.007743853781277177]

Score=0.272282445769
[0.012897874769422583, -0.034577543813976042, -0.0006832951112899278, 1.461065001109964, 1.4605834254481302, 1.6, 1.4, 1.4150781478671854, 1.568202886679311, 1, 1, 0.7715865974565481, 1, 0.006448042948476562, 0.007743853781277177]

Score=0.0252297994086
[0.012897874769422583, -0.034577543813976042, -0.0006832951112899278, 1.4244289093719549, 1.4605834254481302, 1.6, 1.4, 1.4150781478671854, 1.568202886679311, 1, 1, 0.7715865974565481, 1, 0.006448042948476562, 0.007743853781277177]

Score=0.0194893417425
[0.01318278213381407, -0.034577543813976042, -0.0006832951112899278, 1.461065001109964, 1.4605834254481302, 1.6, 1.4, 1.4150781478671854, 1.568202886679311, 1, 1, 0.7715865974565481, 1, 0.006448042948476562, 0.007743853781277177]

Score=0.0881921163242
[0.012897874769422583, -0.034577543813976042, -0.0006832951112899278, 1.4244289093719549, 1.474433830223592, 1.6, 1.4, 1.4150781478671854, 1.568202886679311, 1, 1, 0.7715865974565481, 1, 1, 0.007743853781277177]

Score=0.172509781183
[0.012897874769422583, -0.034577543813976042, -0.0006832951112899278, 1.4244289093719549, 1.4638377243763665, 1.5965786394070469, 1.4, 1.4447114155710803, 1.568202886679311, 1, 1, 0.7715865974565481, 1, 1, 0.007743853781277177]

Score=0.202014343659
[0.013817085436408007, -0.033765762691683673, -0.0013567804062211038, 1.4244289093719549, 1.4605834254481302, 1.5965786394070469, 1.4, 1.4150781478671854, 1.568202886679311, 1, 1, 1, 1, 0.006448042948476562, 0.007743853781277177]

Score=0.396503669712
[0.013019195348543632, -0.034087753088425939, -0.0013567804062211038, 1.4244289093719549, 1.4638377243763665, 1.5911964164784831, 1.4, 1.4150781478671854, 1.568202886679311, 1, 1, 0.7715865974565481, 1, 0.006448042948476562, 0.007743853781277177]

Score=0.0406232483628
[0.01318278213381407, -0.034577543813976042, -0.0006832951112899278, 1.461065001109964, 1.4605834254481302, 1.6, 1.4, 1.4150781478671854, 1.568202886679311, 1, 1, 0.7715865974565481, 1, 0.006448042948476562, 0.007743853781277177]

Score=0.02446103678
[0.013019195348543632, -0.034577543813976042, -0.0013567804062211038, 1.4252007797063801, 1.4638377243763665, 1.5965786394070469, 1.4, 1.4447114155710803, 1.568202886679311, 1, 1, 0.7715865974565481, 1, 0.006448042948476562, 0.007743853781277177]

Score=0.0119657526358
[0.013817085436408007, -0.033765762691683673, -0.0013567804062211038, 1.4541622461739001, 1.4605834254481302, 1.5965786394070469, 1.4, 1.4447114155710803, 1.568202886679311, 1, 1, 0.7715865974565481, 1, 0.006448042948476562, 0.007743853781277177]

Score=0.110864499528
[0.013817085436408007, -0.034087753088425939, -0.0006832951112899278, 1.4244289093719549, 1.4605834254481302, 1.5965786394070469, 1.4, 1.4393919029854594, 1.568202886679311, 1, 1, 0.7715865974565481, 1, 0.006448042948476562, 0.007743853781277177]

Score=0.00726265255626
[0.013817085436408007, -0.034087753088425939, -0.0013567804062211038, 1.4608450208422883, 1.4638377243763665, 1.5965786394070469, 1.4, 1.4447114155710803, 1.568202886679311, 1, 1, 0.7715865974565481, 1, 0.006448042948476562, 0.007743853781277177]

Score=0.104454338102
[0.013817085436408007, -0.033765762691683673, -0.0013567804062211038, 1.4541622461739001, 1.4605834254481302, 1.5965786394070469, 1.4, 1.4447114155710803, 1.568202886679311, 1, 1, 0.7715865974565481, 1, 0.006448042948476562, 0.007743853781277177]

Score=0.0374550847041
[0.013817085436408007, -0.034087753088425939, -0.00056627743974805027, 1.4594544610468154, 1.4646368605927957, 1.6, 1.4, 1.4150781478671854, 1.568202886679311, 1, 1, 0.7715865974565481, 1, 0.006448042948476562, 0.007743853781277177]




Final Population
[0.013817085436408007, -0.033765762691683673, -0.0013567804062211038, 1.4608450208422883, 1.4605834254481302, 1.6, 1.4, 1.4172042130916074, 1.568202886679311, 1, 1, 0.7715865974565481, 1, 0.006448042948476562, 0.007743853781277177]
[0.013817085436408007, -0.033765762691683673, -0.0013567804062211038, 1.4608450208422883, 1.4638377243763665, 1.6, 1.4, 1.4447114155710803, 1.568202886679311, 1, 1, 0.7715865974565481, 1, 0.006448042948476562, 0.007743853781277177]
[0.013019195348543632, -0.033765762691683673, -0.0013567804062211038, 1.461065001109964, 1.4646368605927957, 1.6, 1.4, 1.4150781478671854, 1.568202886679311, 1, 1, 0.7715865974565481, 1, 0.006448042948476562, 0.007743853781277177]
[0.013817085436408007, -0.033557005589229146, -0.0013567804062211038, 1.4608450208422883, 1.4638377243763665, 1.5965786394070469, 1.4, 1.4154407208492077, 1.5559279990253101, 1, 1, 0.7715865974565481, 1, 0.006448042948476562, 0.007743853781277177]
[0.013817085436408007, -0.034087753088425939, -0.0013567804062211038, 1.4629879328699171, 1.4638377243763665, 1.5965786394070469, 1.4, 1.4150781478671854, 1.568202886679311, 1, 1, 0.7715865974565481, 1, 0.006448042948476562, 0.007743853781277177]
[0.012897874769422583, -0.033765762691683673, -0.0006832951112899278, 1.4608450208422883, 1.4646368605927957, 1.5903892498351553, 1.4, 1.4150781478671854, 1.568202886679311, 1, 1, 0.7715865974565481, 1, 0.006448042948476562, 0.007743853781277177]
[0.012897874769422583, -0.033765762691683673, -0.0013567804062211038, 1.4244289093719549, 1.4605834254481302, 1.6, 1.4, 1.4239494584687151, 1.5578427469584224, 1, 1, 0.7715865974565481, 1, 0.006448042948476562, 0.007743853781277177]
[0.012897874769422583, -0.033765762691683673, -0.00056627743974805027, 1.4514825256476866, 1.4605834254481302, 1.6, 1.4, 1.4150781478671854, 1.5645107408100256, 1, 1, 0.7715865974565481, 1, 0.006448042948476562, 0.007743853781277177]
[0.012897874769422583, -0.034577543813976042, -0.00056627743974805027, 1.4608450208422883, 1.4605834254481302, 1.6, 1.4099626321164989, 1.4150781478671854, 1.5645107408100256, 1, 1, 0.7715865974565481, 1, 0.006448042948476562, 0.007743853781277177]
[0.012897874769422583, -0.033765762691683673, -0.0006832951112899278, 1.4608450208422883, 1.4605834254481302, 1.6, 1.4, 1.4150781478671854, 1.5645107408100256, 1, 1, 0.7715865974565481, 1, 0.006448042948476562, 0.007743853781277177]
[0.012897874769422583, -0.034577543813976042, -0.0006832951112899278, 1.4608450208422883, 1.4646368605927957, 1.6, 1.4, 1.4150781478671854, 1.5645107408100256, 1, 1, 0.7715865974565481, 1, 0.006448042948476562, 0.007743853781277177]
[0.012897874769422583, -0.034577543813976042, -0.0006832951112899278, 1.4244289093719549, 1.4605834254481302, 1.6, 1.4, 1.4150781478671854, 1.5645107408100256, 1, 1, 0.7715865974565481, 1, 0.006448042948476562, 0.007743853781277177]
[0.012897874769422583, -0.034577543813976042, -0.00056627743974805027, 1.4244289093719549, 1.4646368605927957, 1.6, 1.4, 1.4150781478671854, 1.568202886679311, 1, 1, 0.7715865974565481, 1, 0.006448042948476562, 0.007743853781277177]
[0.01318278213381407, -0.033765762691683673, -0.0006832951112899278, 1.4608450208422883, 1.4605834254481302, 1.6, 1.4, 1.4150781478671854, 1.568202886679311, 1, 1, 0.7715865974565481, 1, 0.006448042948476562, 0.007743853781277177]
[0.012897874769422583, -0.034577543813976042, -0.0006832951112899278, 1.4244289093719549, 1.4605834254481302, 1.6, 1.4, 1.4150781478671854, 1.5645107408100256, 1, 1, 0.7715865974565481, 1, 0.006448042948476562, 0.007743853781277177]
[0.012897874769422583, -0.034577543813976042, -0.0006832951112899278, 1.4244289093719549, 1.4661242200734175, 1.6, 1.4, 1.4150781478671854, 1.568202886679311, 1, 1, 0.7715865974565481, 1, 0.006448042948476562, 0.007743853781277177]
[0.012897874769422583, -0.034577543813976042, -0.0006832951112899278, 1.461065001109964, 1.4605834254481302, 1.6, 1.4, 1.4150781478671854, 1.568202886679311, 1, 1, 0.7715865974565481, 1, 0.006448042948476562, 0.007743853781277177]
[0.012897874769422583, -0.034577543813976042, -0.0006832951112899278, 1.4244289093719549, 1.4605834254481302, 1.6, 1.4, 1.4150781478671854, 1.568202886679311, 1, 1, 0.7715865974565481, 1, 0.006448042948476562, 0.007743853781277177]
[0.01318278213381407, -0.034577543813976042, -0.0006832951112899278, 1.461065001109964, 1.4605834254481302, 1.6, 1.4, 1.4150781478671854, 1.568202886679311, 1, 1, 0.7715865974565481, 1, 0.006448042948476562, 0.007743853781277177]
[0.012897874769422583, -0.034577543813976042, -0.0006832951112899278, 1.4244289093719549, 1.474433830223592, 1.6, 1.4, 1.4150781478671854, 1.568202886679311, 1, 1, 0.7715865974565481, 1, 1, 0.007743853781277177]
[0.012897874769422583, -0.034577543813976042, -0.0006832951112899278, 1.4244289093719549, 1.4638377243763665, 1.5965786394070469, 1.4, 1.4447114155710803, 1.568202886679311, 1, 1, 0.7715865974565481, 1, 1, 0.007743853781277177]
[0.013817085436408007, -0.033765762691683673, -0.0013567804062211038, 1.4244289093719549, 1.4605834254481302, 1.5965786394070469, 1.4, 1.4150781478671854, 1.568202886679311, 1, 1, 1, 1, 0.006448042948476562, 0.007743853781277177]
[0.013019195348543632, -0.034087753088425939, -0.0013567804062211038, 1.4244289093719549, 1.4638377243763665, 1.5911964164784831, 1.4, 1.4150781478671854, 1.568202886679311, 1, 1, 0.7715865974565481, 1, 0.006448042948476562, 0.007743853781277177]
[0.01318278213381407, -0.034577543813976042, -0.0006832951112899278, 1.461065001109964, 1.4605834254481302, 1.6, 1.4, 1.4150781478671854, 1.568202886679311, 1, 1, 0.7715865974565481, 1, 0.006448042948476562, 0.007743853781277177]
[0.013019195348543632, -0.034577543813976042, -0.0013567804062211038, 1.4252007797063801, 1.4638377243763665, 1.5965786394070469, 1.4, 1.4447114155710803, 1.568202886679311, 1, 1, 0.7715865974565481, 1, 0.006448042948476562, 0.007743853781277177]
[0.013817085436408007, -0.033765762691683673, -0.0013567804062211038, 1.4541622461739001, 1.4605834254481302, 1.5965786394070469, 1.4, 1.4447114155710803, 1.568202886679311, 1, 1, 0.7715865974565481, 1, 0.006448042948476562, 0.007743853781277177]
[0.013817085436408007, -0.034087753088425939, -0.0006832951112899278, 1.4244289093719549, 1.4605834254481302, 1.5965786394070469, 1.4, 1.4393919029854594, 1.568202886679311, 1, 1, 0.7715865974565481, 1, 0.006448042948476562, 0.007743853781277177]
[0.013817085436408007, -0.034087753088425939, -0.0013567804062211038, 1.4608450208422883, 1.4638377243763665, 1.5965786394070469, 1.4, 1.4447114155710803, 1.568202886679311, 1, 1, 0.7715865974565481, 1, 0.006448042948476562, 0.007743853781277177]
[0.013817085436408007, -0.033765762691683673, -0.0013567804062211038, 1.4541622461739001, 1.4605834254481302, 1.5965786394070469, 1.4, 1.4447114155710803, 1.568202886679311, 1, 1, 0.7715865974565481, 1, 0.006448042948476562, 0.007743853781277177]
[0.013817085436408007, -0.034087753088425939, -0.00056627743974805027, 1.4594544610468154, 1.4646368605927957, 1.6, 1.4, 1.4150781478671854, 1.568202886679311, 1, 1, 0.7715865974565481, 1, 0.006448042948476562, 0.007743853781277177]
