Score=0.0828122128926
[0.0072825985405606131, -0.018888540483978835, 0.00037417369924484974, 1.5506354869846268, 1.5554589040225417, 1.4457027000060958, 1.4942718531250099, 1.4033817421770749, 1.5772041576359652, 1, 1, 1, 0.146831760682253, 0.17667198746825707, 0.2684345954953795]

Score=0.193330421569
[0.0074548490481956987, -0.019939442733418865, 0.00037417369924484974, 1.5472731006359306, 1.5554589040225417, 1.4457027000060958, 1.5022780040064727, 1.4033817421770749, 1.577962928042802, 1, 1, 1, 0.146831760682253, 0.17667198746825707, 0.2684345954953795]

Score=0.290957828768
[0.0072825985405606131, -0.018888540483978835, 0.00037417369924484974, 1.5472731006359306, 1.5554589040225417, 1.4250985644757792, 1.5022780040064727, 1.4033817421770749, 1.577962928042802, 1, 1, 1, 0.146831760682253, 1, 0.2684345954953795]

Score=0.0419340515701
[0.0074548490481956987, -0.019939442733418865, 0.00037417369924484974, 1.5506354869846268, 1.5554589040225417, 1.4502024324885925, 1.5022780040064727, 1.4033817421770749, 1.577962928042802, 1, 1, 1, 0.146831760682253, 0.17667198746825707, 0.2684345954953795]

Score=0.104674790962
[0.0070197622362947352, -0.018888540483978835, 0.00037417369924484974, 1.530876121942407, 1.5554589040225417, 1.4457027000060958, 1.5022780040064727, 1.417701120137373, 1.577962928042802, 1, 1, 1, 0.146831760682253, 0.17667198746825707, 0.2684345954953795]

Score=0.0109738129301
[0.0072825985405606131, -0.019085986843755617, 0.00037417369924484974, 1.5472731006359306, 1.5554589040225417, 1.4502024324885925, 1.5022780040064727, 1.417701120137373, 1.577962928042802, 1, 1, 1, 0.146831760682253, 0.17667198746825707, 0.2684345954953795]

Score=0.00563392264387
[0.0074548490481956987, -0.019939442733418865, 0.00037417369924484974, 1.5472731006359306, 1.5554589040225417, 1.4502024324885925, 1.5022780040064727, 1.4033817421770749, 1.577962928042802, 1, 1, 1, 0.146831760682253, 0.17667198746825707, 0.2684345954953795]

Score=0.0121159616956
[0.0072825985405606131, -0.018888540483978835, 0.00037417369924484974, 1.5472731006359306, 1.5554589040225417, 1.4250985644757792, 1.5022780040064727, 1.4033817421770749, 1.577962928042802, 1, 1, 0.9617846908908064, 0.146831760682253, 0.17667198746825707, 0.2684345954953795]

Score=0.0103728474269
[0.0072825985405606131, -0.018888540483978835, 0.00037417369924484974, 1.5472731006359306, 1.5554589040225417, 1.4457027000060958, 1.5022780040064727, 1.4137099553841799, 1.577962928042802, 1, 1, 1, 0.146831760682253, 0.17667198746825707, 0.2684345954953795]

Score=0.147174797213
[0.0074548490481956987, -0.019085986843755617, 0.00037417369924484974, 1.530876121942407, 1.5554589040225417, 1.4457027000060958, 1.5022780040064727, 1.4033817421770749, 1.577962928042802, 1, 1, 1, 0.146831760682253, 0.17667198746825707, 0.2684345954953795]

Score=0.160583995829
[0.0072825985405606131, -0.018888540483978835, 0.00037417369924484974, 1.5472731006359306, 1.5554589040225417, 1.4457027000060958, 1.5033397441582768, 1.4187985852986749, 1.577962928042802, 1, 1, 1, 0.146831760682253, 0.17667198746825707, 0.2684345954953795]

Score=0.18759117196
[0.0072825985405606131, -0.019085986843755617, 0.00037417369924484974, 1.5472731006359306, 1.5554589040225417, 1.4250985644757792, 1.5022780040064727, 1.4033817421770749, 1.577962928042802, 1, 1, 0.9617846908908064, 1, 0.17667198746825707, 0.2684345954953795]

Score=0.12951560789
[0.0072825985405606131, -0.019212375187855943, 0.00037417369924484974, 1.5472731006359306, 1.5554589040225417, 1.4457027000060958, 1.5033397441582768, 1.4187985852986749, 1.577962928042802, 1, 1, 1, 1, 0.17667198746825707, 0.2684345954953795]

Score=0.41187759004
[0.0072825985405606131, -0.018888540483978835, 0.00037417369924484974, 1.5472731006359306, 1.5554589040225417, 1.4457027000060958, 1.5022780040064727, 1.4137099553841799, 1.577962928042802, 1, 1, 1, 0.146831760682253, 0.17667198746825707, 1]

Score=0.0358106789529
[0.0072825985405606131, -0.018888540483978835, 0.00037417369924484974, 1.5472731006359306, 1.5578085184885964, 1.4457027000060958, 1.5033397441582768, 1.4187985852986749, 1.577962928042802, 1, 1, 0.9617846908908064, 0.146831760682253, 0.17667198746825707, 0.2684345954953795]

Score=0.0188963031555
[0.0077432351782049736, -0.018888540483978835, 0.00037417369924484974, 1.5472731006359306, 1.5554589040225417, 1.4457027000060958, 1.5033397441582768, 1.4187985852986749, 1.577962928042802, 1, 1, 0.9617846908908064, 0.146831760682253, 0.17667198746825707, 0.2684345954953795]

Score=0.103501209392
[0.0072825985405606131, -0.018888540483978835, 0.00037417369924484974, 1.5472731006359306, 1.5554589040225417, 1.4457027000060958, 1.5033397441582768, 1.4187985852986749, 1.577962928042802, 1, 1, 0.9617846908908064, 0.146831760682253, 0.17667198746825707, 0.2684345954953795]

Score=0.102852396277
[0.0072825985405606131, -0.018888540483978835, 0.00037417369924484974, 1.5472731006359306, 1.5554589040225417, 1.4457027000060958, 1.5033397441582768, 1.4115646634237886, 1.577962928042802, 1, 1, 0.9617846908908064, 0.146831760682253, 0.17667198746825707, 0.2684345954953795]

Score=0.0655250328794
[0.0074548490481956987, -0.018888540483978835, 0.00037417369924484974, 1.5472731006359306, 1.5554589040225417, 1.4457027000060958, 1.5033397441582768, 1.4033817421770749, 1.577962928042802, 1, 1, 0.9617846908908064, 0.146831760682253, 0.17667198746825707, 0.2684345954953795]

Score=0.00925624216343
[0.0074548490481956987, -0.018888540483978835, 0.00037417369924484974, 1.5472731006359306, 1.5554589040225417, 1.4457027000060958, 1.5033397441582768, 1.4115646634237886, 1.577962928042802, 1, 1, 0.9617846908908064, 0.146831760682253, 0.17667198746825707, 0.2684345954953795]

Score=0.144603697654
[0.0074548490481956987, -0.018888540483978835, 0.00037417369924484974, 1.5506354869846268, 1.5554589040225417, 1.4457027000060958, 1.4942718531250099, 1.4033817421770749, 1.577962928042802, 1, 1, 0.9617846908908064, 0.146831760682253, 0.17667198746825707, 0.2684345954953795]

Score=0.00610726503323
[0.0074548490481956987, -0.018888540483978835, 0.00037417369924484974, 1.5472731006359306, 1.5554589040225417, 1.4457027000060958, 1.5033397441582768, 1.4033817421770749, 1.577962928042802, 1, 1, 0.9617846908908064, 0.146831760682253, 0.17667198746825707, 0.2684345954953795]

Score=0.0964422502956
[0.0072825985405606131, -0.018888540483978835, 0.00037417369924484974, 1.5472731006359306, 1.5554589040225417, 1.4457027000060958, 1.4942718531250099, 1.4033817421770749, 1.5772041576359652, 1, 1, 1, 0.146831760682253, 0.17667198746825707, 0.2684345954953795]

Score=0.0116409015473
[0.0074548490481956987, -0.018888540483978835, 0.00037417369924484974, 1.5472731006359306, 1.5554589040225417, 1.4457027000060958, 1.4942718531250099, 1.4033817421770749, 1.577962928042802, 1, 1, 0.9617846908908064, 0.146831760682253, 0.17667198746825707, 0.2684345954953795]

Score=0.0602702328976
[0.0074548490481956987, -0.018888540483978835, 0.00037417369924484974, 1.5506354869846268, 1.5554589040225417, 1.4457027000060958, 1.4942718531250099, 1.4033817421770749, 1.5772041576359652, 1, 1, 0.9617846908908064, 0.146831760682253, 0.17667198746825707, 0.2684345954953795]

Score=0.128881893437
[0.0074548490481956987, -0.018888540483978835, 0.00037417369924484974, 1.5506354869846268, 1.5554589040225417, 1.4457027000060958, 1.4942718531250099, 1.4033817421770749, 1.577962928042802, 1, 1, 1, 0.146831760682253, 0.17667198746825707, 0.2684345954953795]

Score=0.0373891593284
[0.0074548490481956987, -0.018888540483978835, 0.00037417369924484974, 1.5472731006359306, 1.5554589040225417, 1.4457027000060958, 1.4942718531250099, 1.4033817421770749, 1.577962928042802, 1, 1, 1, 0.146831760682253, 0.17667198746825707, 0.2684345954953795]

Score=0.110629604818
[0.0072825985405606131, -0.018888540483978835, 0.00037417369924484974, 1.5506354869846268, 1.5554589040225417, 1.4457027000060958, 1.4942718531250099, 1.4033817421770749, 1.5772041576359652, 1, 1, 1, 0.146831760682253, 0.17667198746825707, 0.2684345954953795]

Score=0.0917175607715
[0.0074548490481956987, -0.018888540483978835, 0.00037417369924484974, 1.5506354869846268, 1.5554589040225417, 1.4457027000060958, 1.4942718531250099, 1.4033817421770749, 1.5772041576359652, 1, 1, 1, 1, 0.17667198746825707, 0.2684345954953795]

Score=0.00855674782072
[0.0074548490481956987, -0.018888540483978835, 0.00037417369924484974, 1.5506354869846268, 1.5554589040225417, 1.4457027000060958, 1.4942718531250099, 1.4033817421770749, 1.577962928042802, 1, 1, 0.9617846908908064, 0.146831760682253, 0.17667198746825707, 0.2684345954953795]




Final Population
[0.0072825985405606131, -0.018888540483978835, 0.00037417369924484974, 1.5506354869846268, 1.5554589040225417, 1.4457027000060958, 1.4942718531250099, 1.4033817421770749, 1.5772041576359652, 1, 1, 1, 0.146831760682253, 0.17667198746825707, 0.2684345954953795]
[0.0074548490481956987, -0.019939442733418865, 0.00037417369924484974, 1.5472731006359306, 1.5554589040225417, 1.4457027000060958, 1.5022780040064727, 1.4033817421770749, 1.577962928042802, 1, 1, 1, 0.146831760682253, 0.17667198746825707, 0.2684345954953795]
[0.0072825985405606131, -0.018888540483978835, 0.00037417369924484974, 1.5472731006359306, 1.5554589040225417, 1.4250985644757792, 1.5022780040064727, 1.4033817421770749, 1.577962928042802, 1, 1, 1, 0.146831760682253, 1, 0.2684345954953795]
[0.0074548490481956987, -0.019939442733418865, 0.00037417369924484974, 1.5506354869846268, 1.5554589040225417, 1.4502024324885925, 1.5022780040064727, 1.4033817421770749, 1.577962928042802, 1, 1, 1, 0.146831760682253, 0.17667198746825707, 0.2684345954953795]
[0.0070197622362947352, -0.018888540483978835, 0.00037417369924484974, 1.530876121942407, 1.5554589040225417, 1.4457027000060958, 1.5022780040064727, 1.417701120137373, 1.577962928042802, 1, 1, 1, 0.146831760682253, 0.17667198746825707, 0.2684345954953795]
[0.0072825985405606131, -0.019085986843755617, 0.00037417369924484974, 1.5472731006359306, 1.5554589040225417, 1.4502024324885925, 1.5022780040064727, 1.417701120137373, 1.577962928042802, 1, 1, 1, 0.146831760682253, 0.17667198746825707, 0.2684345954953795]
[0.0074548490481956987, -0.019939442733418865, 0.00037417369924484974, 1.5472731006359306, 1.5554589040225417, 1.4502024324885925, 1.5022780040064727, 1.4033817421770749, 1.577962928042802, 1, 1, 1, 0.146831760682253, 0.17667198746825707, 0.2684345954953795]
[0.0072825985405606131, -0.018888540483978835, 0.00037417369924484974, 1.5472731006359306, 1.5554589040225417, 1.4250985644757792, 1.5022780040064727, 1.4033817421770749, 1.577962928042802, 1, 1, 0.9617846908908064, 0.146831760682253, 0.17667198746825707, 0.2684345954953795]
[0.0072825985405606131, -0.018888540483978835, 0.00037417369924484974, 1.5472731006359306, 1.5554589040225417, 1.4457027000060958, 1.5022780040064727, 1.4137099553841799, 1.577962928042802, 1, 1, 1, 0.146831760682253, 0.17667198746825707, 0.2684345954953795]
[0.0074548490481956987, -0.019085986843755617, 0.00037417369924484974, 1.530876121942407, 1.5554589040225417, 1.4457027000060958, 1.5022780040064727, 1.4033817421770749, 1.577962928042802, 1, 1, 1, 0.146831760682253, 0.17667198746825707, 0.2684345954953795]
[0.0072825985405606131, -0.018888540483978835, 0.00037417369924484974, 1.5472731006359306, 1.5554589040225417, 1.4457027000060958, 1.5033397441582768, 1.4187985852986749, 1.577962928042802, 1, 1, 1, 0.146831760682253, 0.17667198746825707, 0.2684345954953795]
[0.0072825985405606131, -0.019085986843755617, 0.00037417369924484974, 1.5472731006359306, 1.5554589040225417, 1.4250985644757792, 1.5022780040064727, 1.4033817421770749, 1.577962928042802, 1, 1, 0.9617846908908064, 1, 0.17667198746825707, 0.2684345954953795]
[0.0072825985405606131, -0.019212375187855943, 0.00037417369924484974, 1.5472731006359306, 1.5554589040225417, 1.4457027000060958, 1.5033397441582768, 1.4187985852986749, 1.577962928042802, 1, 1, 1, 1, 0.17667198746825707, 0.2684345954953795]
[0.0072825985405606131, -0.018888540483978835, 0.00037417369924484974, 1.5472731006359306, 1.5554589040225417, 1.4457027000060958, 1.5022780040064727, 1.4137099553841799, 1.577962928042802, 1, 1, 1, 0.146831760682253, 0.17667198746825707, 1]
[0.0072825985405606131, -0.018888540483978835, 0.00037417369924484974, 1.5472731006359306, 1.5578085184885964, 1.4457027000060958, 1.5033397441582768, 1.4187985852986749, 1.577962928042802, 1, 1, 0.9617846908908064, 0.146831760682253, 0.17667198746825707, 0.2684345954953795]
[0.0077432351782049736, -0.018888540483978835, 0.00037417369924484974, 1.5472731006359306, 1.5554589040225417, 1.4457027000060958, 1.5033397441582768, 1.4187985852986749, 1.577962928042802, 1, 1, 0.9617846908908064, 0.146831760682253, 0.17667198746825707, 0.2684345954953795]
[0.0072825985405606131, -0.018888540483978835, 0.00037417369924484974, 1.5472731006359306, 1.5554589040225417, 1.4457027000060958, 1.5033397441582768, 1.4187985852986749, 1.577962928042802, 1, 1, 0.9617846908908064, 0.146831760682253, 0.17667198746825707, 0.2684345954953795]
[0.0072825985405606131, -0.018888540483978835, 0.00037417369924484974, 1.5472731006359306, 1.5554589040225417, 1.4457027000060958, 1.5033397441582768, 1.4115646634237886, 1.577962928042802, 1, 1, 0.9617846908908064, 0.146831760682253, 0.17667198746825707, 0.2684345954953795]
[0.0074548490481956987, -0.018888540483978835, 0.00037417369924484974, 1.5472731006359306, 1.5554589040225417, 1.4457027000060958, 1.5033397441582768, 1.4033817421770749, 1.577962928042802, 1, 1, 0.9617846908908064, 0.146831760682253, 0.17667198746825707, 0.2684345954953795]
[0.0074548490481956987, -0.018888540483978835, 0.00037417369924484974, 1.5472731006359306, 1.5554589040225417, 1.4457027000060958, 1.5033397441582768, 1.4115646634237886, 1.577962928042802, 1, 1, 0.9617846908908064, 0.146831760682253, 0.17667198746825707, 0.2684345954953795]
[0.0074548490481956987, -0.018888540483978835, 0.00037417369924484974, 1.5506354869846268, 1.5554589040225417, 1.4457027000060958, 1.4942718531250099, 1.4033817421770749, 1.577962928042802, 1, 1, 0.9617846908908064, 0.146831760682253, 0.17667198746825707, 0.2684345954953795]
[0.0074548490481956987, -0.018888540483978835, 0.00037417369924484974, 1.5472731006359306, 1.5554589040225417, 1.4457027000060958, 1.5033397441582768, 1.4033817421770749, 1.577962928042802, 1, 1, 0.9617846908908064, 0.146831760682253, 0.17667198746825707, 0.2684345954953795]
[0.0072825985405606131, -0.018888540483978835, 0.00037417369924484974, 1.5472731006359306, 1.5554589040225417, 1.4457027000060958, 1.4942718531250099, 1.4033817421770749, 1.5772041576359652, 1, 1, 1, 0.146831760682253, 0.17667198746825707, 0.2684345954953795]
[0.0074548490481956987, -0.018888540483978835, 0.00037417369924484974, 1.5472731006359306, 1.5554589040225417, 1.4457027000060958, 1.4942718531250099, 1.4033817421770749, 1.577962928042802, 1, 1, 0.9617846908908064, 0.146831760682253, 0.17667198746825707, 0.2684345954953795]
[0.0074548490481956987, -0.018888540483978835, 0.00037417369924484974, 1.5506354869846268, 1.5554589040225417, 1.4457027000060958, 1.4942718531250099, 1.4033817421770749, 1.5772041576359652, 1, 1, 0.9617846908908064, 0.146831760682253, 0.17667198746825707, 0.2684345954953795]
[0.0074548490481956987, -0.018888540483978835, 0.00037417369924484974, 1.5506354869846268, 1.5554589040225417, 1.4457027000060958, 1.4942718531250099, 1.4033817421770749, 1.577962928042802, 1, 1, 1, 0.146831760682253, 0.17667198746825707, 0.2684345954953795]
[0.0074548490481956987, -0.018888540483978835, 0.00037417369924484974, 1.5472731006359306, 1.5554589040225417, 1.4457027000060958, 1.4942718531250099, 1.4033817421770749, 1.577962928042802, 1, 1, 1, 0.146831760682253, 0.17667198746825707, 0.2684345954953795]
[0.0072825985405606131, -0.018888540483978835, 0.00037417369924484974, 1.5506354869846268, 1.5554589040225417, 1.4457027000060958, 1.4942718531250099, 1.4033817421770749, 1.5772041576359652, 1, 1, 1, 0.146831760682253, 0.17667198746825707, 0.2684345954953795]
[0.0074548490481956987, -0.018888540483978835, 0.00037417369924484974, 1.5506354869846268, 1.5554589040225417, 1.4457027000060958, 1.4942718531250099, 1.4033817421770749, 1.5772041576359652, 1, 1, 1, 1, 0.17667198746825707, 0.2684345954953795]
[0.0074548490481956987, -0.018888540483978835, 0.00037417369924484974, 1.5506354869846268, 1.5554589040225417, 1.4457027000060958, 1.4942718531250099, 1.4033817421770749, 1.577962928042802, 1, 1, 0.9617846908908064, 0.146831760682253, 0.17667198746825707, 0.2684345954953795]
