Score=0.0888014349264
[0.01171852366356479, -0.00058837313828572727, -0.022088663218423638, 1.4973054516962538, 1.4093929088924004, 1.4887696377896977, 1.5364570071092052, 1.4777900270306175, 1.4, 1, 1, 0.2567201697088043, 0.09795827412667857, 0.910781901611295, 1]

Score=0.105392464889
[0.01171852366356479, -0.00066783715398122199, -0.022088663218423638, 1.4853743224458971, 1.4093929088924004, 1.5057735818938522, 1.5364570071092052, 1.4777900270306175, 1.4, 1, 1, 0.2567201697088043, 0.09795827412667857, 0.910781901611295, 1]

Score=0.101098261077
[0.012951596046082786, -0.00058837313828572727, -0.022088663218423638, 1.4893267910928132, 1.4222071691040779, 1.5057735818938522, 1.5408202395776633, 1.4777900270306175, 1.4092899843071158, 1, 1, 0.2567201697088043, 0.09795827412667857, 0.910781901611295, 1]

Score=0.0436968700011
[0.01171852366356479, -0.00058837313828572727, -0.022088663218423638, 1.4853743224458971, 1.4093929088924004, 1.4887696377896977, 1.5364570071092052, 1.4777900270306175, 1.4, 1, 1, 0.2567201697088043, 0.09795827412667857, 0.910781901611295, 1]

Score=0.397436631966
[0.012522944931771949, -0.0013378474493658046, -0.022088663218423638, 1.501902315005613, 1.409821548326343, 1.4816599877902581, 1.5364570071092052, 1.4777900270306175, 1.4, 1, 1, 0.2567201697088043, 1, 0.910781901611295, 1]

Score=0.156318517978
[0.015365244951393728, -0.00058837313828572727, -0.022088663218423638, 1.4893267910928132, 1.409821548326343, 1.4887696377896977, 1.5364570071092052, 1.4777900270306175, 1.4, 1, 1, 0.2567201697088043, 0.09795827412667857, 0.910781901611295, 1]

Score=0.458546546921
[0.015365244951393728, -0.0013378474493658046, -0.022088663218423638, 1.4893267910928132, 1.409821548326343, 1.4887696377896977, 1.5364570071092052, 1.4777900270306175, 1.4, 1, 1, 0.2567201697088043, 1, 0.910781901611295, 1]

Score=0.105542405698
[0.012951596046082786, -0.00043647903491033269, -0.022088663218423638, 1.4893267910928132, 1.409821548326343, 1.4816599877902581, 1.5364570071092052, 1.4777900270306175, 1.4, 1, 1, 0.2567201697088043, 0.09795827412667857, 0.910781901611295, 1]

Score=0.0197355902993
[0.013394206686277641, -0.0013378474493658046, -0.022088663218423638, 1.501902315005613, 1.409821548326343, 1.4816599877902581, 1.5364570071092052, 1.468134849697676, 1.4, 1, 1, 0.2567201697088043, 0.09795827412667857, 0.910781901611295, 1]

Score=0.181050543268
[0.012951596046082786, -0.00058837313828572727, -0.022088663218423638, 1.501902315005613, 1.4113200738475031, 1.4813182405606578, 1.5364570071092052, 1.468134849697676, 1.4, 1, 1, 0.2567201697088043, 0.09795827412667857, 0.910781901611295, 1]

Score=0.184277518955
[0.013692076384804139, -0.00058837313828572727, -0.022088663218423638, 1.4893267910928132, 1.409821548326343, 1.4813182405606578, 1.5364570071092052, 1.4777900270306175, 1.4, 1, 1, 0.2567201697088043, 0.09795827412667857, 0.910781901611295, 1]

Score=0.152856822533
[0.012951596046082786, -0.0013378474493658046, -0.022088663218423638, 1.501902315005613, 1.4113200738475031, 1.4887696377896977, 1.5364570071092052, 1.468134849697676, 1.4, 1, 1, 0.2567201697088043, 0.09795827412667857, 1, 1]

Score=0.018200635528
[0.012951596046082786, 0.0021758951222366932, -0.022088663218423638, 1.501902315005613, 1.409821548326343, 1.4813182405606578, 1.5364570071092052, 1.4777900270306175, 1.4, 1, 1, 0.2567201697088043, 0.09795827412667857, 0.910781901611295, 1]

Score=0.0848132511699
[0.013394206686277641, -0.0013378474493658046, -0.022088663218423638, 1.501902315005613, 1.409821548326343, 1.4816599877902581, 1.5364570071092052, 1.468134849697676, 1.4, 1, 1, 0.2567201697088043, 0.09795827412667857, 0.910781901611295, 1]

Score=0.0291905251339
[0.012951596046082786, 0.00072335142519590627, -0.022088663218423638, 1.501902315005613, 1.4113200738475031, 1.4816599877902581, 1.5364570071092052, 1.4777900270306175, 1.4, 1, 1, 0.2567201697088043, 0.09795827412667857, 0.910781901611295, 1]

Score=0.300311638308
[0.013394206686277641, 0.00072335142519590627, -0.022088663218423638, 1.4893267910928132, 1.409821548326343, 1.4816599877902581, 1.5364570071092052, 1.4777900270306175, 1.4, 1, 1, 0.2567201697088043, 0.09795827412667857, 0.910781901611295, 1]

Score=0.213037747349
[0.012951596046082786, 0.00072335142519590627, -0.022088663218423638, 1.501902315005613, 1.409821548326343, 1.4816599877902581, 1.5364570071092052, 1.4866752052896566, 1.4, 1, 1, 0.2567201697088043, 0.09795827412667857, 0.910781901611295, 1]

Score=0.110125184576
[0.013184236802196138, -0.0013378474493658046, -0.022088663218423638, 1.501902315005613, 1.4113200738475031, 1.4887696377896977, 1.527315000640453, 1.4866752052896566, 1.4, 1, 1, 0.2567201697088043, 0.09795827412667857, 0.910781901611295, 1]

Score=0.0149304747113
[0.012951596046082786, -0.0018128858176053172, -0.022088663218423638, 1.4973054516962538, 1.409821548326343, 1.4887696377896977, 1.5364570071092052, 1.4866752052896566, 1.4, 1, 1, 0.2567201697088043, 0.09795827412667857, 0.910781901611295, 1]

Score=0.151994453228
[0.014125614453252455, 0.00072335142519590627, -0.022088663218423638, 1.501902315005613, 1.4113200738475031, 1.4816599877902581, 1.5364570071092052, 1.4866752052896566, 1.4, 1, 1, 0.2567201697088043, 0.09795827412667857, 0.910781901611295, 1]

Score=0.204610469412
[0.013649442146891977, -0.0013378474493658046, -0.022088663218423638, 1.501902315005613, 1.4093929088924004, 1.4887696377896977, 1.5364570071092052, 1.4777900270306175, 1.4, 1, 1, 0.2567201697088043, 0.09795827412667857, 0.910781901611295, 1]

Score=0.0957557523037
[0.012951596046082786, -0.0013378474493658046, -0.022088663218423638, 1.501902315005613, 1.4093929088924004, 1.4887696377896977, 1.5364570071092052, 1.4777900270306175, 1.4, 1, 1, 0.2567201697088043, 0.09795827412667857, 0.910781901611295, 1]

Score=0.271251710815
[0.012951596046082786, -0.0018128858176053172, -0.022088663218423638, 1.501902315005613, 1.4093929088924004, 1.4887696377896977, 1.527315000640453, 1.4866752052896566, 1.4, 1, 1, 0.2567201697088043, 0.09795827412667857, 0.910781901611295, 1]

Score=0.166190481973
[0.012951596046082786, -0.0018128858176053172, -0.022088663218423638, 1.4973054516962538, 1.4093929088924004, 1.4887696377896977, 1.527315000640453, 1.4777900270306175, 1.4, 1, 1, 0.2567201697088043, 0.09795827412667857, 0.910781901611295, 1]

Score=0.0784682133587
[0.013649442146891977, 0.00072335142519590627, -0.022088663218423638, 1.4954153048302603, 1.4093929088924004, 1.4887696377896977, 1.5364570071092052, 1.4866752052896566, 1.4, 1, 1, 0.2567201697088043, 0.09795827412667857, 0.910781901611295, 1]

Score=0.0954188637573
[0.012951596046082786, 0.00072335142519590627, -0.022088663218423638, 1.501902315005613, 1.4093929088924004, 1.4887696377896977, 1.527315000640453, 1.4866752052896566, 1.4, 1, 1, 0.2567201697088043, 0.09795827412667857, 0.910781901611295, 1]

Score=0.0337716187322
[0.013649442146891977, -0.0013378474493658046, -0.022088663218423638, 1.4973054516962538, 1.4093929088924004, 1.4887696377896977, 1.5364570071092052, 1.4777900270306175, 1.4, 1, 1, 0.2567201697088043, 0.09795827412667857, 0.910781901611295, 1]

Score=0.134695897168
[0.01171852366356479, -0.00066783715398122199, -0.023563320757770526, 1.4973054516962538, 1.409821548326343, 1.5057735818938522, 1.5364570071092052, 1.4777900270306175, 1.4, 1, 1, 0.2567201697088043, 0.09795827412667857, 0.910781901611295, 1]

Score=0.117431687321
[0.01171852366356479, -0.0013378474493658046, -0.024227522159168808, 1.4973054516962538, 1.4093929088924004, 1.4887696377896977, 1.5380659728234194, 1.4866752052896566, 1.4, 1, 1, 0.2567201697088043, 0.09795827412667857, 0.910781901611295, 1]

Score=0.118094846283
[0.01171852366356479, -0.00058837313828572727, -0.023563320757770526, 1.4853743224458971, 1.4093929088924004, 1.4887696377896977, 1.5364570071092052, 1.4777900270306175, 1.4, 1, 1, 0.2567201697088043, 0.09795827412667857, 0.910781901611295, 1]




Final Population
[0.01171852366356479, -0.00058837313828572727, -0.022088663218423638, 1.4973054516962538, 1.4093929088924004, 1.4887696377896977, 1.5364570071092052, 1.4777900270306175, 1.4, 1, 1, 0.2567201697088043, 0.09795827412667857, 0.910781901611295, 1]
[0.01171852366356479, -0.00066783715398122199, -0.022088663218423638, 1.4853743224458971, 1.4093929088924004, 1.5057735818938522, 1.5364570071092052, 1.4777900270306175, 1.4, 1, 1, 0.2567201697088043, 0.09795827412667857, 0.910781901611295, 1]
[0.012951596046082786, -0.00058837313828572727, -0.022088663218423638, 1.4893267910928132, 1.4222071691040779, 1.5057735818938522, 1.5408202395776633, 1.4777900270306175, 1.4092899843071158, 1, 1, 0.2567201697088043, 0.09795827412667857, 0.910781901611295, 1]
[0.01171852366356479, -0.00058837313828572727, -0.022088663218423638, 1.4853743224458971, 1.4093929088924004, 1.4887696377896977, 1.5364570071092052, 1.4777900270306175, 1.4, 1, 1, 0.2567201697088043, 0.09795827412667857, 0.910781901611295, 1]
[0.012522944931771949, -0.0013378474493658046, -0.022088663218423638, 1.501902315005613, 1.409821548326343, 1.4816599877902581, 1.5364570071092052, 1.4777900270306175, 1.4, 1, 1, 0.2567201697088043, 1, 0.910781901611295, 1]
[0.015365244951393728, -0.00058837313828572727, -0.022088663218423638, 1.4893267910928132, 1.409821548326343, 1.4887696377896977, 1.5364570071092052, 1.4777900270306175, 1.4, 1, 1, 0.2567201697088043, 0.09795827412667857, 0.910781901611295, 1]
[0.015365244951393728, -0.0013378474493658046, -0.022088663218423638, 1.4893267910928132, 1.409821548326343, 1.4887696377896977, 1.5364570071092052, 1.4777900270306175, 1.4, 1, 1, 0.2567201697088043, 1, 0.910781901611295, 1]
[0.012951596046082786, -0.00043647903491033269, -0.022088663218423638, 1.4893267910928132, 1.409821548326343, 1.4816599877902581, 1.5364570071092052, 1.4777900270306175, 1.4, 1, 1, 0.2567201697088043, 0.09795827412667857, 0.910781901611295, 1]
[0.013394206686277641, -0.0013378474493658046, -0.022088663218423638, 1.501902315005613, 1.409821548326343, 1.4816599877902581, 1.5364570071092052, 1.468134849697676, 1.4, 1, 1, 0.2567201697088043, 0.09795827412667857, 0.910781901611295, 1]
[0.012951596046082786, -0.00058837313828572727, -0.022088663218423638, 1.501902315005613, 1.4113200738475031, 1.4813182405606578, 1.5364570071092052, 1.468134849697676, 1.4, 1, 1, 0.2567201697088043, 0.09795827412667857, 0.910781901611295, 1]
[0.013692076384804139, -0.00058837313828572727, -0.022088663218423638, 1.4893267910928132, 1.409821548326343, 1.4813182405606578, 1.5364570071092052, 1.4777900270306175, 1.4, 1, 1, 0.2567201697088043, 0.09795827412667857, 0.910781901611295, 1]
[0.012951596046082786, -0.0013378474493658046, -0.022088663218423638, 1.501902315005613, 1.4113200738475031, 1.4887696377896977, 1.5364570071092052, 1.468134849697676, 1.4, 1, 1, 0.2567201697088043, 0.09795827412667857, 1, 1]
[0.012951596046082786, 0.0021758951222366932, -0.022088663218423638, 1.501902315005613, 1.409821548326343, 1.4813182405606578, 1.5364570071092052, 1.4777900270306175, 1.4, 1, 1, 0.2567201697088043, 0.09795827412667857, 0.910781901611295, 1]
[0.013394206686277641, -0.0013378474493658046, -0.022088663218423638, 1.501902315005613, 1.409821548326343, 1.4816599877902581, 1.5364570071092052, 1.468134849697676, 1.4, 1, 1, 0.2567201697088043, 0.09795827412667857, 0.910781901611295, 1]
[0.012951596046082786, 0.00072335142519590627, -0.022088663218423638, 1.501902315005613, 1.4113200738475031, 1.4816599877902581, 1.5364570071092052, 1.4777900270306175, 1.4, 1, 1, 0.2567201697088043, 0.09795827412667857, 0.910781901611295, 1]
[0.013394206686277641, 0.00072335142519590627, -0.022088663218423638, 1.4893267910928132, 1.409821548326343, 1.4816599877902581, 1.5364570071092052, 1.4777900270306175, 1.4, 1, 1, 0.2567201697088043, 0.09795827412667857, 0.910781901611295, 1]
[0.012951596046082786, 0.00072335142519590627, -0.022088663218423638, 1.501902315005613, 1.409821548326343, 1.4816599877902581, 1.5364570071092052, 1.4866752052896566, 1.4, 1, 1, 0.2567201697088043, 0.09795827412667857, 0.910781901611295, 1]
[0.013184236802196138, -0.0013378474493658046, -0.022088663218423638, 1.501902315005613, 1.4113200738475031, 1.4887696377896977, 1.527315000640453, 1.4866752052896566, 1.4, 1, 1, 0.2567201697088043, 0.09795827412667857, 0.910781901611295, 1]
[0.012951596046082786, -0.0018128858176053172, -0.022088663218423638, 1.4973054516962538, 1.409821548326343, 1.4887696377896977, 1.5364570071092052, 1.4866752052896566, 1.4, 1, 1, 0.2567201697088043, 0.09795827412667857, 0.910781901611295, 1]
[0.014125614453252455, 0.00072335142519590627, -0.022088663218423638, 1.501902315005613, 1.4113200738475031, 1.4816599877902581, 1.5364570071092052, 1.4866752052896566, 1.4, 1, 1, 0.2567201697088043, 0.09795827412667857, 0.910781901611295, 1]
[0.013649442146891977, -0.0013378474493658046, -0.022088663218423638, 1.501902315005613, 1.4093929088924004, 1.4887696377896977, 1.5364570071092052, 1.4777900270306175, 1.4, 1, 1, 0.2567201697088043, 0.09795827412667857, 0.910781901611295, 1]
[0.012951596046082786, -0.0013378474493658046, -0.022088663218423638, 1.501902315005613, 1.4093929088924004, 1.4887696377896977, 1.5364570071092052, 1.4777900270306175, 1.4, 1, 1, 0.2567201697088043, 0.09795827412667857, 0.910781901611295, 1]
[0.012951596046082786, -0.0018128858176053172, -0.022088663218423638, 1.501902315005613, 1.4093929088924004, 1.4887696377896977, 1.527315000640453, 1.4866752052896566, 1.4, 1, 1, 0.2567201697088043, 0.09795827412667857, 0.910781901611295, 1]
[0.012951596046082786, -0.0018128858176053172, -0.022088663218423638, 1.4973054516962538, 1.4093929088924004, 1.4887696377896977, 1.527315000640453, 1.4777900270306175, 1.4, 1, 1, 0.2567201697088043, 0.09795827412667857, 0.910781901611295, 1]
[0.013649442146891977, 0.00072335142519590627, -0.022088663218423638, 1.4954153048302603, 1.4093929088924004, 1.4887696377896977, 1.5364570071092052, 1.4866752052896566, 1.4, 1, 1, 0.2567201697088043, 0.09795827412667857, 0.910781901611295, 1]
[0.012951596046082786, 0.00072335142519590627, -0.022088663218423638, 1.501902315005613, 1.4093929088924004, 1.4887696377896977, 1.527315000640453, 1.4866752052896566, 1.4, 1, 1, 0.2567201697088043, 0.09795827412667857, 0.910781901611295, 1]
[0.013649442146891977, -0.0013378474493658046, -0.022088663218423638, 1.4973054516962538, 1.4093929088924004, 1.4887696377896977, 1.5364570071092052, 1.4777900270306175, 1.4, 1, 1, 0.2567201697088043, 0.09795827412667857, 0.910781901611295, 1]
[0.01171852366356479, -0.00066783715398122199, -0.023563320757770526, 1.4973054516962538, 1.409821548326343, 1.5057735818938522, 1.5364570071092052, 1.4777900270306175, 1.4, 1, 1, 0.2567201697088043, 0.09795827412667857, 0.910781901611295, 1]
[0.01171852366356479, -0.0013378474493658046, -0.024227522159168808, 1.4973054516962538, 1.4093929088924004, 1.4887696377896977, 1.5380659728234194, 1.4866752052896566, 1.4, 1, 1, 0.2567201697088043, 0.09795827412667857, 0.910781901611295, 1]
[0.01171852366356479, -0.00058837313828572727, -0.023563320757770526, 1.4853743224458971, 1.4093929088924004, 1.4887696377896977, 1.5364570071092052, 1.4777900270306175, 1.4, 1, 1, 0.2567201697088043, 0.09795827412667857, 0.910781901611295, 1]
