Score=0.0991351788236
alpha=[0.0813956922547856, -0.05900363289971512, 0.04762502564564374]
beta=[1.5858163879280567, 1.5799723307325007, 1.5599681840508661, 1.4994811854473236, 1.5335402914180885, 1.4197832304034972]
gamma=[0.18932962808183817, 0.09772618030812508, 0.40325295843959397, 0.6723066949782962, 0.6901787174814457, 0.8064980185563274]

Score=0.0201458396952
alpha=[0.028133896432749564, -0.0020653150190110686, -0.006543100188166906]
beta=[1.4316655214169818, 1.4936427709962607, 1.456982101856649, 1.5455689618153052, 1.4164703896070647, 1.443431011619923]
gamma=[0.18766969271255307, 0.7837420706390827, 0.4453443482296505, 0.1391658616942093, 0.18744247991326302, 0.9730877326428065]

Score=0.0308203163208
alpha=[0.041015548223456114, -0.007165733971707028, 0.01746625761602675]
beta=[1.565658344663748, 1.4715832341798585, 1.4321139954394013, 1.5391448190743393, 1.4883353526336853, 1.5417855230277586]
gamma=[0.5996781386026213, 0.19210159620420864, 0.9894432427049903, 0.3671403399970099, 0.06287842652461373, 0.9249646218156694]

Score=0.0940053494113
alpha=[0.041625092438338035, -0.04053030698261728, -0.06482061942652165]
beta=[1.4277781039679662, 1.4482261587736769, 1.4220775833586066, 1.5591020163025437, 1.513474826172134, 1.41763267704825]
gamma=[0.6034928474732898, 0.12230658811187356, 0.9488713798200827, 0.992564944129003, 0.5511065091736367, 0.948906964925696]

Score=0.0237671967223
alpha=[0.06400715674505379, -0.06853181265595759, -0.07996592069332564]
beta=[1.4200803164823157, 1.4574515695795154, 1.5128186135412618, 1.4815350593906909, 1.5691229445584864, 1.5696659412848022]
gamma=[0.04419621647389771, 0.9709368220068626, 0.929902808963255, 0.31503573592492606, 0.5777508340535707, 0.173087054573279]

Score=0.0922135605824
alpha=[0.03354050247755328, -0.04514995395552386, 0.030054912953991]
beta=[1.4186715117155906, 1.4, 1.49113134501358, 1.4391017165851319, 1.5690053470115546, 1.5839076015908797]
gamma=[0.6573331247018412, 0.29359892118544473, 0.8933371446106211, 0.2266360067736244, 0.8730709867808815, 0.6051522401199901]

Score=0.0841344854326
alpha=[0.03354050247755328, -0.04514995395552386, 0.007631590144599754]
beta=[1.433029810016796, 1.4, 1.4770614812738732, 1.5609345788526507, 1.5690053470115546, 1.5839076015908797]
gamma=[0.6573331247018412, 0.29359892118544473, 0.8933371446106211, 0.2266360067736244, 0.7450524420783131, 1]

