Score=0.188820345393
[0.072191457843618592, -0.070879725180661476, -0.012411396322598512, 1.5764086880416326, 1.5232010398647591, 1.5866357464040026, 1.4067411924709561, 1.5825197922236949, 1.42576571468525, 0.8204346131400578, 1, 1, 1, 0.35573438030526583, 0.3557523518379714]

Score=0.106902068509
[0.072191457843618592, -0.072221712171400554, -0.012411396322598512, 1.5621563989026694, 1.5212744771554065, 1.5990156472248458, 1.4103809106924095, 1.5845640410928945, 1.4, 0.8204346131400578, 1, 1, 1, 0.35573438030526583, 0.3557523518379714]

Score=0.106737629724
[0.072191457843618592, -0.072221712171400554, -0.012411396322598512, 1.5764086880416326, 1.5212744771554065, 1.5830271632571462, 1.4086741482470213, 1.5845640410928945, 1.4, 0.8204346131400578, 1, 1, 1, 0.35573438030526583, 0.3557523518379714]

Score=0.118756543439
[0.072191457843618592, -0.073288748571359058, -0.012411396322598512, 1.5764086880416326, 1.5212744771554065, 1.5990156472248458, 1.4164796615463233, 1.5845640410928945, 1.4, 0.8204346131400578, 1, 1, 1, 0.35573438030526583, 0.3557523518379714]

Score=0.173601847262
[0.072658305742475435, -0.073288748571359058, -0.012411396322598512, 1.5648773673857606, 1.5168820006386345, 1.5990156472248458, 1.418006529767367, 1.5845640410928945, 1.4, 0.8204346131400578, 1, 1, 1, 0.35573438030526583, 0.3557523518379714]

Score=0.122214178428
[0.072191457843618592, -0.073288748571359058, -0.012411396322598512, 1.5764086880416326, 1.5212744771554065, 1.5990156472248458, 1.418006529767367, 1.5845640410928945, 1.4, 0.8204346131400578, 1, 1, 1, 0.35573438030526583, 0.3557523518379714]

Score=0.108550325026
[0.072191457843618592, -0.073288748571359058, -0.012411396322598512, 1.5648773673857606, 1.5168820006386345, 1.5990156472248458, 1.418006529767367, 1.5845640410928945, 1.4, 0.8204346131400578, 1, 1, 1, 0.35573438030526583, 0.3557523518379714]

Score=0.125049794266
[0.072191457843618592, -0.073288748571359058, -0.012411396322598512, 1.5764086880416326, 1.5212744771554065, 1.5830271632571462, 1.4086741482470213, 1.5845640410928945, 1.4, 0.8204346131400578, 1, 1, 1, 0.35573438030526583, 0.3557523518379714]

Score=0.243060200822
[0.072191457843618592, -0.073288748571359058, -0.012411396322598512, 1.5764086880416326, 1.5212744771554065, 1.6, 1.4067411924709561, 1.6, 1.4, 0.8204346131400578, 1, 1, 1, 0.35573438030526583, 0.3557523518379714]

Score=0.201448007079
[0.072191457843618592, -0.073288748571359058, -0.012411396322598512, 1.5764086880416326, 1.5168820006386345, 1.5830271632571462, 1.418006529767367, 1.5845640410928945, 1.4148906498666822, 0.8204346131400578, 1, 1, 1, 0.35573438030526583, 0.3557523518379714]

Score=0.379554039196
[0.072191457843618592, -0.073288748571359058, -0.012411396322598512, 1.5648773673857606, 1.5168820006386345, 1.5830271632571462, 1.418006529767367, 1.5845640410928945, 1.4, 1, 1, 1, 1, 0.35573438030526583, 0.3557523518379714]

Score=0.0910042552642
[0.072191457843618592, -0.073288748571359058, -0.012411396322598512, 1.5648773673857606, 1.5168820006386345, 1.5830271632571462, 1.418006529767367, 1.5845640410928945, 1.4, 0.8204346131400578, 1, 1, 1, 0.35573438030526583, 0.3557523518379714]

Score=0.309460764975
[0.072191457843618592, -0.073288748571359058, -0.012411396322598512, 1.588284914640326, 1.5170760961493714, 1.6, 1.4067411924709561, 1.6, 1.4, 0.8204346131400578, 1, 1, 1, 0.35573438030526583, 0.3557523518379714]

Score=0.128817557359
[0.072191457843618592, -0.072221712171400554, -0.012411396322598512, 1.5764086880416326, 1.5212744771554065, 1.5866357464040026, 1.418006529767367, 1.5845640410928945, 1.42576571468525, 0.8204346131400578, 1, 1, 1, 0.35573438030526583, 0.3557523518379714]

Score=0.270939310699
[0.072191457843618592, -0.073288748571359058, -0.012411396322598512, 1.5648773673857606, 1.5168820006386345, 1.5830271632571462, 1.4065190044799001, 1.5845640410928945, 1.42576571468525, 0.8204346131400578, 1, 1, 1, 0.35573438030526583, 0.3557523518379714]

Score=0.184096364818
[0.072191457843618592, -0.070879725180661476, -0.012411396322598512, 1.5764086880416326, 1.5212744771554065, 1.6, 1.4067411924709561, 1.584492418623068, 1.4, 0.8204346131400578, 1, 1, 1, 0.35573438030526583, 0.3557523518379714]

Score=0.499847943149
[0.072191457843618592, -0.070879725180661476, -0.012411396322598512, 1.5764086880416326, 1.5212744771554065, 1.5866357464040026, 1.4028521644179297, 1.5845640410928945, 1.4, 0.8204346131400578, 1, 1, 1, 0.35573438030526583, 1]

Score=0.097915445686
[0.072191457843618592, -0.070879725180661476, -0.012411396322598512, 1.5895659961528921, 1.5212744771554065, 1.6, 1.4067411924709561, 1.5845640410928945, 1.4, 0.8204346131400578, 1, 1, 1, 0.35573438030526583, 0.3557523518379714]

Score=0.144409180632
[0.072191457843618592, -0.070879725180661476, -0.012411396322598512, 1.5764086880416326, 1.5212744771554065, 1.6, 1.4111866412117857, 1.5845640410928945, 1.42576571468525, 0.8204346131400578, 1, 1, 1, 0.35573438030526583, 0.3557523518379714]

Score=0.092337259606
[0.072191457843618592, -0.072221712171400554, -0.012411396322598512, 1.5764086880416326, 1.5212744771554065, 1.5866357464040026, 1.4067411924709561, 1.5845640410928945, 1.42576571468525, 0.8204346131400578, 1, 1, 1, 0.35573438030526583, 0.3557523518379714]

Score=0.120424305204
[0.072191457843618592, -0.070879725180661476, -0.012411396322598512, 1.5764086880416326, 1.5212744771554065, 1.5866357464040026, 1.418006529767367, 1.5845640410928945, 1.42576571468525, 0.8204346131400578, 1, 1, 1, 0.35573438030526583, 0.3557523518379714]

Score=0.172659357288
[0.072191457843618592, -0.070879725180661476, -0.012411396322598512, 1.5764086880416326, 1.5213119162176347, 1.5866357464040026, 1.418006529767367, 1.5845640410928945, 1.42576571468525, 0.8204346131400578, 1, 1, 1, 0.35573438030526583, 0.3557523518379714]

Score=0.0824993412804
[0.072191457843618592, -0.070879725180661476, -0.012411396322598512, 1.5764086880416326, 1.5212744771554065, 1.6, 1.418006529767367, 1.5845640410928945, 1.4148906498666822, 0.8204346131400578, 1, 1, 1, 0.35573438030526583, 0.3557523518379714]

Score=0.147646658956
[0.072191457843618592, -0.072221712171400554, -0.012411396322598512, 1.5764086880416326, 1.5212744771554065, 1.6, 1.4067411924709561, 1.5950723642085087, 1.42576571468525, 0.8204346131400578, 1, 1, 1, 0.35573438030526583, 0.3557523518379714]

Score=0.128578803953
[0.072191457843618592, -0.072221712171400554, -0.012411396322598512, 1.5764086880416326, 1.5212744771554065, 1.5866357464040026, 1.4067411924709561, 1.5845640410928945, 1.42576571468525, 0.8204346131400578, 1, 1, 1, 0.35573438030526583, 0.3557523518379714]

Score=0.192888752745
[0.072191457843618592, -0.070879725180661476, -0.012411396322598512, 1.5764086880416326, 1.5213119162176347, 1.5866357464040026, 1.4067411924709561, 1.5845640410928945, 1.42576571468525, 0.8204346131400578, 1, 1, 1, 0.35573438030526583, 0.3557523518379714]

Score=0.211963477481
[0.072191457843618592, -0.072221712171400554, -0.012411396322598512, 1.5764086880416326, 1.5168820006386345, 1.6, 1.4067411924709561, 1.5845640410928945, 1.42576571468525, 0.8204346131400578, 1, 1, 1, 0.35573438030526583, 0.3557523518379714]

Score=0.473607833461
[0.072191457843618592, -0.072221712171400554, -0.012411396322598512, 1.5764086880416326, 1.5232010398647591, 1.5866357464040026, 1.4067411924709561, 1.5950723642085087, 1.42576571468525, 0.8204346131400578, 1, 1, 1, 0.35573438030526583, 1]

Score=0.187552627672
[0.072191457843618592, -0.070879725180661476, -0.012411396322598512, 1.5971556192599285, 1.5168820006386345, 1.5866357464040026, 1.4067411924709561, 1.5845640410928945, 1.42576571468525, 0.8204346131400578, 1, 1, 1, 0.35573438030526583, 0.3557523518379714]

Score=0.112992991546
[0.072191457843618592, -0.072221712171400554, -0.012411396322598512, 1.5764086880416326, 1.5212744771554065, 1.5990156472248458, 1.4103809106924095, 1.5845640410928945, 1.42576571468525, 0.8204346131400578, 1, 1, 1, 0.35573438030526583, 0.3557523518379714]




Final Population
[0.072191457843618592, -0.070879725180661476, -0.012411396322598512, 1.5764086880416326, 1.5232010398647591, 1.5866357464040026, 1.4067411924709561, 1.5825197922236949, 1.42576571468525, 0.8204346131400578, 1, 1, 1, 0.35573438030526583, 0.3557523518379714]
[0.072191457843618592, -0.072221712171400554, -0.012411396322598512, 1.5621563989026694, 1.5212744771554065, 1.5990156472248458, 1.4103809106924095, 1.5845640410928945, 1.4, 0.8204346131400578, 1, 1, 1, 0.35573438030526583, 0.3557523518379714]
[0.072191457843618592, -0.072221712171400554, -0.012411396322598512, 1.5764086880416326, 1.5212744771554065, 1.5830271632571462, 1.4086741482470213, 1.5845640410928945, 1.4, 0.8204346131400578, 1, 1, 1, 0.35573438030526583, 0.3557523518379714]
[0.072191457843618592, -0.073288748571359058, -0.012411396322598512, 1.5764086880416326, 1.5212744771554065, 1.5990156472248458, 1.4164796615463233, 1.5845640410928945, 1.4, 0.8204346131400578, 1, 1, 1, 0.35573438030526583, 0.3557523518379714]
[0.072658305742475435, -0.073288748571359058, -0.012411396322598512, 1.5648773673857606, 1.5168820006386345, 1.5990156472248458, 1.418006529767367, 1.5845640410928945, 1.4, 0.8204346131400578, 1, 1, 1, 0.35573438030526583, 0.3557523518379714]
[0.072191457843618592, -0.073288748571359058, -0.012411396322598512, 1.5764086880416326, 1.5212744771554065, 1.5990156472248458, 1.418006529767367, 1.5845640410928945, 1.4, 0.8204346131400578, 1, 1, 1, 0.35573438030526583, 0.3557523518379714]
[0.072191457843618592, -0.073288748571359058, -0.012411396322598512, 1.5648773673857606, 1.5168820006386345, 1.5990156472248458, 1.418006529767367, 1.5845640410928945, 1.4, 0.8204346131400578, 1, 1, 1, 0.35573438030526583, 0.3557523518379714]
[0.072191457843618592, -0.073288748571359058, -0.012411396322598512, 1.5764086880416326, 1.5212744771554065, 1.5830271632571462, 1.4086741482470213, 1.5845640410928945, 1.4, 0.8204346131400578, 1, 1, 1, 0.35573438030526583, 0.3557523518379714]
[0.072191457843618592, -0.073288748571359058, -0.012411396322598512, 1.5764086880416326, 1.5212744771554065, 1.6, 1.4067411924709561, 1.6, 1.4, 0.8204346131400578, 1, 1, 1, 0.35573438030526583, 0.3557523518379714]
[0.072191457843618592, -0.073288748571359058, -0.012411396322598512, 1.5764086880416326, 1.5168820006386345, 1.5830271632571462, 1.418006529767367, 1.5845640410928945, 1.4148906498666822, 0.8204346131400578, 1, 1, 1, 0.35573438030526583, 0.3557523518379714]
[0.072191457843618592, -0.073288748571359058, -0.012411396322598512, 1.5648773673857606, 1.5168820006386345, 1.5830271632571462, 1.418006529767367, 1.5845640410928945, 1.4, 1, 1, 1, 1, 0.35573438030526583, 0.3557523518379714]
[0.072191457843618592, -0.073288748571359058, -0.012411396322598512, 1.5648773673857606, 1.5168820006386345, 1.5830271632571462, 1.418006529767367, 1.5845640410928945, 1.4, 0.8204346131400578, 1, 1, 1, 0.35573438030526583, 0.3557523518379714]
[0.072191457843618592, -0.073288748571359058, -0.012411396322598512, 1.588284914640326, 1.5170760961493714, 1.6, 1.4067411924709561, 1.6, 1.4, 0.8204346131400578, 1, 1, 1, 0.35573438030526583, 0.3557523518379714]
[0.072191457843618592, -0.072221712171400554, -0.012411396322598512, 1.5764086880416326, 1.5212744771554065, 1.5866357464040026, 1.418006529767367, 1.5845640410928945, 1.42576571468525, 0.8204346131400578, 1, 1, 1, 0.35573438030526583, 0.3557523518379714]
[0.072191457843618592, -0.073288748571359058, -0.012411396322598512, 1.5648773673857606, 1.5168820006386345, 1.5830271632571462, 1.4065190044799001, 1.5845640410928945, 1.42576571468525, 0.8204346131400578, 1, 1, 1, 0.35573438030526583, 0.3557523518379714]
[0.072191457843618592, -0.070879725180661476, -0.012411396322598512, 1.5764086880416326, 1.5212744771554065, 1.6, 1.4067411924709561, 1.584492418623068, 1.4, 0.8204346131400578, 1, 1, 1, 0.35573438030526583, 0.3557523518379714]
[0.072191457843618592, -0.070879725180661476, -0.012411396322598512, 1.5764086880416326, 1.5212744771554065, 1.5866357464040026, 1.4028521644179297, 1.5845640410928945, 1.4, 0.8204346131400578, 1, 1, 1, 0.35573438030526583, 1]
[0.072191457843618592, -0.070879725180661476, -0.012411396322598512, 1.5895659961528921, 1.5212744771554065, 1.6, 1.4067411924709561, 1.5845640410928945, 1.4, 0.8204346131400578, 1, 1, 1, 0.35573438030526583, 0.3557523518379714]
[0.072191457843618592, -0.070879725180661476, -0.012411396322598512, 1.5764086880416326, 1.5212744771554065, 1.6, 1.4111866412117857, 1.5845640410928945, 1.42576571468525, 0.8204346131400578, 1, 1, 1, 0.35573438030526583, 0.3557523518379714]
[0.072191457843618592, -0.072221712171400554, -0.012411396322598512, 1.5764086880416326, 1.5212744771554065, 1.5866357464040026, 1.4067411924709561, 1.5845640410928945, 1.42576571468525, 0.8204346131400578, 1, 1, 1, 0.35573438030526583, 0.3557523518379714]
[0.072191457843618592, -0.070879725180661476, -0.012411396322598512, 1.5764086880416326, 1.5212744771554065, 1.5866357464040026, 1.418006529767367, 1.5845640410928945, 1.42576571468525, 0.8204346131400578, 1, 1, 1, 0.35573438030526583, 0.3557523518379714]
[0.072191457843618592, -0.070879725180661476, -0.012411396322598512, 1.5764086880416326, 1.5213119162176347, 1.5866357464040026, 1.418006529767367, 1.5845640410928945, 1.42576571468525, 0.8204346131400578, 1, 1, 1, 0.35573438030526583, 0.3557523518379714]
[0.072191457843618592, -0.070879725180661476, -0.012411396322598512, 1.5764086880416326, 1.5212744771554065, 1.6, 1.418006529767367, 1.5845640410928945, 1.4148906498666822, 0.8204346131400578, 1, 1, 1, 0.35573438030526583, 0.3557523518379714]
[0.072191457843618592, -0.072221712171400554, -0.012411396322598512, 1.5764086880416326, 1.5212744771554065, 1.6, 1.4067411924709561, 1.5950723642085087, 1.42576571468525, 0.8204346131400578, 1, 1, 1, 0.35573438030526583, 0.3557523518379714]
[0.072191457843618592, -0.072221712171400554, -0.012411396322598512, 1.5764086880416326, 1.5212744771554065, 1.5866357464040026, 1.4067411924709561, 1.5845640410928945, 1.42576571468525, 0.8204346131400578, 1, 1, 1, 0.35573438030526583, 0.3557523518379714]
[0.072191457843618592, -0.070879725180661476, -0.012411396322598512, 1.5764086880416326, 1.5213119162176347, 1.5866357464040026, 1.4067411924709561, 1.5845640410928945, 1.42576571468525, 0.8204346131400578, 1, 1, 1, 0.35573438030526583, 0.3557523518379714]
[0.072191457843618592, -0.072221712171400554, -0.012411396322598512, 1.5764086880416326, 1.5168820006386345, 1.6, 1.4067411924709561, 1.5845640410928945, 1.42576571468525, 0.8204346131400578, 1, 1, 1, 0.35573438030526583, 0.3557523518379714]
[0.072191457843618592, -0.072221712171400554, -0.012411396322598512, 1.5764086880416326, 1.5232010398647591, 1.5866357464040026, 1.4067411924709561, 1.5950723642085087, 1.42576571468525, 0.8204346131400578, 1, 1, 1, 0.35573438030526583, 1]
[0.072191457843618592, -0.070879725180661476, -0.012411396322598512, 1.5971556192599285, 1.5168820006386345, 1.5866357464040026, 1.4067411924709561, 1.5845640410928945, 1.42576571468525, 0.8204346131400578, 1, 1, 1, 0.35573438030526583, 0.3557523518379714]
[0.072191457843618592, -0.072221712171400554, -0.012411396322598512, 1.5764086880416326, 1.5212744771554065, 1.5990156472248458, 1.4103809106924095, 1.5845640410928945, 1.42576571468525, 0.8204346131400578, 1, 1, 1, 0.35573438030526583, 0.3557523518379714]
