Score=0.0206890983607
[0.0074435891991054453, -0.0047915727484841332, 0.020379049442742714, 1.5060945161007189, 1.5290196677245524, 1.4168312289615337, 1.55656916257917, 1.5146382991166454, 1.569530157862135, 1, 0.5690538632256367, 0.2986537486946087, 0.14068855947747416, 1, 0.5864783878925097]

Score=0.0146811910096
[0.0074435891991054453, -0.0047915727484841332, 0.020379049442742714, 1.5123536109157585, 1.5290196677245524, 1.4168312289615337, 1.5251700697285258, 1.5098927193186074, 1.5831786171276829, 1, 0.5690538632256367, 0.2986537486946087, 0.14068855947747416, 1, 0.5864783878925097]

Score=0.0417670801691
[0.0074435891991054453, -0.0047915727484841332, 0.020379049442742714, 1.5101545148981979, 1.5290196677245524, 1.4168312289615337, 1.5645816562736909, 1.5146382991166454, 1.5831786171276829, 1, 0.5690538632256367, 0.2986537486946087, 0.14068855947747416, 1, 0.5864783878925097]

Score=0.13342346046
[0.0074435891991054453, -0.0047915727484841332, 0.021984804859315824, 1.5125424452419258, 1.5339405471910825, 1.4168312289615337, 1.5555545772784267, 1.5146382991166454, 1.569530157862135, 1, 0.5690538632256367, 0.2986537486946087, 0.14068855947747416, 1, 1]

Score=0.0980477828755
[0.0074435891991054453, -0.0031664597271099195, 0.020379049442742714, 1.5101545148981979, 1.5290196677245524, 1.4168312289615337, 1.5251700697285258, 1.5146382991166454, 1.5831786171276829, 1, 0.5690538632256367, 1, 0.14068855947747416, 1, 0.5864783878925097]

Score=0.0156609476102
[0.0074435891991054453, -0.0051308771022776237, 0.020379049442742714, 1.5123536109157585, 1.5290196677245524, 1.4168312289615337, 1.55656916257917, 1.4961231859478563, 1.5831786171276829, 1, 0.5690538632256367, 0.2986537486946087, 0.14068855947747416, 1, 0.5864783878925097]

Score=0.00533071010338
[0.0074435891991054453, -0.0031664597271099195, 0.022319094036465894, 1.5125424452419258, 1.5290196677245524, 1.4252362115649204, 1.5645816562736909, 1.5146382991166454, 1.5831786171276829, 1, 0.5690538632256367, 0.2986537486946087, 0.14068855947747416, 1, 0.5864783878925097]

Score=0.0846675411834
[0.0074435891991054453, -0.0051308771022776237, 0.022319094036465894, 1.5125424452419258, 1.5290196677245524, 1.4252362115649204, 1.5555545772784267, 1.5054985329297217, 1.5831786171276829, 1, 0.5690538632256367, 0.2986537486946087, 0.14068855947747416, 1, 1]

Score=0.137775457607
[0.0069337946134694689, -0.0031664597271099195, 0.022319094036465894, 1.5125424452419258, 1.5290196677245524, 1.4172246630025334, 1.55656916257917, 1.5146382991166454, 1.5831786171276829, 1, 0.5690538632256367, 0.2986537486946087, 0.14068855947747416, 1, 0.5864783878925097]

Score=0.00494610194296
[0.0069337946134694689, -0.0031664597271099195, 0.022319094036465894, 1.5125424452419258, 1.5290196677245524, 1.4252362115649204, 1.5645816562736909, 1.5146382991166454, 1.5831786171276829, 1, 0.5690538632256367, 0.2986537486946087, 0.14068855947747416, 1, 0.5864783878925097]

Score=0.139517417595
[0.0074435891991054453, -0.0031664597271099195, 0.022319094036465894, 1.5251471468158078, 1.5290196677245524, 1.4172246630025334, 1.55656916257917, 1.5146382991166454, 1.5831786171276829, 1, 0.5690538632256367, 1, 0.14068855947747416, 1, 0.5864783878925097]

Score=0.107122311364
[0.00692921606888648, -0.0051308771022776237, 0.022319094036465894, 1.5125424452419258, 1.5290196677245524, 1.4252362115649204, 1.5555545772784267, 1.4743856303021994, 1.5831786171276829, 1, 0.5690538632256367, 0.2986537486946087, 0.14068855947747416, 1, 0.5864783878925097]

Score=0.112682738281
[0.00692921606888648, -0.0051308771022776237, 0.022319094036465894, 1.5125424452419258, 1.5290196677245524, 1.4252362115649204, 1.5555545772784267, 1.5054985329297217, 1.5831786171276829, 1, 0.5690538632256367, 0.2986537486946087, 0.14068855947747416, 1, 0.5864783878925097]

Score=0.206796850418
[0.0085702465310113704, -0.0051308771022776237, 0.022319094036465894, 1.5125424452419258, 1.5290196677245524, 1.4252362115649204, 1.5555545772784267, 1.5054985329297217, 1.5831786171276829, 1, 0.5690538632256367, 1, 0.14068855947747416, 1, 0.5864783878925097]

Score=0.00906863320361
[0.0085702465310113704, -0.0051308771022776237, 0.022319094036465894, 1.5196776932792979, 1.5290196677245524, 1.4172246630025334, 1.5450728317496127, 1.4792660958923316, 1.5831786171276829, 1, 0.5690538632256367, 0.2986537486946087, 0.14068855947747416, 1, 0.5864783878925097]

Score=0.00867068676817
[0.0074435891991054453, -0.0031664597271099195, 0.022319094036465894, 1.5237671030314164, 1.5290196677245524, 1.4168312289615337, 1.5556061151093534, 1.5054985329297217, 1.569530157862135, 1, 0.5690538632256367, 0.2986537486946087, 0.14068855947747416, 1, 0.5864783878925097]

Score=0.00634515676799
[0.0085702465310113704, -0.0051308771022776237, 0.022319094036465894, 1.5196776932792979, 1.5339405471910825, 1.4168312289615337, 1.5450728317496127, 1.4743856303021994, 1.5831786171276829, 1, 0.5690538632256367, 0.2986537486946087, 0.14068855947747416, 1, 0.5864783878925097]

Score=0.0516141780523
[0.0076598072364162844, -0.0047915727484841332, 0.022427447190439181, 1.5237671030314164, 1.5339405471910825, 1.4168312289615337, 1.5555545772784267, 1.4792660958923316, 1.5831786171276829, 1, 0.5690538632256367, 0.2986537486946087, 0.14068855947747416, 1, 0.5864783878925097]

Score=0.101278613147
[0.0074435891991054453, -0.0047915727484841332, 0.022427447190439181, 1.5237671030314164, 1.5339405471910825, 1.4168312289615337, 1.5450728317496127, 1.4792660958923316, 1.569530157862135, 1, 0.5690538632256367, 0.2986537486946087, 0.14068855947747416, 1, 0.5864783878925097]

Score=0.0728620069456
[0.0076598072364162844, -0.0047915727484841332, 0.022427447190439181, 1.5196776932792979, 1.5339405471910825, 1.4168312289615337, 1.5450728317496127, 1.4792660958923316, 1.5831786171276829, 1, 0.5690538632256367, 0.2986537486946087, 0.14068855947747416, 1, 0.5864783878925097]

Score=0.0521255136584
[0.0085702465310113704, -0.0051308771022776237, 0.021454792630445838, 1.5196776932792979, 1.5339405471910825, 1.4168312289615337, 1.5556061151093534, 1.4792660958923316, 1.569530157862135, 1, 0.5690538632256367, 0.2986537486946087, 0.14068855947747416, 1, 0.5864783878925097]

Score=0.00236315728584
[0.0085702465310113704, -0.0051308771022776237, 0.020379049442742714, 1.5196776932792979, 1.5339405471910825, 1.4168312289615337, 1.5450728317496127, 1.4792660958923316, 1.569530157862135, 1, 0.5690538632256367, 0.2986537486946087, 0.14068855947747416, 1, 0.5864783878925097]

Score=0.0194352980973
[0.0076598072364162844, -0.0047915727484841332, 0.022427447190439181, 1.5237671030314164, 1.5339405471910825, 1.4168312289615337, 1.5450728317496127, 1.5098927193186074, 1.5831786171276829, 1, 0.5690538632256367, 0.2986537486946087, 0.14068855947747416, 1, 0.5864783878925097]

Score=0.103388604953
[0.0074435891991054453, -0.0031664597271099195, 0.020443156664348677, 1.5101545148981979, 1.5339405471910825, 1.4168312289615337, 1.5555545772784267, 1.4792660958923316, 1.5831786171276829, 1, 0.5690538632256367, 0.2986537486946087, 0.14068855947747416, 1, 0.5864783878925097]

Score=0.00962527991914
[0.0076598072364162844, -0.0031664597271099195, 0.021984804859315824, 1.5123536109157585, 1.5461438070774871, 1.4168312289615337, 1.5450728317496127, 1.5098927193186074, 1.569530157862135, 1, 0.5690538632256367, 0.2986537486946087, 0.14068855947747416, 1, 0.5864783878925097]

Score=0.170422292146
[0.0074435891991054453, -0.0047915727484841332, 0.020443156664348677, 1.5237671030314164, 1.5339405471910825, 1.4168312289615337, 1.5555545772784267, 1.5033178144770378, 1.5831786171276829, 1, 0.5690538632256367, 0.2986537486946087, 0.14068855947747416, 1, 0.5864783878925097]

Score=0.00343266479606
[0.0076598072364162844, -0.0047915727484841332, 0.020379049442742714, 1.5237671030314164, 1.5339405471910825, 1.4172246630025334, 1.529325730589653, 1.4792660958923316, 1.5831786171276829, 1, 0.5690538632256367, 0.2986537486946087, 0.14068855947747416, 1, 0.5864783878925097]

Score=0.0362133768535
[0.0074435891991054453, -0.0047915727484841332, 0.020379049442742714, 1.5125424452419258, 1.5339405471910825, 1.4168312289615337, 1.5251700697285258, 1.5146382991166454, 1.5831786171276829, 1, 0.5690538632256367, 0.2986537486946087, 0.14068855947747416, 1, 0.5864783878925097]

Score=0.0215638929427
[0.0074435891991054453, -0.0047915727484841332, 0.021984804859315824, 1.5125424452419258, 1.5339405471910825, 1.4168312289615337, 1.5555545772784267, 1.5098927193186074, 1.569530157862135, 1, 0.5690538632256367, 0.2986537486946087, 0.14068855947747416, 1, 0.5864783878925097]

Score=0.0911790813778
[0.0074435891991054453, -0.0047915727484841332, 0.021984804859315824, 1.5125424452419258, 1.5263154627128841, 1.4168312289615337, 1.5555545772784267, 1.5098927193186074, 1.5831786171276829, 1, 0.5690538632256367, 0.2986537486946087, 0.14068855947747416, 1, 0.5864783878925097]




Final Population
[0.0074435891991054453, -0.0047915727484841332, 0.020379049442742714, 1.5060945161007189, 1.5290196677245524, 1.4168312289615337, 1.55656916257917, 1.5146382991166454, 1.569530157862135, 1, 0.5690538632256367, 0.2986537486946087, 0.14068855947747416, 1, 0.5864783878925097]
[0.0074435891991054453, -0.0047915727484841332, 0.020379049442742714, 1.5123536109157585, 1.5290196677245524, 1.4168312289615337, 1.5251700697285258, 1.5098927193186074, 1.5831786171276829, 1, 0.5690538632256367, 0.2986537486946087, 0.14068855947747416, 1, 0.5864783878925097]
[0.0074435891991054453, -0.0047915727484841332, 0.020379049442742714, 1.5101545148981979, 1.5290196677245524, 1.4168312289615337, 1.5645816562736909, 1.5146382991166454, 1.5831786171276829, 1, 0.5690538632256367, 0.2986537486946087, 0.14068855947747416, 1, 0.5864783878925097]
[0.0074435891991054453, -0.0047915727484841332, 0.021984804859315824, 1.5125424452419258, 1.5339405471910825, 1.4168312289615337, 1.5555545772784267, 1.5146382991166454, 1.569530157862135, 1, 0.5690538632256367, 0.2986537486946087, 0.14068855947747416, 1, 1]
[0.0074435891991054453, -0.0031664597271099195, 0.020379049442742714, 1.5101545148981979, 1.5290196677245524, 1.4168312289615337, 1.5251700697285258, 1.5146382991166454, 1.5831786171276829, 1, 0.5690538632256367, 1, 0.14068855947747416, 1, 0.5864783878925097]
[0.0074435891991054453, -0.0051308771022776237, 0.020379049442742714, 1.5123536109157585, 1.5290196677245524, 1.4168312289615337, 1.55656916257917, 1.4961231859478563, 1.5831786171276829, 1, 0.5690538632256367, 0.2986537486946087, 0.14068855947747416, 1, 0.5864783878925097]
[0.0074435891991054453, -0.0031664597271099195, 0.022319094036465894, 1.5125424452419258, 1.5290196677245524, 1.4252362115649204, 1.5645816562736909, 1.5146382991166454, 1.5831786171276829, 1, 0.5690538632256367, 0.2986537486946087, 0.14068855947747416, 1, 0.5864783878925097]
[0.0074435891991054453, -0.0051308771022776237, 0.022319094036465894, 1.5125424452419258, 1.5290196677245524, 1.4252362115649204, 1.5555545772784267, 1.5054985329297217, 1.5831786171276829, 1, 0.5690538632256367, 0.2986537486946087, 0.14068855947747416, 1, 1]
[0.0069337946134694689, -0.0031664597271099195, 0.022319094036465894, 1.5125424452419258, 1.5290196677245524, 1.4172246630025334, 1.55656916257917, 1.5146382991166454, 1.5831786171276829, 1, 0.5690538632256367, 0.2986537486946087, 0.14068855947747416, 1, 0.5864783878925097]
[0.0069337946134694689, -0.0031664597271099195, 0.022319094036465894, 1.5125424452419258, 1.5290196677245524, 1.4252362115649204, 1.5645816562736909, 1.5146382991166454, 1.5831786171276829, 1, 0.5690538632256367, 0.2986537486946087, 0.14068855947747416, 1, 0.5864783878925097]
[0.0074435891991054453, -0.0031664597271099195, 0.022319094036465894, 1.5251471468158078, 1.5290196677245524, 1.4172246630025334, 1.55656916257917, 1.5146382991166454, 1.5831786171276829, 1, 0.5690538632256367, 1, 0.14068855947747416, 1, 0.5864783878925097]
[0.00692921606888648, -0.0051308771022776237, 0.022319094036465894, 1.5125424452419258, 1.5290196677245524, 1.4252362115649204, 1.5555545772784267, 1.4743856303021994, 1.5831786171276829, 1, 0.5690538632256367, 0.2986537486946087, 0.14068855947747416, 1, 0.5864783878925097]
[0.00692921606888648, -0.0051308771022776237, 0.022319094036465894, 1.5125424452419258, 1.5290196677245524, 1.4252362115649204, 1.5555545772784267, 1.5054985329297217, 1.5831786171276829, 1, 0.5690538632256367, 0.2986537486946087, 0.14068855947747416, 1, 0.5864783878925097]
[0.0085702465310113704, -0.0051308771022776237, 0.022319094036465894, 1.5125424452419258, 1.5290196677245524, 1.4252362115649204, 1.5555545772784267, 1.5054985329297217, 1.5831786171276829, 1, 0.5690538632256367, 1, 0.14068855947747416, 1, 0.5864783878925097]
[0.0085702465310113704, -0.0051308771022776237, 0.022319094036465894, 1.5196776932792979, 1.5290196677245524, 1.4172246630025334, 1.5450728317496127, 1.4792660958923316, 1.5831786171276829, 1, 0.5690538632256367, 0.2986537486946087, 0.14068855947747416, 1, 0.5864783878925097]
[0.0074435891991054453, -0.0031664597271099195, 0.022319094036465894, 1.5237671030314164, 1.5290196677245524, 1.4168312289615337, 1.5556061151093534, 1.5054985329297217, 1.569530157862135, 1, 0.5690538632256367, 0.2986537486946087, 0.14068855947747416, 1, 0.5864783878925097]
[0.0085702465310113704, -0.0051308771022776237, 0.022319094036465894, 1.5196776932792979, 1.5339405471910825, 1.4168312289615337, 1.5450728317496127, 1.4743856303021994, 1.5831786171276829, 1, 0.5690538632256367, 0.2986537486946087, 0.14068855947747416, 1, 0.5864783878925097]
[0.0076598072364162844, -0.0047915727484841332, 0.022427447190439181, 1.5237671030314164, 1.5339405471910825, 1.4168312289615337, 1.5555545772784267, 1.4792660958923316, 1.5831786171276829, 1, 0.5690538632256367, 0.2986537486946087, 0.14068855947747416, 1, 0.5864783878925097]
[0.0074435891991054453, -0.0047915727484841332, 0.022427447190439181, 1.5237671030314164, 1.5339405471910825, 1.4168312289615337, 1.5450728317496127, 1.4792660958923316, 1.569530157862135, 1, 0.5690538632256367, 0.2986537486946087, 0.14068855947747416, 1, 0.5864783878925097]
[0.0076598072364162844, -0.0047915727484841332, 0.022427447190439181, 1.5196776932792979, 1.5339405471910825, 1.4168312289615337, 1.5450728317496127, 1.4792660958923316, 1.5831786171276829, 1, 0.5690538632256367, 0.2986537486946087, 0.14068855947747416, 1, 0.5864783878925097]
[0.0085702465310113704, -0.0051308771022776237, 0.021454792630445838, 1.5196776932792979, 1.5339405471910825, 1.4168312289615337, 1.5556061151093534, 1.4792660958923316, 1.569530157862135, 1, 0.5690538632256367, 0.2986537486946087, 0.14068855947747416, 1, 0.5864783878925097]
[0.0085702465310113704, -0.0051308771022776237, 0.020379049442742714, 1.5196776932792979, 1.5339405471910825, 1.4168312289615337, 1.5450728317496127, 1.4792660958923316, 1.569530157862135, 1, 0.5690538632256367, 0.2986537486946087, 0.14068855947747416, 1, 0.5864783878925097]
[0.0076598072364162844, -0.0047915727484841332, 0.022427447190439181, 1.5237671030314164, 1.5339405471910825, 1.4168312289615337, 1.5450728317496127, 1.5098927193186074, 1.5831786171276829, 1, 0.5690538632256367, 0.2986537486946087, 0.14068855947747416, 1, 0.5864783878925097]
[0.0074435891991054453, -0.0031664597271099195, 0.020443156664348677, 1.5101545148981979, 1.5339405471910825, 1.4168312289615337, 1.5555545772784267, 1.4792660958923316, 1.5831786171276829, 1, 0.5690538632256367, 0.2986537486946087, 0.14068855947747416, 1, 0.5864783878925097]
[0.0076598072364162844, -0.0031664597271099195, 0.021984804859315824, 1.5123536109157585, 1.5461438070774871, 1.4168312289615337, 1.5450728317496127, 1.5098927193186074, 1.569530157862135, 1, 0.5690538632256367, 0.2986537486946087, 0.14068855947747416, 1, 0.5864783878925097]
[0.0074435891991054453, -0.0047915727484841332, 0.020443156664348677, 1.5237671030314164, 1.5339405471910825, 1.4168312289615337, 1.5555545772784267, 1.5033178144770378, 1.5831786171276829, 1, 0.5690538632256367, 0.2986537486946087, 0.14068855947747416, 1, 0.5864783878925097]
[0.0076598072364162844, -0.0047915727484841332, 0.020379049442742714, 1.5237671030314164, 1.5339405471910825, 1.4172246630025334, 1.529325730589653, 1.4792660958923316, 1.5831786171276829, 1, 0.5690538632256367, 0.2986537486946087, 0.14068855947747416, 1, 0.5864783878925097]
[0.0074435891991054453, -0.0047915727484841332, 0.020379049442742714, 1.5125424452419258, 1.5339405471910825, 1.4168312289615337, 1.5251700697285258, 1.5146382991166454, 1.5831786171276829, 1, 0.5690538632256367, 0.2986537486946087, 0.14068855947747416, 1, 0.5864783878925097]
[0.0074435891991054453, -0.0047915727484841332, 0.021984804859315824, 1.5125424452419258, 1.5339405471910825, 1.4168312289615337, 1.5555545772784267, 1.5098927193186074, 1.569530157862135, 1, 0.5690538632256367, 0.2986537486946087, 0.14068855947747416, 1, 0.5864783878925097]
[0.0074435891991054453, -0.0047915727484841332, 0.021984804859315824, 1.5125424452419258, 1.5263154627128841, 1.4168312289615337, 1.5555545772784267, 1.5098927193186074, 1.5831786171276829, 1, 0.5690538632256367, 0.2986537486946087, 0.14068855947747416, 1, 0.5864783878925097]
