Score=0.0920403770476
alpha=[0.007373333820645234, -0.0522442246023464, -0.0428212442707959]
beta=[1.5866891682175122, 1.5389339434498046, 1.450724445366594, 1.500578070132062, 1.4793570651405354, 1.4738016873654955]
gamma=[0.9066336487712015, 0.6779128078596645, 0.06366651421708969, 0.007735188716276209, 0.4252643648608442, 0.5857049604158713]

Score=0.0971684402048
alpha=[0.008550769025943261, -0.0522442246023464, -0.0428212442707959]
beta=[1.5866891682175122, 1.5389339434498046, 1.450724445366594, 1.500578070132062, 1.4793570651405354, 1.4738016873654955]
gamma=[0.9066336487712015, 0.6779128078596645, 0.06366651421708969, 0.007735188716276209, 0.4252643648608442, 0.6221638116479062]

Score=0.0963077971105
alpha=[0.008550769025943261, -0.0522442246023464, -0.0013638377402460926]
beta=[1.4464434105060584, 1.4773101483697246, 1.4483618903192637, 1.500578070132062, 1.4793570651405354, 1.4738016873654955]
gamma=[0.37824409798073266, 0.6779128078596645, 0.06366651421708969, 1, 0.7321534465854047, 0.5634727096714996]

Score=0.0833659795622
alpha=[0.012712227255808973, -0.052868876723918511, -0.054996951581213406]
beta=[1.587971446809624, 1.4599724176440987, 1.4102381212584707, 1.5997801366435658, 1.4260790737752662, 1.585115478730923]
gamma=[1, 0.6779128078596645, 0.3593931615612199, 0.6539414273425221, 0.1006945598272615, 1]

Score=0.0992002463459
alpha=[0.008550769025943261, -0.052868876723918511, -0.053359273266371188]
beta=[1.4464434105060584, 1.4599724176440987, 1.4311656321523725, 1.5896047474838348, 1.5828530844161772, 1.585115478730923]
gamma=[0.7502333550414525, 1, 0.4401301674801189, 0.6539414273425221, 0.1006945598272615, 0.7975162651930856]

Score=0.065707474386
alpha=[0.012712227255808973, -0.052868876723918511, -0.053359273266371188]
beta=[1.5866891682175122, 1.4789260065673149, 1.4311656321523725, 1.500578070132062, 1.4214550200410287, 1.4738016873654955]
gamma=[1, 1, 0.4401301674801189, 0.6539414273425221, 0.4252643648608442, 0.7975162651930856]

Score=0.060366767426
alpha=[0.012712227255808973, -0.052868876723918511, -0.054996951581213406]
beta=[1.587971446809624, 1.4506840818999742, 1.4140790120858668, 1.5997801366435658, 1.5828530844161772, 1.4738016873654955]
gamma=[0.7502333550414525, 0.9219806115226997, 0.4401301674801189, 1, 0.1006945598272615, 0.5634727096714996]

Score=0.0875962233462
alpha=[0.012712227255808973, -0.052868876723918511, -0.053359273266371188]
beta=[1.5866891682175122, 1.4599724176440987, 1.4311656321523725, 1.500578070132062, 1.4214550200410287, 1.4738016873654955]
gamma=[0.37824409798073266, 1, 0.4401301674801189, 0.5841894419798747, 0.4252643648608442, 1]

Score=0.0995547398155
alpha=[0.012712227255808973, -0.052868876723918511, -0.053359273266371188]
beta=[1.587971446809624, 1.4762014869947775, 1.4140790120858668, 1.5896047474838348, 1.5828530844161772, 1.513247725632745]
gamma=[1, 1, 0.4401301674801189, 1, 0.1006945598272615, 1]

Score=0.0579452198707
alpha=[0.012712227255808973, -0.051591131096399047, -0.053359273266371188]
beta=[1.5866891682175122, 1.4599724176440987, 1.4274243808327149, 1.500578070132062, 1.5828530844161772, 1.4738016873654955]
gamma=[1, 1, 0.06366651421708969, 0.5841894419798747, 0.4252643648608442, 1]

Score=0.087424801865
alpha=[0.012712227255808973, -0.052868876723918511, -0.053359273266371188]
beta=[1.5866891682175122, 1.4599724176440987, 1.4274243808327149, 1.500578070132062, 1.4214550200410287, 1.4738016873654955]
gamma=[1, 1, 0.06366651421708969, 0.5841894419798747, 0.4252643648608442, 1]

Score=0.0564788759327
alpha=[0.012712227255808973, -0.052868876723918511, -0.053359273266371188]
beta=[1.5866891682175122, 1.4599724176440987, 1.4311656321523725, 1.500578070132062, 1.5906850178486462, 1.4906723056787894]
gamma=[0.7502333550414525, 1, 0.06366651421708969, 0.5841894419798747, 0.4252643648608442, 0.7975162651930856]

Score=0.0902119082551
alpha=[0.012712227255808973, -0.052868876723918511, -0.053359273266371188]
beta=[1.587971446809624, 1.4762014869947775, 1.4140790120858668, 1.5896047474838348, 1.5828530844161772, 1.513247725632745]
gamma=[0.7502333550414525, 1, 0.4401301674801189, 1, 0.1006945598272615, 0.5634727096714996]

Score=0.0967911379937
alpha=[0.012712227255808973, -0.052868876723918511, -0.053359273266371188]
beta=[1.5866891682175122, 1.4599724176440987, 1.4298114377753057, 1.500578070132062, 1.5906850178486462, 1.4906723056787894]
gamma=[1, 1, 0.4401301674801189, 0.5841894419798747, 0.1006945598272615, 0.7975162651930856]

Score=0.0506173025112
alpha=[0.012712227255808973, -0.05274876680435276, -0.053359273266371188]
beta=[1.5866891682175122, 1.4789260065673149, 1.4140790120858668, 1.500578070132062, 1.5906850178486462, 1.4738016873654955]
gamma=[1, 1, 0.4401301674801189, 0.5841894419798747, 0.4252643648608442, 1]

Score=0.0950339647247
alpha=[0.012712227255808973, -0.052868876723918511, -0.053359273266371188]
beta=[1.4452810075296476, 1.4762014869947775, 1.4140790120858668, 1.500578070132062, 1.4214550200410287, 1.4738016873654955]
gamma=[1, 1, 0.4401301674801189, 1, 0.1006945598272615, 0.7975162651930856]

Score=0.0615655953818
alpha=[0.012712227255808973, -0.05274876680435276, -0.053359273266371188]
beta=[1.4452810075296476, 1.4789260065673149, 1.4406086415541237, 1.500578070132062, 1.5828530844161772, 1.4738016873654955]
gamma=[1, 1, 0.06366651421708969, 1, 0.1006945598272615, 1]

Score=0.0802482824439
alpha=[0.012712227255808973, -0.052868876723918511, -0.053359273266371188]
beta=[1.5866891682175122, 1.4599724176440987, 1.4274243808327149, 1.5896047474838348, 1.4214550200410287, 1.513247725632745]
gamma=[1, 1, 0.06366651421708969, 0.5841894419798747, 0.1006945598272615, 1]

Score=0.0820000879617
alpha=[0.012712227255808973, -0.052868876723918511, -0.053359273266371188]
beta=[1.4452810075296476, 1.4789260065673149, 1.4406086415541237, 1.500578070132062, 1.4214550200410287, 1.4738016873654955]
gamma=[1, 1, 0.06366651421708969, 1, 0.1006945598272615, 1]

Score=0.0977485042947
alpha=[0.012712227255808973, -0.052868876723918511, -0.053359273266371188]
beta=[1.5866891682175122, 1.4599724176440987, 1.4274243808327149, 1.500578070132062, 1.5828530844161772, 1.4906723056787894]
gamma=[1, 1, 0.06366651421708969, 1, 0.4252643648608442, 1]

Score=0.0860467874077
alpha=[0.012712227255808973, -0.05274876680435276, -0.053359273266371188]
beta=[1.4452810075296476, 1.4612684700043661, 1.4406086415541237, 1.500578070132062, 1.4214550200410287, 1.4738016873654955]
gamma=[1, 1, 0.4401301674801189, 1, 0.1006945598272615, 0.7975162651930856]

Score=0.0997873258898
alpha=[0.012712227255808973, -0.05274876680435276, -0.054124445796545941]
beta=[1.5866891682175122, 1.4789260065673149, 1.4406086415541237, 1.500578070132062, 1.5906850178486462, 1.4738016873654955]
gamma=[1, 1, 0.4401301674801189, 0.5841894419798747, 0.1006945598272615, 1]

Score=0.0808567822917
alpha=[0.012712227255808973, -0.052868876723918511, -0.054194054462025895]
beta=[1.587971446809624, 1.4599724176440987, 1.4274243808327149, 1.500578070132062, 1.5828530844161772, 1.4625478141926478]
gamma=[1, 1, 0.06366651421708969, 0.5841894419798747, 0.4252643648608442, 1]

Score=0.0867455888607
alpha=[0.012712227255808973, -0.052868876723918511, -0.054194054462025895]
beta=[1.5866891682175122, 1.4599724176440987, 1.4274243808327149, 1.500578070132062, 1.5828530844161772, 1.513247725632745]
gamma=[1, 1, 0.06366651421708969, 0.5841894419798747, 0.4252643648608442, 1]

Score=0.0830622460385
alpha=[0.012712227255808973, -0.052868876723918511, -0.054194054462025895]
beta=[1.587971446809624, 1.4789260065673149, 1.4274243808327149, 1.5140214407461874, 1.5828530844161772, 1.4625478141926478]
gamma=[1, 1, 0.06366651421708969, 0.5841894419798747, 0.4252643648608442, 1]

Score=0.0706858577311
alpha=[0.012712227255808973, -0.05274876680435276, -0.053359273266371188]
beta=[1.4452810075296476, 1.4789260065673149, 1.4, 1.500578070132062, 1.5993375533314265, 1.4738016873654955]
gamma=[1, 1, 0.4401301674801189, 0.5841894419798747, 0.4252643648608442, 1]

Score=0.0747410479002
alpha=[0.012712227255808973, -0.052868876723918511, -0.054194054462025895]
beta=[1.5803868445397899, 1.4612684700043661, 1.4457945809402184, 1.5027039635636867, 1.4214550200410287, 1.4738016873654955]
gamma=[1, 1, 0.4401301674801189, 1, 0.1006945598272615, 0.7975162651930856]

Score=0.0726282913595
alpha=[0.012712227255808973, -0.052868876723918511, -0.054194054462025895]
beta=[1.587971446809624, 1.4599724176440987, 1.4274243808327149, 1.500578070132062, 1.5828530844161772, 1.513247725632745]
gamma=[1, 1, 0.06366651421708969, 0.5841894419798747, 0.4252643648608442, 1]

Score=0.0953330863954
alpha=[0.013965594070788392, -0.05274876680435276, -0.053359273266371188]
beta=[1.587971446809624, 1.4789260065673149, 1.4274243808327149, 1.4962292667534123, 1.5906850178486462, 1.4738016873654955]
gamma=[1, 1, 0.4401301674801189, 0.5841894419798747, 0.4252643648608442, 1]

Score=0.0752782959057
alpha=[0.012712227255808973, -0.05274876680435276, -0.053359273266371188]
beta=[1.4452810075296476, 1.4789260065673149, 1.4406086415541237, 1.500578070132062, 1.5993375533314265, 1.4738016873654955]
gamma=[1, 1, 0.4401301674801189, 1, 0.4252643648608442, 1]

Score=0.0872552879426
alpha=[0.012712227255808973, -0.052868876723918511, -0.054194054462025895]
beta=[1.5866891682175122, 1.4599724176440987, 1.4274243808327149, 1.5896047474838348, 1.4214550200410287, 1.513247725632745]
gamma=[1, 1, 0.06366651421708969, 0.5841894419798747, 0.4252643648608442, 1]

Score=0.0834395308922
alpha=[0.012712227255808973, -0.052868876723918511, -0.054194054462025895]
beta=[1.4452810075296476, 1.4877870095284103, 1.4311656321523725, 1.5896047474838348, 1.4214550200410287, 1.513247725632745]
gamma=[1, 1, 0.06366651421708969, 0.5841894419798747, 0.4252643648608442, 1]

