Score=0.937861391513
alpha=[0.07219304228491538, -0.07197536679411985, -0.013444000667569955]
beta=[1.5619422517732224, 1.5287782127679348, 1.6, 1.4070114051553197, 1.5816729116891357, 1.4]
gamma=[0.8204346131400578, 1, 1, 1, 0.35573438030526583, 0.3557523518379714]
delta=[0.041429661807636436, 0.012233752111429554, 0.019254595151942513]

Score=0.864171373077
alpha=[0.07219304228491538, -0.07197536679411985, -0.013444000667569955]
beta=[1.5619422517732224, 1.5287782127679348, 1.6, 1.4070114051553197, 1.5816729116891357, 1.4]
gamma=[0.8204346131400578, 1, 1, 1, 0.35573438030526583, 0.3557523518379714]
delta=[0.0734712453344471, 0.05561166932932541, 0.04137370919729177]

Score=0.874713575225
alpha=[0.07219304228491538, -0.07197536679411985, -0.013444000667569955]
beta=[1.5619422517732224, 1.5287782127679348, 1.6, 1.4070114051553197, 1.5816729116891357, 1.4]
gamma=[0.8204346131400578, 1, 1, 1, 0.35573438030526583, 0.3557523518379714]
delta=[0.055623302049217484, 0.090549802800353338, 0.04137370919729177]

Score=0.94938198233
alpha=[0.07219304228491538, -0.07197536679411985, -0.013444000667569955]
beta=[1.5619422517732224, 1.5287782127679348, 1.6, 1.4070114051553197, 1.5816729116891357, 1.4]
gamma=[0.8204346131400578, 1, 1, 1, 0.35573438030526583, 0.3557523518379714]
delta=[0.0879404374897691, 0.030605046784265167, 0.007830345387496352]

Score=0.950637637962
alpha=[0.07219304228491538, -0.07197536679411985, -0.013444000667569955]
beta=[1.5619422517732224, 1.5287782127679348, 1.6, 1.4070114051553197, 1.5816729116891357, 1.4]
gamma=[0.8204346131400578, 1, 1, 1, 0.35573438030526583, 0.3557523518379714]
delta=[0.0879404374897691, 0.012233752111429554, 0.007830345387496352]

Score=0.916935836973
alpha=[0.07219304228491538, -0.07197536679411985, -0.013444000667569955]
beta=[1.5619422517732224, 1.5287782127679348, 1.6, 1.4070114051553197, 1.5816729116891357, 1.4]
gamma=[0.8204346131400578, 1, 1, 1, 0.35573438030526583, 0.3557523518379714]
delta=[0.024205497933399409, 0.09041740217827689, 0.027354447967050634]

Score=0.926963017764
alpha=[0.07219304228491538, -0.07197536679411985, -0.013444000667569955]
beta=[1.5619422517732224, 1.5287782127679348, 1.6, 1.4070114051553197, 1.5816729116891357, 1.4]
gamma=[0.8204346131400578, 1, 1, 1, 0.35573438030526583, 0.3557523518379714]
delta=[0.025407320566269098, 0.09041740217827689, 0.024099468650103806]

Score=0.91524070982
alpha=[0.07219304228491538, -0.07197536679411985, -0.013444000667569955]
beta=[1.5619422517732224, 1.5287782127679348, 1.6, 1.4070114051553197, 1.5816729116891357, 1.4]
gamma=[0.8204346131400578, 1, 1, 1, 0.35573438030526583, 0.3557523518379714]
delta=[0.0879404374897691, 0.030605046784265167, 0.027354447967050634]

Score=0.924550763671
alpha=[0.07219304228491538, -0.07197536679411985, -0.013444000667569955]
beta=[1.5619422517732224, 1.5287782127679348, 1.6, 1.4070114051553197, 1.5816729116891357, 1.4]
gamma=[0.8204346131400578, 1, 1, 1, 0.35573438030526583, 0.3557523518379714]
delta=[0.025407320566269098, 0.09041740217827689, 0.024099468650103806]

Score=0.924471718124
alpha=[0.07219304228491538, -0.07197536679411985, -0.013444000667569955]
beta=[1.5619422517732224, 1.5287782127679348, 1.6, 1.4070114051553197, 1.5816729116891357, 1.4]
gamma=[0.8204346131400578, 1, 1, 1, 0.35573438030526583, 0.3557523518379714]
delta=[0.025407320566269098, 0.09041740217827689, 0.024099468650103806]

Score=0.910733290093
alpha=[0.07219304228491538, -0.07197536679411985, -0.013444000667569955]
beta=[1.5619422517732224, 1.5287782127679348, 1.6, 1.4070114051553197, 1.5816729116891357, 1.4]
gamma=[0.8204346131400578, 1, 1, 1, 0.35573438030526583, 0.3557523518379714]
delta=[0.0879404374897691, 0.022081640413591133, 0.027354447967050634]

Score=0.916832336888
alpha=[0.07219304228491538, -0.07197536679411985, -0.013444000667569955]
beta=[1.5619422517732224, 1.5287782127679348, 1.6, 1.4070114051553197, 1.5816729116891357, 1.4]
gamma=[0.8204346131400578, 1, 1, 1, 0.35573438030526583, 0.3557523518379714]
delta=[0.025407320566269098, 0.030605046784265167, 0.027354447967050634]

Score=0.975452537065
alpha=[0.07219304228491538, -0.07197536679411985, -0.013444000667569955]
beta=[1.5619422517732224, 1.5287782127679348, 1.6, 1.4070114051553197, 1.5816729116891357, 1.4]
gamma=[0.8204346131400578, 1, 1, 1, 0.35573438030526583, 0.3557523518379714]
delta=[0.0879404374897691, 0.030605046784265167, 0.007830345387496352]

Score=0.924747161955
alpha=[0.07219304228491538, -0.07197536679411985, -0.013444000667569955]
beta=[1.5619422517732224, 1.5287782127679348, 1.6, 1.4070114051553197, 1.5816729116891357, 1.4]
gamma=[0.8204346131400578, 1, 1, 1, 0.35573438030526583, 0.3557523518379714]
delta=[0.089056974839286429, 0.030605046784265167, 0.007830345387496352]

Score=0.969663199418
alpha=[0.07219304228491538, -0.07197536679411985, -0.013444000667569955]
beta=[1.5619422517732224, 1.5287782127679348, 1.6, 1.4070114051553197, 1.5816729116891357, 1.4]
gamma=[0.8204346131400578, 1, 1, 1, 0.35573438030526583, 0.3557523518379714]
delta=[0.025407320566269098, 0.030605046784265167, 0.007830345387496352]

Score=0.917319946955
alpha=[0.07219304228491538, -0.07197536679411985, -0.013444000667569955]
beta=[1.5619422517732224, 1.5287782127679348, 1.6, 1.4070114051553197, 1.5816729116891357, 1.4]
gamma=[0.8204346131400578, 1, 1, 1, 0.35573438030526583, 0.3557523518379714]
delta=[0.025407320566269098, 0.030605046784265167, 0.027354447967050634]

Score=0.943368090704
alpha=[0.07219304228491538, -0.07197536679411985, -0.013444000667569955]
beta=[1.5619422517732224, 1.5287782127679348, 1.6, 1.4070114051553197, 1.5816729116891357, 1.4]
gamma=[0.8204346131400578, 1, 1, 1, 0.35573438030526583, 0.3557523518379714]
delta=[0.0879404374897691, 0.030605046784265167, 0.007830345387496352]

Score=0.949387500397
alpha=[0.07219304228491538, -0.07197536679411985, -0.013444000667569955]
beta=[1.5619422517732224, 1.5287782127679348, 1.6, 1.4070114051553197, 1.5816729116891357, 1.4]
gamma=[0.8204346131400578, 1, 1, 1, 0.35573438030526583, 0.3557523518379714]
delta=[0.0879404374897691, 0.030605046784265167, 0.007830345387496352]

Score=0.917303692439
alpha=[0.07219304228491538, -0.07197536679411985, -0.013444000667569955]
beta=[1.5619422517732224, 1.5287782127679348, 1.6, 1.4070114051553197, 1.5816729116891357, 1.4]
gamma=[0.8204346131400578, 1, 1, 1, 0.35573438030526583, 0.3557523518379714]
delta=[0.025407320566269098, 0.030605046784265167, 0.027354447967050634]

Score=0.971833206855
alpha=[0.07219304228491538, -0.07197536679411985, -0.013444000667569955]
beta=[1.5619422517732224, 1.5287782127679348, 1.6, 1.4070114051553197, 1.5816729116891357, 1.4]
gamma=[0.8204346131400578, 1, 1, 1, 0.35573438030526583, 0.3557523518379714]
delta=[0.016963760951154871, 0.030605046784265167, 0.007830345387496352]

Score=0.971295226546
alpha=[0.07219304228491538, -0.07197536679411985, -0.013444000667569955]
beta=[1.5619422517732224, 1.5287782127679348, 1.6, 1.4070114051553197, 1.5816729116891357, 1.4]
gamma=[0.8204346131400578, 1, 1, 1, 0.35573438030526583, 0.3557523518379714]
delta=[0.025407320566269098, 0.030605046784265167, 0.007830345387496352]

Score=0.972857729179
alpha=[0.07219304228491538, -0.07197536679411985, -0.013444000667569955]
beta=[1.5619422517732224, 1.5287782127679348, 1.6, 1.4070114051553197, 1.5816729116891357, 1.4]
gamma=[0.8204346131400578, 1, 1, 1, 0.35573438030526583, 0.3557523518379714]
delta=[0.025407320566269098, 0.030605046784265167, 0.007830345387496352]

Score=0.96350771583
alpha=[0.07219304228491538, -0.07197536679411985, -0.013444000667569955]
beta=[1.5619422517732224, 1.5287782127679348, 1.6, 1.4070114051553197, 1.5816729116891357, 1.4]
gamma=[0.8204346131400578, 1, 1, 1, 0.35573438030526583, 0.3557523518379714]
delta=[0.025407320566269098, 0.030605046784265167, 0.007830345387496352]

Score=0.97239572544
alpha=[0.07219304228491538, -0.07197536679411985, -0.013444000667569955]
beta=[1.5619422517732224, 1.5287782127679348, 1.6, 1.4070114051553197, 1.5816729116891357, 1.4]
gamma=[0.8204346131400578, 1, 1, 1, 0.35573438030526583, 0.3557523518379714]
delta=[0.016963760951154871, 0.030605046784265167, 0.007830345387496352]

Score=0.969212426339
alpha=[0.07219304228491538, -0.07197536679411985, -0.013444000667569955]
beta=[1.5619422517732224, 1.5287782127679348, 1.6, 1.4070114051553197, 1.5816729116891357, 1.4]
gamma=[0.8204346131400578, 1, 1, 1, 0.35573438030526583, 0.3557523518379714]
delta=[0.025407320566269098, 0.030605046784265167, 0.007830345387496352]

Score=0.965202422155
alpha=[0.07219304228491538, -0.07197536679411985, -0.013444000667569955]
beta=[1.5619422517732224, 1.5287782127679348, 1.6, 1.4070114051553197, 1.5816729116891357, 1.4]
gamma=[0.8204346131400578, 1, 1, 1, 0.35573438030526583, 0.3557523518379714]
delta=[0.025407320566269098, 0.029979280048698875, 0.0090211303588025853]

Score=0.975561651304
alpha=[0.07219304228491538, -0.07197536679411985, -0.013444000667569955]
beta=[1.5619422517732224, 1.5287782127679348, 1.6, 1.4070114051553197, 1.5816729116891357, 1.4]
gamma=[0.8204346131400578, 1, 1, 1, 0.35573438030526583, 0.3557523518379714]
delta=[0.025407320566269098, 0.030605046784265167, 0.007830345387496352]

Score=0.974658815874
alpha=[0.07219304228491538, -0.07197536679411985, -0.013444000667569955]
beta=[1.5619422517732224, 1.5287782127679348, 1.6, 1.4070114051553197, 1.5816729116891357, 1.4]
gamma=[0.8204346131400578, 1, 1, 1, 0.35573438030526583, 0.3557523518379714]
delta=[0.025407320566269098, 0.030605046784265167, 0.007830345387496352]

Score=0.969875415591
alpha=[0.07219304228491538, -0.07197536679411985, -0.013444000667569955]
beta=[1.5619422517732224, 1.5287782127679348, 1.6, 1.4070114051553197, 1.5816729116891357, 1.4]
gamma=[0.8204346131400578, 1, 1, 1, 0.35573438030526583, 0.3557523518379714]
delta=[0.025407320566269098, 0.030605046784265167, 0.007830345387496352]

Score=0.973891814309
alpha=[0.07219304228491538, -0.07197536679411985, -0.013444000667569955]
beta=[1.5619422517732224, 1.5287782127679348, 1.6, 1.4070114051553197, 1.5816729116891357, 1.4]
gamma=[0.8204346131400578, 1, 1, 1, 0.35573438030526583, 0.3557523518379714]
delta=[0.025407320566269098, 0.030605046784265167, 0.007830345387496352]

Score=0.969982074131
alpha=[0.07219304228491538, -0.07197536679411985, -0.013444000667569955]
beta=[1.5619422517732224, 1.5287782127679348, 1.6, 1.4070114051553197, 1.5816729116891357, 1.4]
gamma=[0.8204346131400578, 1, 1, 1, 0.35573438030526583, 0.3557523518379714]
delta=[0.025407320566269098, 0.030605046784265167, 0.007830345387496352]

Score=0.971707337028
alpha=[0.07219304228491538, -0.07197536679411985, -0.013444000667569955]
beta=[1.5619422517732224, 1.5287782127679348, 1.6, 1.4070114051553197, 1.5816729116891357, 1.4]
gamma=[0.8204346131400578, 1, 1, 1, 0.35573438030526583, 0.3557523518379714]
delta=[0.025407320566269098, 0.030605046784265167, 0.0074816321200233656]

Score=0.975037473929
alpha=[0.07219304228491538, -0.07197536679411985, -0.013444000667569955]
beta=[1.5619422517732224, 1.5287782127679348, 1.6, 1.4070114051553197, 1.5816729116891357, 1.4]
gamma=[0.8204346131400578, 1, 1, 1, 0.35573438030526583, 0.3557523518379714]
delta=[0.025407320566269098, 0.030605046784265167, 0.007830345387496352]

Score=0.962274463207
alpha=[0.07219304228491538, -0.07197536679411985, -0.013444000667569955]
beta=[1.5619422517732224, 1.5287782127679348, 1.6, 1.4070114051553197, 1.5816729116891357, 1.4]
gamma=[0.8204346131400578, 1, 1, 1, 0.35573438030526583, 0.3557523518379714]
delta=[0.025407320566269098, 0.030605046784265167, 0.007830345387496352]

Score=0.974840609201
alpha=[0.07219304228491538, -0.07197536679411985, -0.013444000667569955]
beta=[1.5619422517732224, 1.5287782127679348, 1.6, 1.4070114051553197, 1.5816729116891357, 1.4]
gamma=[0.8204346131400578, 1, 1, 1, 0.35573438030526583, 0.3557523518379714]
delta=[0.025407320566269098, 0.030605046784265167, 0.007830345387496352]

Score=0.975914260899
alpha=[0.07219304228491538, -0.07197536679411985, -0.013444000667569955]
beta=[1.5619422517732224, 1.5287782127679348, 1.6, 1.4070114051553197, 1.5816729116891357, 1.4]
gamma=[0.8204346131400578, 1, 1, 1, 0.35573438030526583, 0.3557523518379714]
delta=[0.024392043901673155, 0.029979280048698875, 0.007830345387496352]

Score=0.975275460617
alpha=[0.07219304228491538, -0.07197536679411985, -0.013444000667569955]
beta=[1.5619422517732224, 1.5287782127679348, 1.6, 1.4070114051553197, 1.5816729116891357, 1.4]
gamma=[0.8204346131400578, 1, 1, 1, 0.35573438030526583, 0.3557523518379714]
delta=[0.025407320566269098, 0.030605046784265167, 0.007830345387496352]

Score=0.966573349859
alpha=[0.07219304228491538, -0.07197536679411985, -0.013444000667569955]
beta=[1.5619422517732224, 1.5287782127679348, 1.6, 1.4070114051553197, 1.5816729116891357, 1.4]
gamma=[0.8204346131400578, 1, 1, 1, 0.35573438030526583, 0.3557523518379714]
delta=[0.025407320566269098, 0.029979280048698875, 0.007830345387496352]

Score=0.97287280105
alpha=[0.07219304228491538, -0.07197536679411985, -0.013444000667569955]
beta=[1.5619422517732224, 1.5287782127679348, 1.6, 1.4070114051553197, 1.5816729116891357, 1.4]
gamma=[0.8204346131400578, 1, 1, 1, 0.35573438030526583, 0.3557523518379714]
delta=[0.024392043901673155, 0.030605046784265167, 0.007830345387496352]

Score=0.970087307541
alpha=[0.07219304228491538, -0.07197536679411985, -0.013444000667569955]
beta=[1.5619422517732224, 1.5287782127679348, 1.6, 1.4070114051553197, 1.5816729116891357, 1.4]
gamma=[0.8204346131400578, 1, 1, 1, 0.35573438030526583, 0.3557523518379714]
delta=[0.025407320566269098, 0.030306720436890526, 0.007830345387496352]

Score=0.967960609881
alpha=[0.07219304228491538, -0.07197536679411985, -0.013444000667569955]
beta=[1.5619422517732224, 1.5287782127679348, 1.6, 1.4070114051553197, 1.5816729116891357, 1.4]
gamma=[0.8204346131400578, 1, 1, 1, 0.35573438030526583, 0.3557523518379714]
delta=[0.025407320566269098, 0.030605046784265167, 0.0080940214112485056]

Score=0.969448754572
alpha=[0.07219304228491538, -0.07197536679411985, -0.013444000667569955]
beta=[1.5619422517732224, 1.5287782127679348, 1.6, 1.4070114051553197, 1.5816729116891357, 1.4]
gamma=[0.8204346131400578, 1, 1, 1, 0.35573438030526583, 0.3557523518379714]
delta=[0.025407320566269098, 0.031374668521397239, 0.007830345387496352]

Score=0.974582773382
alpha=[0.07219304228491538, -0.07197536679411985, -0.013444000667569955]
beta=[1.5619422517732224, 1.5287782127679348, 1.6, 1.4070114051553197, 1.5816729116891357, 1.4]
gamma=[0.8204346131400578, 1, 1, 1, 0.35573438030526583, 0.3557523518379714]
delta=[0.025407320566269098, 0.030306720436890526, 0.007830345387496352]

Score=0.969756595669
alpha=[0.07219304228491538, -0.07197536679411985, -0.013444000667569955]
beta=[1.5619422517732224, 1.5287782127679348, 1.6, 1.4070114051553197, 1.5816729116891357, 1.4]
gamma=[0.8204346131400578, 1, 1, 1, 0.35573438030526583, 0.3557523518379714]
delta=[0.025407320566269098, 0.031374668521397239, 0.007830345387496352]

Score=0.967765133559
alpha=[0.07219304228491538, -0.07197536679411985, -0.013444000667569955]
beta=[1.5619422517732224, 1.5287782127679348, 1.6, 1.4070114051553197, 1.5816729116891357, 1.4]
gamma=[0.8204346131400578, 1, 1, 1, 0.35573438030526583, 0.3557523518379714]
delta=[0.025407320566269098, 0.030306720436890526, 0.0080940214112485056]

Score=0.974643606063
alpha=[0.07219304228491538, -0.07197536679411985, -0.013444000667569955]
beta=[1.5619422517732224, 1.5287782127679348, 1.6, 1.4070114051553197, 1.5816729116891357, 1.4]
gamma=[0.8204346131400578, 1, 1, 1, 0.35573438030526583, 0.3557523518379714]
delta=[0.025407320566269098, 0.030605046784265167, 0.007830345387496352]

Score=0.973385990111
alpha=[0.07219304228491538, -0.07197536679411985, -0.013444000667569955]
beta=[1.5619422517732224, 1.5287782127679348, 1.6, 1.4070114051553197, 1.5816729116891357, 1.4]
gamma=[0.8204346131400578, 1, 1, 1, 0.35573438030526583, 0.3557523518379714]
delta=[0.025407320566269098, 0.030306720436890526, 0.0080940214112485056]

Score=0.971709360729
alpha=[0.07219304228491538, -0.07197536679411985, -0.013444000667569955]
beta=[1.5619422517732224, 1.5287782127679348, 1.6, 1.4070114051553197, 1.5816729116891357, 1.4]
gamma=[0.8204346131400578, 1, 1, 1, 0.35573438030526583, 0.3557523518379714]
delta=[0.025407320566269098, 0.031374668521397239, 0.007830345387496352]

Score=0.974903974996
alpha=[0.07219304228491538, -0.07197536679411985, -0.013444000667569955]
beta=[1.5619422517732224, 1.5287782127679348, 1.6, 1.4070114051553197, 1.5816729116891357, 1.4]
gamma=[0.8204346131400578, 1, 1, 1, 0.35573438030526583, 0.3557523518379714]
delta=[0.025407320566269098, 0.030605046784265167, 0.007830345387496352]

Score=0.963606120365
alpha=[0.07219304228491538, -0.07197536679411985, -0.013444000667569955]
beta=[1.5619422517732224, 1.5287782127679348, 1.6, 1.4070114051553197, 1.5816729116891357, 1.4]
gamma=[0.8204346131400578, 1, 1, 1, 0.35573438030526583, 0.3557523518379714]
delta=[0.025407320566269098, 0.030306720436890526, 0.007830345387496352]

Score=0.973881222677
alpha=[0.07219304228491538, -0.07197536679411985, -0.013444000667569955]
beta=[1.5619422517732224, 1.5287782127679348, 1.6, 1.4070114051553197, 1.5816729116891357, 1.4]
gamma=[0.8204346131400578, 1, 1, 1, 0.35573438030526583, 0.3557523518379714]
delta=[0.027089844467165919, 0.030082994296257246, 0.007830345387496352]

Score=0.969325594975
alpha=[0.07219304228491538, -0.07197536679411985, -0.013444000667569955]
beta=[1.5619422517732224, 1.5287782127679348, 1.6, 1.4070114051553197, 1.5816729116891357, 1.4]
gamma=[0.8204346131400578, 1, 1, 1, 0.35573438030526583, 0.3557523518379714]
delta=[0.025407320566269098, 0.030082994296257246, 0.007830345387496352]

Score=0.970076355658
alpha=[0.07219304228491538, -0.07197536679411985, -0.013444000667569955]
beta=[1.5619422517732224, 1.5287782127679348, 1.6, 1.4070114051553197, 1.5816729116891357, 1.4]
gamma=[0.8204346131400578, 1, 1, 1, 0.35573438030526583, 0.3557523518379714]
delta=[0.025407320566269098, 0.030365846317897103, 0.0075976860991504771]

Score=0.969181677957
alpha=[0.07219304228491538, -0.07197536679411985, -0.013444000667569955]
beta=[1.5619422517732224, 1.5287782127679348, 1.6, 1.4070114051553197, 1.5816729116891357, 1.4]
gamma=[0.8204346131400578, 1, 1, 1, 0.35573438030526583, 0.3557523518379714]
delta=[0.025407320566269098, 0.030605046784265167, 0.007830345387496352]

Score=0.96987100752
alpha=[0.07219304228491538, -0.07197536679411985, -0.013444000667569955]
beta=[1.5619422517732224, 1.5287782127679348, 1.6, 1.4070114051553197, 1.5816729116891357, 1.4]
gamma=[0.8204346131400578, 1, 1, 1, 0.35573438030526583, 0.3557523518379714]
delta=[0.025407320566269098, 0.030605046784265167, 0.007830345387496352]

Score=0.971223006886
alpha=[0.07219304228491538, -0.07197536679411985, -0.013444000667569955]
beta=[1.5619422517732224, 1.5287782127679348, 1.6, 1.4070114051553197, 1.5816729116891357, 1.4]
gamma=[0.8204346131400578, 1, 1, 1, 0.35573438030526583, 0.3557523518379714]
delta=[0.027089844467165919, 0.030306720436890526, 0.0068253473562662308]

Score=0.971374516363
alpha=[0.07219304228491538, -0.07197536679411985, -0.013444000667569955]
beta=[1.5619422517732224, 1.5287782127679348, 1.6, 1.4070114051553197, 1.5816729116891357, 1.4]
gamma=[0.8204346131400578, 1, 1, 1, 0.35573438030526583, 0.3557523518379714]
delta=[0.027089844467165919, 0.030306720436890526, 0.0068253473562662308]

Score=0.970342285918
alpha=[0.07219304228491538, -0.07197536679411985, -0.013444000667569955]
beta=[1.5619422517732224, 1.5287782127679348, 1.6, 1.4070114051553197, 1.5816729116891357, 1.4]
gamma=[0.8204346131400578, 1, 1, 1, 0.35573438030526583, 0.3557523518379714]
delta=[0.025407320566269098, 0.030082994296257246, 0.0093292968410947311]

Score=0.975233672968
alpha=[0.07219304228491538, -0.07197536679411985, -0.013444000667569955]
beta=[1.5619422517732224, 1.5287782127679348, 1.6, 1.4070114051553197, 1.5816729116891357, 1.4]
gamma=[0.8204346131400578, 1, 1, 1, 0.35573438030526583, 0.3557523518379714]
delta=[0.025407320566269098, 0.030605046784265167, 0.007830345387496352]

Score=0.963891572818
alpha=[0.07219304228491538, -0.07197536679411985, -0.013444000667569955]
beta=[1.5619422517732224, 1.5287782127679348, 1.6, 1.4070114051553197, 1.5816729116891357, 1.4]
gamma=[0.8204346131400578, 1, 1, 1, 0.35573438030526583, 0.3557523518379714]
delta=[0.025407320566269098, 0.030605046784265167, 0.007830345387496352]

Score=0.969441079755
alpha=[0.07219304228491538, -0.07197536679411985, -0.013444000667569955]
beta=[1.5619422517732224, 1.5287782127679348, 1.6, 1.4070114051553197, 1.5816729116891357, 1.4]
gamma=[0.8204346131400578, 1, 1, 1, 0.35573438030526583, 0.3557523518379714]
delta=[0.027089844467165919, 0.030306720436890526, 0.0075976860991504771]

Score=0.958720006642
alpha=[0.07219304228491538, -0.07197536679411985, -0.013444000667569955]
beta=[1.5619422517732224, 1.5287782127679348, 1.6, 1.4070114051553197, 1.5816729116891357, 1.4]
gamma=[0.8204346131400578, 1, 1, 1, 0.35573438030526583, 0.3557523518379714]
delta=[0.023234318960979987, 0.030260920493560443, 0.0093292968410947311]

Score=0.966579753055
alpha=[0.07219304228491538, -0.07197536679411985, -0.013444000667569955]
beta=[1.5619422517732224, 1.5287782127679348, 1.6, 1.4070114051553197, 1.5816729116891357, 1.4]
gamma=[0.8204346131400578, 1, 1, 1, 0.35573438030526583, 0.3557523518379714]
delta=[0.025407320566269098, 0.031590232822300654, 0.0090125777200724382]

Score=0.978442198127
alpha=[0.07219304228491538, -0.07197536679411985, -0.013444000667569955]
beta=[1.5619422517732224, 1.5287782127679348, 1.6, 1.4070114051553197, 1.5816729116891357, 1.4]
gamma=[0.8204346131400578, 1, 1, 1, 0.35573438030526583, 0.3557523518379714]
delta=[0.023234318960979987, 0.030306720436890526, -0.0062802001619969789]

Score=0.97398600933
alpha=[0.07219304228491538, -0.07197536679411985, -0.013444000667569955]
beta=[1.5619422517732224, 1.5287782127679348, 1.6, 1.4070114051553197, 1.5816729116891357, 1.4]
gamma=[0.8204346131400578, 1, 1, 1, 0.35573438030526583, 0.3557523518379714]
delta=[0.023234318960979987, 0.030306720436890526, 0.007830345387496352]

Score=0.965576356153
alpha=[0.07219304228491538, -0.07197536679411985, -0.013444000667569955]
beta=[1.5619422517732224, 1.5287782127679348, 1.6, 1.4070114051553197, 1.5816729116891357, 1.4]
gamma=[0.8204346131400578, 1, 1, 1, 0.35573438030526583, 0.3557523518379714]
delta=[0.023234318960979987, 0.030306720436890526, 0.007830345387496352]

Score=0.972314387637
alpha=[0.07219304228491538, -0.07197536679411985, -0.013444000667569955]
beta=[1.5619422517732224, 1.5287782127679348, 1.6, 1.4070114051553197, 1.5816729116891357, 1.4]
gamma=[0.8204346131400578, 1, 1, 1, 0.35573438030526583, 0.3557523518379714]
delta=[0.025407320566269098, 0.031590232822300654, 0.007830345387496352]

Score=0.969262844466
alpha=[0.07219304228491538, -0.07197536679411985, -0.013444000667569955]
beta=[1.5619422517732224, 1.5287782127679348, 1.6, 1.4070114051553197, 1.5816729116891357, 1.4]
gamma=[0.8204346131400578, 1, 1, 1, 0.35573438030526583, 0.3557523518379714]
delta=[0.023234318960979987, 0.030605046784265167, 0.007830345387496352]

Score=0.970074029799
alpha=[0.07219304228491538, -0.07197536679411985, -0.013444000667569955]
beta=[1.5619422517732224, 1.5287782127679348, 1.6, 1.4070114051553197, 1.5816729116891357, 1.4]
gamma=[0.8204346131400578, 1, 1, 1, 0.35573438030526583, 0.3557523518379714]
delta=[0.023234318960979987, 0.030306720436890526, 0.007830345387496352]

Score=0.962436667823
alpha=[0.07219304228491538, -0.07197536679411985, -0.013444000667569955]
beta=[1.5619422517732224, 1.5287782127679348, 1.6, 1.4070114051553197, 1.5816729116891357, 1.4]
gamma=[0.8204346131400578, 1, 1, 1, 0.35573438030526583, 0.3557523518379714]
delta=[0.025407320566269098, 0.031590232822300654, 0.007830345387496352]

Score=0.973719924579
alpha=[0.07219304228491538, -0.07197536679411985, -0.013444000667569955]
beta=[1.5619422517732224, 1.5287782127679348, 1.6, 1.4070114051553197, 1.5816729116891357, 1.4]
gamma=[0.8204346131400578, 1, 1, 1, 0.35573438030526583, 0.3557523518379714]
delta=[0.022756080829423115, 0.030306720436890526, 0.007830345387496352]

Score=0.969338068517
alpha=[0.07219304228491538, -0.07197536679411985, -0.013444000667569955]
beta=[1.5619422517732224, 1.5287782127679348, 1.6, 1.4070114051553197, 1.5816729116891357, 1.4]
gamma=[0.8204346131400578, 1, 1, 1, 0.35573438030526583, 0.3557523518379714]
delta=[0.025407320566269098, 0.031590232822300654, 0.007830345387496352]

Score=0.97038676438
alpha=[0.07219304228491538, -0.07197536679411985, -0.013444000667569955]
beta=[1.5619422517732224, 1.5287782127679348, 1.6, 1.4070114051553197, 1.5816729116891357, 1.4]
gamma=[0.8204346131400578, 1, 1, 1, 0.35573438030526583, 0.3557523518379714]
delta=[0.023234318960979987, 0.030306720436890526, 0.0075976860991504771]

Score=0.963612506435
alpha=[0.07219304228491538, -0.07197536679411985, -0.013444000667569955]
beta=[1.5619422517732224, 1.5287782127679348, 1.6, 1.4070114051553197, 1.5816729116891357, 1.4]
gamma=[0.8204346131400578, 1, 1, 1, 0.35573438030526583, 0.3557523518379714]
delta=[0.024531198059230919, 0.031590232822300654, 0.007830345387496352]

Score=0.972200318357
alpha=[0.07219304228491538, -0.07197536679411985, -0.013444000667569955]
beta=[1.5619422517732224, 1.5287782127679348, 1.6, 1.4070114051553197, 1.5816729116891357, 1.4]
gamma=[0.8204346131400578, 1, 1, 1, 0.35573438030526583, 0.3557523518379714]
delta=[0.025407320566269098, 0.031590232822300654, 0.0063243647788832277]

Score=0.970976840324
alpha=[0.07219304228491538, -0.07197536679411985, -0.013444000667569955]
beta=[1.5619422517732224, 1.5287782127679348, 1.6, 1.4070114051553197, 1.5816729116891357, 1.4]
gamma=[0.8204346131400578, 1, 1, 1, 0.35573438030526583, 0.3557523518379714]
delta=[0.021125468237068734, 0.030306720436890526, 0.0075976860991504771]

