Score=0.153812621535
[0.011478381523716948, -0.07918355398672125, -0.0084657130903321026, 1.4110268738156138, 1.4638680235983881, 1.5713580840250012, 1.5320415377603427, 1.5002764915510454, 1.5463485238380776, 0.08529023651161738, 0.022084378218519496, 1, 0.1137589760540908, 1, 0.40400332006259376]

Score=0.22125233892
[0.010682252345717444, -0.07918355398672125, -0.0084657130903321026, 1.4035578997038767, 1.4659695540429596, 1.5932177195986985, 1.5320415377603427, 1.5037288765667378, 1.5463485238380776, 0.08529023651161738, 0.022084378218519496, 1, 0.1137589760540908, 1, 0.40400332006259376]

Score=0.200791635975
[0.010682252345717444, -0.07918355398672125, -0.0084657130903321026, 1.4035578997038767, 1.4659695540429596, 1.5932177195986985, 1.5320415377603427, 1.5037288765667378, 1.5463485238380776, 0.08529023651161738, 0.022084378218519496, 1, 0.1137589760540908, 1, 0.40400332006259376]

Score=0.150971085751
[0.010682252345717444, -0.078791891950031431, -0.0076855681459043696, 1.4110268738156138, 1.4638680235983881, 1.5713580840250012, 1.5320415377603427, 1.5037288765667378, 1.5463485238380776, 0.08529023651161738, 0.022084378218519496, 1, 0.1137589760540908, 1, 0.40400332006259376]

Score=0.149743349312
[0.010682252345717444, -0.07918355398672125, -0.0084657130903321026, 1.4035578997038767, 1.4707240097392946, 1.5932177195986985, 1.5320415377603427, 1.5061297565387444, 1.5463485238380776, 0.08529023651161738, 0.022084378218519496, 1, 0.1137589760540908, 1, 0.40400332006259376]

Score=0.106153635213
[0.010682252345717444, -0.078791891950031431, -0.0076855681459043696, 1.4035578997038767, 1.4659695540429596, 1.5932177195986985, 1.5320415377603427, 1.5037288765667378, 1.5463485238380776, 0.08529023651161738, 0.022084378218519496, 1, 1, 1, 0.40400332006259376]

Score=0.0642582171639
[0.010682252345717444, -0.078702507602378777, -0.0084657130903321026, 1.4035578997038767, 1.4638680235983881, 1.5932177195986985, 1.5320415377603427, 1.4926935572996303, 1.5463485238380776, 0.08529023651161738, 0.022084378218519496, 1, 1, 1, 0.40400332006259376]

Score=0.252719398671
[0.010682252345717444, -0.078791891950031431, -0.0084657130903321026, 1.4311567386897406, 1.4638680235983881, 1.5932177195986985, 1.5320415377603427, 1.5037288765667378, 1.5463485238380776, 0.08529023651161738, 0.022084378218519496, 1, 1, 1, 0.40400332006259376]

Score=0.203087139129
[0.010682252345717444, -0.07918355398672125, -0.0080077133634927199, 1.4035578997038767, 1.4638680235983881, 1.5932177195986985, 1.5320415377603427, 1.4926935572996303, 1.5463485238380776, 0.08529023651161738, 0.022084378218519496, 1, 1, 1, 0.40400332006259376]

Score=0.14359776518
[0.010682252345717444, -0.07918355398672125, -0.0084657130903321026, 1.4035578997038767, 1.4638680235983881, 1.5932177195986985, 1.5320415377603427, 1.4926935572996303, 1.5463485238380776, 0.08529023651161738, 0.022084378218519496, 1, 0.1137589760540908, 1, 1]

Score=0.128836905537
[0.010682252345717444, -0.078702507602378777, -0.0084657130903321026, 1.4035578997038767, 1.4638680235983881, 1.5932177195986985, 1.5507500669906917, 1.4926935572996303, 1.5396737542574404, 0.08529023651161738, 0.022084378218519496, 1, 0.1137589760540908, 1, 0.40400332006259376]

Score=0.106457415481
[0.011539518161029657, -0.078702507602378777, -0.0084657130903321026, 1.4035578997038767, 1.4638680235983881, 1.5932177195986985, 1.5320415377603427, 1.4926935572996303, 1.5463485238380776, 0.08529023651161738, 0.022084378218519496, 1, 0.1137589760540908, 1, 0.40400332006259376]

Score=0.152817781689
[0.011478381523716948, -0.080125160950820978, -0.0076855681459043696, 1.4035578997038767, 1.4638680235983881, 1.5932177195986985, 1.5320415377603427, 1.4926935572996303, 1.5463485238380776, 0.08529023651161738, 0.022084378218519496, 1, 0.1137589760540908, 1, 0.40400332006259376]

Score=0.138278604078
[0.011478381523716948, -0.080125160950820978, -0.0076855681459043696, 1.4035578997038767, 1.474434211880953, 1.5932177195986985, 1.5320415377603427, 1.4926935572996303, 1.5463485238380776, 0.08529023651161738, 0.022084378218519496, 1, 0.1137589760540908, 1, 0.40400332006259376]

Score=0.267379379428
[0.011539518161029657, -0.078702507602378777, -0.0084657130903321026, 1.4035578997038767, 1.4638680235983881, 1.5932177195986985, 1.5320415377603427, 1.4926935572996303, 1.5463485238380776, 0.08529023651161738, 0.022084378218519496, 1, 0.1137589760540908, 1, 0.40400332006259376]

Score=0.19693623403
[0.011478381523716948, -0.078791891950031431, -0.0084657130903321026, 1.4035578997038767, 1.4638680235983881, 1.5932177195986985, 1.5507500669906917, 1.4879899699729549, 1.5463485238380776, 0.08529023651161738, 0.022084378218519496, 1, 1, 1, 0.40400332006259376]

Score=0.150534718406
[0.011478381523716948, -0.078791891950031431, -0.0076855681459043696, 1.4035578997038767, 1.4671224443962252, 1.5932177195986985, 1.5320415377603427, 1.4926935572996303, 1.5396737542574404, 0.08529023651161738, 0.022084378218519496, 1, 1, 1, 0.40400332006259376]

Score=0.171177441647
[0.011478381523716948, -0.078791891950031431, -0.0076855681459043696, 1.4035578997038767, 1.4671224443962252, 1.5769426051557929, 1.5320415377603427, 1.4879899699729549, 1.565653247225292, 0.08529023651161738, 0.022084378218519496, 1, 0.1137589760540908, 1, 0.40400332006259376]

Score=0.092552346888
[0.011478381523716948, -0.078791891950031431, -0.0084657130903321026, 1.4035578997038767, 1.4638680235983881, 1.5932177195986985, 1.5320415377603427, 1.4926935572996303, 1.5363982301751116, 0.08529023651161738, 0.022084378218519496, 1, 1, 1, 0.40400332006259376]

Score=0.457378362288
[0.011478381523716948, -0.078791891950031431, -0.0084657130903321026, 1.4035578997038767, 1.4638680235983881, 1.5932177195986985, 1.5507500669906917, 1.4879899699729549, 1.5463485238380776, 1, 0.022084378218519496, 1, 0.1137589760540908, 1, 0.40400332006259376]

Score=0.22091945342
[0.011478381523716948, -0.07918355398672125, -0.0076855681459043696, 1.4035578997038767, 1.474434211880953, 1.5641645082262166, 1.5320415377603427, 1.4879899699729549, 1.5463485238380776, 0.08529023651161738, 0.022084378218519496, 1, 0.1137589760540908, 1, 1]

Score=0.321194259845
[0.011478381523716948, -0.078791891950031431, -0.0076855681459043696, 1.4035578997038767, 1.4659695540429596, 1.6, 1.5320415377603427, 1.4879899699729549, 1.5463485238380776, 0.08529023651161738, 0.022084378218519496, 1, 1, 1, 0.40400332006259376]

Score=0.146175812192
[0.011478381523716948, -0.078791891950031431, -0.0076855681459043696, 1.4035578997038767, 1.4671224443962252, 1.5769426051557929, 1.5320415377603427, 1.4879899699729549, 1.565653247225292, 0.08529023651161738, 0.022084378218519496, 1, 0.1137589760540908, 1, 0.40400332006259376]

Score=0.123715316966
[0.011478381523716948, -0.07918355398672125, -0.0076855681459043696, 1.4035578997038767, 1.4659695540429596, 1.6, 1.5320415377603427, 1.4879899699729549, 1.5463485238380776, 0.08529023651161738, 0.022084378218519496, 1, 0.1137589760540908, 1, 0.40400332006259376]

Score=0.102662737155
[0.011478381523716948, -0.078791891950031431, -0.0076855681459043696, 1.4175072324396036, 1.4671224443962252, 1.5769426051557929, 1.5320415377603427, 1.4879899699729549, 1.5463485238380776, 0.08529023651161738, 0.022084378218519496, 1, 1, 1, 0.40400332006259376]

Score=0.128926575619
[0.010682252345717444, -0.078791891950031431, -0.0076855681459043696, 1.4267618568023994, 1.4638680235983881, 1.6, 1.5320415377603427, 1.5037288765667378, 1.5463485238380776, 0.08529023651161738, 0.022084378218519496, 1, 0.1137589760540908, 1, 0.40400332006259376]

Score=0.145481120002
[0.011478381523716948, -0.07918355398672125, -0.0076855681459043696, 1.4035578997038767, 1.4659695540429596, 1.6, 1.5320415377603427, 1.5061297565387444, 1.5463485238380776, 0.08529023651161738, 0.022084378218519496, 1, 0.1137589760540908, 1, 0.40400332006259376]

Score=0.329386993109
[0.010682252345717444, -0.078791891950031431, -0.0076855681459043696, 1.4267618568023994, 1.4638680235983881, 1.5713580840250012, 1.5320415377603427, 1.4926935572996303, 1.5463485238380776, 0.08529023651161738, 0.022084378218519496, 1, 0.1137589760540908, 1, 0.40400332006259376]

Score=0.163080683839
[0.011478381523716948, -0.07918355398672125, -0.0076855681459043696, 1.4035578997038767, 1.4659695540429596, 1.5713580840250012, 1.5320415377603427, 1.5002764915510454, 1.5463485238380776, 0.08529023651161738, 0.022084378218519496, 1, 0.1137589760540908, 1, 0.40400332006259376]

Score=0.0296443654172
[0.011478381523716948, -0.07918355398672125, -0.0076855681459043696, 1.4110268738156138, 1.4638680235983881, 1.5713580840250012, 1.5320415377603427, 1.5002764915510454, 1.5463485238380776, 0.08529023651161738, 0.022084378218519496, 1, 0.1137589760540908, 1, 0.40400332006259376]




Final Population
[0.011478381523716948, -0.07918355398672125, -0.0084657130903321026, 1.4110268738156138, 1.4638680235983881, 1.5713580840250012, 1.5320415377603427, 1.5002764915510454, 1.5463485238380776, 0.08529023651161738, 0.022084378218519496, 1, 0.1137589760540908, 1, 0.40400332006259376]
[0.010682252345717444, -0.07918355398672125, -0.0084657130903321026, 1.4035578997038767, 1.4659695540429596, 1.5932177195986985, 1.5320415377603427, 1.5037288765667378, 1.5463485238380776, 0.08529023651161738, 0.022084378218519496, 1, 0.1137589760540908, 1, 0.40400332006259376]
[0.010682252345717444, -0.07918355398672125, -0.0084657130903321026, 1.4035578997038767, 1.4659695540429596, 1.5932177195986985, 1.5320415377603427, 1.5037288765667378, 1.5463485238380776, 0.08529023651161738, 0.022084378218519496, 1, 0.1137589760540908, 1, 0.40400332006259376]
[0.010682252345717444, -0.078791891950031431, -0.0076855681459043696, 1.4110268738156138, 1.4638680235983881, 1.5713580840250012, 1.5320415377603427, 1.5037288765667378, 1.5463485238380776, 0.08529023651161738, 0.022084378218519496, 1, 0.1137589760540908, 1, 0.40400332006259376]
[0.010682252345717444, -0.07918355398672125, -0.0084657130903321026, 1.4035578997038767, 1.4707240097392946, 1.5932177195986985, 1.5320415377603427, 1.5061297565387444, 1.5463485238380776, 0.08529023651161738, 0.022084378218519496, 1, 0.1137589760540908, 1, 0.40400332006259376]
[0.010682252345717444, -0.078791891950031431, -0.0076855681459043696, 1.4035578997038767, 1.4659695540429596, 1.5932177195986985, 1.5320415377603427, 1.5037288765667378, 1.5463485238380776, 0.08529023651161738, 0.022084378218519496, 1, 1, 1, 0.40400332006259376]
[0.010682252345717444, -0.078702507602378777, -0.0084657130903321026, 1.4035578997038767, 1.4638680235983881, 1.5932177195986985, 1.5320415377603427, 1.4926935572996303, 1.5463485238380776, 0.08529023651161738, 0.022084378218519496, 1, 1, 1, 0.40400332006259376]
[0.010682252345717444, -0.078791891950031431, -0.0084657130903321026, 1.4311567386897406, 1.4638680235983881, 1.5932177195986985, 1.5320415377603427, 1.5037288765667378, 1.5463485238380776, 0.08529023651161738, 0.022084378218519496, 1, 1, 1, 0.40400332006259376]
[0.010682252345717444, -0.07918355398672125, -0.0080077133634927199, 1.4035578997038767, 1.4638680235983881, 1.5932177195986985, 1.5320415377603427, 1.4926935572996303, 1.5463485238380776, 0.08529023651161738, 0.022084378218519496, 1, 1, 1, 0.40400332006259376]
[0.010682252345717444, -0.07918355398672125, -0.0084657130903321026, 1.4035578997038767, 1.4638680235983881, 1.5932177195986985, 1.5320415377603427, 1.4926935572996303, 1.5463485238380776, 0.08529023651161738, 0.022084378218519496, 1, 0.1137589760540908, 1, 1]
[0.010682252345717444, -0.078702507602378777, -0.0084657130903321026, 1.4035578997038767, 1.4638680235983881, 1.5932177195986985, 1.5507500669906917, 1.4926935572996303, 1.5396737542574404, 0.08529023651161738, 0.022084378218519496, 1, 0.1137589760540908, 1, 0.40400332006259376]
[0.011539518161029657, -0.078702507602378777, -0.0084657130903321026, 1.4035578997038767, 1.4638680235983881, 1.5932177195986985, 1.5320415377603427, 1.4926935572996303, 1.5463485238380776, 0.08529023651161738, 0.022084378218519496, 1, 0.1137589760540908, 1, 0.40400332006259376]
[0.011478381523716948, -0.080125160950820978, -0.0076855681459043696, 1.4035578997038767, 1.4638680235983881, 1.5932177195986985, 1.5320415377603427, 1.4926935572996303, 1.5463485238380776, 0.08529023651161738, 0.022084378218519496, 1, 0.1137589760540908, 1, 0.40400332006259376]
[0.011478381523716948, -0.080125160950820978, -0.0076855681459043696, 1.4035578997038767, 1.474434211880953, 1.5932177195986985, 1.5320415377603427, 1.4926935572996303, 1.5463485238380776, 0.08529023651161738, 0.022084378218519496, 1, 0.1137589760540908, 1, 0.40400332006259376]
[0.011539518161029657, -0.078702507602378777, -0.0084657130903321026, 1.4035578997038767, 1.4638680235983881, 1.5932177195986985, 1.5320415377603427, 1.4926935572996303, 1.5463485238380776, 0.08529023651161738, 0.022084378218519496, 1, 0.1137589760540908, 1, 0.40400332006259376]
[0.011478381523716948, -0.078791891950031431, -0.0084657130903321026, 1.4035578997038767, 1.4638680235983881, 1.5932177195986985, 1.5507500669906917, 1.4879899699729549, 1.5463485238380776, 0.08529023651161738, 0.022084378218519496, 1, 1, 1, 0.40400332006259376]
[0.011478381523716948, -0.078791891950031431, -0.0076855681459043696, 1.4035578997038767, 1.4671224443962252, 1.5932177195986985, 1.5320415377603427, 1.4926935572996303, 1.5396737542574404, 0.08529023651161738, 0.022084378218519496, 1, 1, 1, 0.40400332006259376]
[0.011478381523716948, -0.078791891950031431, -0.0076855681459043696, 1.4035578997038767, 1.4671224443962252, 1.5769426051557929, 1.5320415377603427, 1.4879899699729549, 1.565653247225292, 0.08529023651161738, 0.022084378218519496, 1, 0.1137589760540908, 1, 0.40400332006259376]
[0.011478381523716948, -0.078791891950031431, -0.0084657130903321026, 1.4035578997038767, 1.4638680235983881, 1.5932177195986985, 1.5320415377603427, 1.4926935572996303, 1.5363982301751116, 0.08529023651161738, 0.022084378218519496, 1, 1, 1, 0.40400332006259376]
[0.011478381523716948, -0.078791891950031431, -0.0084657130903321026, 1.4035578997038767, 1.4638680235983881, 1.5932177195986985, 1.5507500669906917, 1.4879899699729549, 1.5463485238380776, 1, 0.022084378218519496, 1, 0.1137589760540908, 1, 0.40400332006259376]
[0.011478381523716948, -0.07918355398672125, -0.0076855681459043696, 1.4035578997038767, 1.474434211880953, 1.5641645082262166, 1.5320415377603427, 1.4879899699729549, 1.5463485238380776, 0.08529023651161738, 0.022084378218519496, 1, 0.1137589760540908, 1, 1]
[0.011478381523716948, -0.078791891950031431, -0.0076855681459043696, 1.4035578997038767, 1.4659695540429596, 1.6, 1.5320415377603427, 1.4879899699729549, 1.5463485238380776, 0.08529023651161738, 0.022084378218519496, 1, 1, 1, 0.40400332006259376]
[0.011478381523716948, -0.078791891950031431, -0.0076855681459043696, 1.4035578997038767, 1.4671224443962252, 1.5769426051557929, 1.5320415377603427, 1.4879899699729549, 1.565653247225292, 0.08529023651161738, 0.022084378218519496, 1, 0.1137589760540908, 1, 0.40400332006259376]
[0.011478381523716948, -0.07918355398672125, -0.0076855681459043696, 1.4035578997038767, 1.4659695540429596, 1.6, 1.5320415377603427, 1.4879899699729549, 1.5463485238380776, 0.08529023651161738, 0.022084378218519496, 1, 0.1137589760540908, 1, 0.40400332006259376]
[0.011478381523716948, -0.078791891950031431, -0.0076855681459043696, 1.4175072324396036, 1.4671224443962252, 1.5769426051557929, 1.5320415377603427, 1.4879899699729549, 1.5463485238380776, 0.08529023651161738, 0.022084378218519496, 1, 1, 1, 0.40400332006259376]
[0.010682252345717444, -0.078791891950031431, -0.0076855681459043696, 1.4267618568023994, 1.4638680235983881, 1.6, 1.5320415377603427, 1.5037288765667378, 1.5463485238380776, 0.08529023651161738, 0.022084378218519496, 1, 0.1137589760540908, 1, 0.40400332006259376]
[0.011478381523716948, -0.07918355398672125, -0.0076855681459043696, 1.4035578997038767, 1.4659695540429596, 1.6, 1.5320415377603427, 1.5061297565387444, 1.5463485238380776, 0.08529023651161738, 0.022084378218519496, 1, 0.1137589760540908, 1, 0.40400332006259376]
[0.010682252345717444, -0.078791891950031431, -0.0076855681459043696, 1.4267618568023994, 1.4638680235983881, 1.5713580840250012, 1.5320415377603427, 1.4926935572996303, 1.5463485238380776, 0.08529023651161738, 0.022084378218519496, 1, 0.1137589760540908, 1, 0.40400332006259376]
[0.011478381523716948, -0.07918355398672125, -0.0076855681459043696, 1.4035578997038767, 1.4659695540429596, 1.5713580840250012, 1.5320415377603427, 1.5002764915510454, 1.5463485238380776, 0.08529023651161738, 0.022084378218519496, 1, 0.1137589760540908, 1, 0.40400332006259376]
[0.011478381523716948, -0.07918355398672125, -0.0076855681459043696, 1.4110268738156138, 1.4638680235983881, 1.5713580840250012, 1.5320415377603427, 1.5002764915510454, 1.5463485238380776, 0.08529023651161738, 0.022084378218519496, 1, 0.1137589760540908, 1, 0.40400332006259376]
