Score=0.0936874214439
alpha=[0.005311682344279967, -0.00832109286031782, -0.01552652809948797]
beta=[1.4414245753068413, 1.5736637260425541, 1.4984203278382, 1.5512355507610704, 1.585576903201118, 1.471938980659358]
gamma=[0.5076422810467308, 0.0837314628611655, 0.56925195263008, 0.2730457700921336, 0.410004407188185, 0.5335092232804385]

Score=0.0239255630881
alpha=[0.005311682344279967, -0.04969753262004294, -0.002199625033561995]
beta=[1.6, 1.4087717284830328, 1.49511334877769, 1.5282660991964792, 1.548722006120846, 1.5228865329947165]
gamma=[0.5950940791623832, 0.0837314628611655, 0.56925195263008, 1, 0.9969054103152553, 0.29428389345485984]

Score=0.0996075992821
alpha=[0.005311682344279967, -0.0047648549416721975, -0.001389782710504306]
beta=[1.5892105112042132, 1.4205762244913236, 1.5384601070681627, 1.5715466817266535, 1.548722006120846, 1.471938980659358]
gamma=[0.5950940791623832, 0.8678868267770317, 0.19799157339081797, 0.2969406240130472, 0.410004407188185, 1]

Score=0.0615809570901
alpha=[0.005311682344279967, -0.0047648549416721975, -0.001389782710504306]
beta=[1.5892105112042132, 1.4205762244913236, 1.49511334877769, 1.513764171145108, 1.548722006120846, 1.471938980659358]
gamma=[0.5950940791623832, 0.8678868267770317, 0.19799157339081797, 0.2969406240130472, 0.056208881349269824, 1]

Score=0.0708646100263
alpha=[0.005311682344279967, -0.0047648549416721975, -0.001389782710504306]
beta=[1.5892105112042132, 1.4205762244913236, 1.49511334877769, 1.513764171145108, 1.548722006120846, 1.471938980659358]
gamma=[0.5950940791623832, 1, 0.19799157339081797, 0.2969406240130472, 0.056208881349269824, 1]

Score=0.0805623592026
alpha=[0.005311682344279967, -0.0047648549416721975, -0.001389782710504306]
beta=[1.5848989029355147, 1.4087717284830328, 1.558883000480667, 1.5282660991964792, 1.548722006120846, 1.5228865329947165]
gamma=[1, 0.0837314628611655, 0.19799157339081797, 0.2969406240130472, 0.9969054103152553, 1]

Score=0.0880278629114
alpha=[0.005311682344279967, -0.0047648549416721975, -0.001389782710504306]
beta=[1.4905567067126968, 1.4087717284830328, 1.49511334877769, 1.513764171145108, 1.548722006120846, 1.5228865329947165]
gamma=[0.5950940791623832, 1, 0.19799157339081797, 0.2969406240130472, 0.410004407188185, 1]

Score=0.0804683426258
alpha=[0.005311682344279967, -0.0047648549416721975, -0.001389782710504306]
beta=[1.5892105112042132, 1.4205762244913236, 1.49511334877769, 1.5282660991964792, 1.548722006120846, 1.5228865329947165]
gamma=[0.5950940791623832, 1, 0.19799157339081797, 0.2969406240130472, 0.056208881349269824, 1]

Score=0.0960520688164
alpha=[0.0072700689386631396, -0.0047648549416721975, -0.001389782710504306]
beta=[1.5892105112042132, 1.4205762244913236, 1.5384601070681627, 1.5282660991964792, 1.548722006120846, 1.5228865329947165]
gamma=[1, 0.0837314628611655, 1, 0.2969406240130472, 0.410004407188185, 1]

Score=0.0900888773284
alpha=[0.005311682344279967, -0.0047648549416721975, -0.001389782710504306]
beta=[1.5892105112042132, 1.4205762244913236, 1.49511334877769, 1.513764171145108, 1.585576903201118, 1.5228865329947165]
gamma=[0.5950940791623832, 0.8678868267770317, 0.19799157339081797, 0.2730457700921336, 0.410004407188185, 1]

Score=0.0834521751437
alpha=[0.0072700689386631396, -0.0047648549416721975, -0.001389782710504306]
beta=[1.5892105112042132, 1.4209805523083883, 1.49511334877769, 1.5282660991964792, 1.548722006120846, 1.5211984671302929]
gamma=[0.5950940791623832, 0.0837314628611655, 0.19799157339081797, 0.2969406240130472, 0.410004407188185, 1]

Score=0.0687703954918
alpha=[0.0072700689386631396, -0.0047648549416721975, -0.001389782710504306]
beta=[1.5892105112042132, 1.4209805523083883, 1.49511334877769, 1.5282660991964792, 1.585576903201118, 1.5211984671302929]
gamma=[1, 1, 0.19799157339081797, 0.2730457700921336, 0.410004407188185, 1]

Score=0.0985232473893
alpha=[0.005311682344279967, -0.0047648549416721975, -0.001389782710504306]
beta=[1.5892105112042132, 1.4205762244913236, 1.49511334877769, 1.5282660991964792, 1.548722006120846, 1.5211984671302929]
gamma=[0.5950940791623832, 1, 0.19799157339081797, 0.2969406240130472, 0.056208881349269824, 1]

Score=0.0961909581737
alpha=[0.005311682344279967, -0.0028700425782363383, -0.001389782710504306]
beta=[1.4905567067126968, 1.4087717284830328, 1.49511334877769, 1.5282660991964792, 1.585576903201118, 1.5247916303744398]
gamma=[0.5950940791623832, 1, 1, 0.2969406240130472, 0.9969054103152553, 1]

Score=0.0893389766425
alpha=[0.005311682344279967, -0.0047648549416721975, -0.001389782710504306]
beta=[1.5892105112042132, 1.4205762244913236, 1.49511334877769, 1.5282660991964792, 1.548722006120846, 1.5228865329947165]
gamma=[0.5950940791623832, 0.0837314628611655, 0.19799157339081797, 0.2969406240130472, 0.056208881349269824, 0.3918186431889553]

Score=0.081856060735
alpha=[0.0072700689386631396, -0.0047648549416721975, -0.001389782710504306]
beta=[1.4905567067126968, 1.4205762244913236, 1.49511334877769, 1.5282660991964792, 1.548722006120846, 1.5304015866053211]
gamma=[0.5950940791623832, 0.8678868267770317, 1, 1, 0.410004407188185, 1]

Score=0.0895798034467
alpha=[0.005311682344279967, -0.0047648549416721975, -0.001389782710504306]
beta=[1.5892105112042132, 1.4205762244913236, 1.49511334877769, 1.5266942843525384, 1.585576903201118, 1.5228865329947165]
gamma=[0.5950940791623832, 0.8678868267770317, 0.19799157339081797, 0.2969406240130472, 0.056208881349269824, 1]

Score=0.0924753668509
alpha=[0.0079114351685819744, -0.0058608856472634405, -0.001389782710504306]
beta=[1.5892105112042132, 1.4209805523083883, 1.49511334877769, 1.5282660991964792, 1.585576903201118, 1.5211984671302929]
gamma=[1, 0.0837314628611655, 0.19799157339081797, 0.2969406240130472, 0.056208881349269824, 0.3918186431889553]

Score=0.0963050518632
alpha=[0.0072700689386631396, -0.0058608856472634405, -0.001389782710504306]
beta=[1.5892105112042132, 1.4205762244913236, 1.49511334877769, 1.5282660991964792, 1.585576903201118, 1.5211984671302929]
gamma=[0.5950940791623832, 0.0837314628611655, 0.19799157339081797, 0.2969406240130472, 0.056208881349269824, 1]

Score=0.0863803198818
alpha=[0.0082779763099082651, -0.0047648549416721975, -0.001389782710504306]
beta=[1.5892105112042132, 1.4087717284830328, 1.49511334877769, 1.5266942843525384, 1.585576903201118, 1.4714974663735658]
gamma=[0.5950940791623832, 0.0837314628611655, 0.19799157339081797, 0.2969406240130472, 0.056208881349269824, 1]

Score=0.083228104989
alpha=[0.0082779763099082651, -0.0047648549416721975, -0.001389782710504306]
beta=[1.5892105112042132, 1.4087717284830328, 1.49511334877769, 1.5266942843525384, 1.585576903201118, 1.4714974663735658]
gamma=[0.5950940791623832, 0.0837314628611655, 0.19799157339081797, 0.2969406240130472, 0.056208881349269824, 1]

Score=0.0997057309581
alpha=[0.0079114351685819744, -0.0047648549416721975, -0.001389782710504306]
beta=[1.5892105112042132, 1.4205762244913236, 1.49511334877769, 1.5282660991964792, 1.585576903201118, 1.5211984671302929]
gamma=[1, 0.0837314628611655, 1, 1, 0.410004407188185, 1]

Score=0.0991885432197
alpha=[0.0079114351685819744, -0.0047648549416721975, -0.001389782710504306]
beta=[1.5892105112042132, 1.4087717284830328, 1.49511334877769, 1.5282660991964792, 1.585576903201118, 1.5304015866053211]
gamma=[0.5950940791623832, 1, 1, 1, 0.410004407188185, 1]

Score=0.0729944198369
alpha=[0.0072700689386631396, -0.0047648549416721975, -0.001389782710504306]
beta=[1.5892105112042132, 1.4087717284830328, 1.49511334877769, 1.5266942843525384, 1.585576903201118, 1.4714974663735658]
gamma=[1, 0.0837314628611655, 0.19799157339081797, 1, 0.056208881349269824, 1]

Score=0.0774920388525
alpha=[0.0056799722152420656, -0.0058608856472634405, -0.001389782710504306]
beta=[1.4905567067126968, 1.4087717284830328, 1.49511334877769, 1.5282660991964792, 1.585576903201118, 1.5228865329947165]
gamma=[0.5950940791623832, 1, 0.19799157339081797, 0.2969406240130472, 0.056208881349269824, 1]

Score=0.0992878824114
alpha=[0.0056799722152420656, -0.0047648549416721975, -0.001389782710504306]
beta=[1.4905567067126968, 1.4087717284830328, 1.49511334877769, 1.5282660991964792, 1.585576903201118, 1.5228865329947165]
gamma=[0.5950940791623832, 1, 0.19799157339081797, 1, 0.056208881349269824, 1]

Score=0.0608113206289
alpha=[0.005311682344279967, -0.0047648549416721975, -0.001389782710504306]
beta=[1.4905567067126968, 1.4087717284830328, 1.49511334877769, 1.5282660991964792, 1.585576903201118, 1.5223900479879651]
gamma=[1, 1, 0.19799157339081797, 0.2969406240130472, 0.056208881349269824, 1]

Score=0.0975073994274
alpha=[0.0072700689386631396, -0.0047648549416721975, -0.001389782710504306]
beta=[1.5892105112042132, 1.4087717284830328, 1.4921616499326356, 1.5282660991964792, 1.585576903201118, 1.5228865329947165]
gamma=[1, 0.0837314628611655, 0.19799157339081797, 1, 0.056208881349269824, 1]

Score=0.0977071791069
alpha=[0.005311682344279967, -0.0047648549416721975, -0.001389782710504306]
beta=[1.4905567067126968, 1.4087717284830328, 1.49511334877769, 1.5282660991964792, 1.585576903201118, 1.5247916303744398]
gamma=[0.5950940791623832, 1, 0.19799157339081797, 0.2969406240130472, 0.9969054103152553, 1]

Score=0.095014363465
alpha=[0.005311682344279967, -0.0028700425782363383, -0.001389782710504306]
beta=[1.4905567067126968, 1.4087717284830328, 1.49511334877769, 1.5282660991964792, 1.585576903201118, 1.5247916303744398]
gamma=[0.5950940791623832, 1, 0.19799157339081797, 0.2969406240130472, 0.9969054103152553, 1]

Score=0.092994245825
alpha=[0.0056799722152420656, -0.0058608856472634405, -0.001389782710504306]
beta=[1.4865063299812025, 1.4087717284830328, 1.49511334877769, 1.5282660991964792, 1.585576903201118, 1.5223900479879651]
gamma=[0.5950940791623832, 1, 1, 0.2969406240130472, 0.9969054103152553, 1]

Score=0.078666116938
alpha=[0.0072700689386631396, -0.0053874654840170922, -0.001389782710504306]
beta=[1.5892105112042132, 1.4205762244913236, 1.506033939971237, 1.5282660991964792, 1.585576903201118, 1.4989881007757242]
gamma=[0.5950940791623832, 0.0837314628611655, 0.19799157339081797, 1, 0.056208881349269824, 1]

Score=0.0994267167222
alpha=[0.0072700689386631396, -0.0053874654840170922, -0.001389782710504306]
beta=[1.5892105112042132, 1.4205762244913236, 1.506033939971237, 1.5282660991964792, 1.585576903201118, 1.5228865329947165]
gamma=[1, 1, 0.19799157339081797, 1, 0.056208881349269824, 1]

Score=0.0903498901505
alpha=[0.0072700689386631396, -0.0053874654840170922, -0.001389782710504306]
beta=[1.5892105112042132, 1.4087717284830328, 1.506033939971237, 1.5303590105871565, 1.585576903201118, 1.5228865329947165]
gamma=[1, 1, 0.19799157339081797, 1, 0.056208881349269824, 1]

Score=0.0936859847023
alpha=[0.0059599610400481486, -0.0058608856472634405, -0.001389782710504306]
beta=[1.5892105112042132, 1.4087717284830328, 1.4849711183011987, 1.5282660991964792, 1.585576903201118, 1.5155408643448176]
gamma=[1, 1, 0.19799157339081797, 0.2969406240130472, 0.056208881349269824, 1]

Score=0.0816348371044
alpha=[0.0072700689386631396, -0.0047648549416721975, -0.001389782710504306]
beta=[1.5892105112042132, 1.4087717284830328, 1.4921616499326356, 1.5266942843525384, 1.585576903201118, 1.5228865329947165]
gamma=[1, 1, 1, 1, 0.056208881349269824, 1]

Score=0.0691043461018
alpha=[0.0072700689386631396, -0.0053874654840170922, -0.001389782710504306]
beta=[1.5892105112042132, 1.4205762244913236, 1.506033939971237, 1.5282660991964792, 1.585576903201118, 1.5228865329947165]
gamma=[1, 0.0837314628611655, 0.19799157339081797, 1, 0.056208881349269824, 1]

Score=0.0779846362534
alpha=[0.0072700689386631396, -0.0047648549416721975, -0.001389782710504306]
beta=[1.5892105112042132, 1.4087717284830328, 1.4921616499326356, 1.5282660991964792, 1.585576903201118, 1.5228865329947165]
gamma=[1, 0.0837314628611655, 0.19799157339081797, 1, 0.056208881349269824, 1]

Score=0.082049961026
alpha=[0.0059599610400481486, -0.0053874654840170922, -0.001389782710504306]
beta=[1.5892105112042132, 1.4205762244913236, 1.506033939971237, 1.5282660991964792, 1.585576903201118, 1.5228865329947165]
gamma=[1, 1, 0.19799157339081797, 1, 0.056208881349269824, 1]

Score=0.076106432044
alpha=[0.0072700689386631396, -0.0047648549416721975, -0.001389782710504306]
beta=[1.5892105112042132, 1.4087717284830328, 1.4921616499326356, 1.5266942843525384, 1.585576903201118, 1.5228865329947165]
gamma=[1, 1, 0.19799157339081797, 1, 0.056208881349269824, 1]

Score=0.0991597240191
alpha=[0.0072700689386631396, -0.0047648549416721975, -0.001389782710504306]
beta=[1.5892105112042132, 1.4087717284830328, 1.506033939971237, 1.5282660991964792, 1.585576903201118, 1.5228865329947165]
gamma=[1, 1, 0.19799157339081797, 1, 0.056208881349269824, 1]

