Score=0.137492774088
[0.056263404635631009, -7.7680717943571565e-05, 0.052292624997802392, 1.544223698654539, 1.4857090146930918, 1.5870989733121359, 1.5638047111057585, 1.4781888756779731, 1.487680167540226, 0.9534354581590073, 0.356718281904711, 0.24429712279404547, 0.01814933997419743, 0.717473999591647, 0.9940810125789866]

Score=0.00408736591083
[0.055479562582082899, 0.00022169973563487605, 0.053729571749680245, 1.5558911996207729, 1.4672925704054149, 1.5870989733121359, 1.5512699885888541, 1.4781888756779731, 1.487680167540226, 1, 0.356718281904711, 0.24429712279404547, 0.01814933997419743, 0.717473999591647, 0.9940810125789866]

Score=0.00560328737436
[0.055479562582082899, 0.00022169973563487605, 0.052292624997802392, 1.544223698654539, 1.4672925704054149, 1.5870989733121359, 1.5512699885888541, 1.4781888756779731, 1.487680167540226, 0.9534354581590073, 0.356718281904711, 0.24429712279404547, 0.01814933997419743, 0.717473999591647, 0.9940810125789866]

Score=0.00400637481652
[0.055479562582082899, 0.00022169973563487605, 0.052292624997802392, 1.544223698654539, 1.4672925704054149, 1.5870989733121359, 1.5512699885888541, 1.4781888756779731, 1.487680167540226, 0.9534354581590073, 0.356718281904711, 0.24429712279404547, 0.01814933997419743, 0.717473999591647, 0.9940810125789866]

Score=0.00670782333028
[0.055479562582082899, 0.00022169973563487605, 0.053729571749680245, 1.5558911996207729, 1.4672925704054149, 1.5870989733121359, 1.5512699885888541, 1.4781888756779731, 1.5043473733203918, 1, 0.356718281904711, 0.24429712279404547, 0.01814933997419743, 0.717473999591647, 0.9940810125789866]

Score=0.00485629669682
[0.055479562582082899, 0.00022169973563487605, 0.052292624997802392, 1.537822335984504, 1.4672925704054149, 1.5870989733121359, 1.5512699885888541, 1.4781888756779731, 1.487680167540226, 0.9534354581590073, 0.356718281904711, 0.24429712279404547, 0.01814933997419743, 0.717473999591647, 1]

Score=0.00831421015576
[0.055479562582082899, 0.00022169973563487605, 0.053729571749680245, 1.537822335984504, 1.4672925704054149, 1.5870989733121359, 1.5512699885888541, 1.4781888756779731, 1.487680167540226, 0.9534354581590073, 0.356718281904711, 0.24429712279404547, 0.01814933997419743, 0.717473999591647, 1]

Score=0.00419788997409
[0.055479562582082899, 0.00022169973563487605, 0.052292624997802392, 1.544223698654539, 1.4672925704054149, 1.5870989733121359, 1.5638047111057585, 1.4781888756779731, 1.5043473733203918, 0.9534354581590073, 0.356718281904711, 0.24429712279404547, 0.01814933997419743, 0.717473999591647, 1]

Score=0.444934304969
[0.055479562582082899, 0.00022169973563487605, 0.0527165853846219, 1.5469735437848877, 1.4672925704054149, 1.5870989733121359, 1.5512699885888541, 1.4781888756779731, 1.487680167540226, 0.9534354581590073, 1, 0.24429712279404547, 0.01814933997419743, 0.717473999591647, 1]

Score=0.00766109599005
[0.055479562582082899, 0.00022169973563487605, 0.052292624997802392, 1.537822335984504, 1.4672925704054149, 1.5870989733121359, 1.5461512124289167, 1.4781888756779731, 1.487680167540226, 0.9534354581590073, 0.356718281904711, 0.24429712279404547, 0.01814933997419743, 0.717473999591647, 1]

Score=0.0120788354575
[0.055479562582082899, 0.00022169973563487605, 0.0527165853846219, 1.537822335984504, 1.4672925704054149, 1.5870989733121359, 1.5461512124289167, 1.4781888756779731, 1.487680167540226, 0.9534354581590073, 0.356718281904711, 0.24429712279404547, 0.01814933997419743, 0.717473999591647, 1]

Score=0.101425227425
[0.055479562582082899, 0.00022169973563487605, 0.052292624997802392, 1.5588223158061261, 1.4672925704054149, 1.5870989733121359, 1.5512699885888541, 1.4781888756779731, 1.487680167540226, 0.9534354581590073, 0.356718281904711, 0.24429712279404547, 0.01814933997419743, 0.717473999591647, 1]

Score=0.0111035749145
[0.055479562582082899, 0.00022169973563487605, 0.052292624997802392, 1.5588223158061261, 1.4672925704054149, 1.5870989733121359, 1.5638047111057585, 1.4781888756779731, 1.487680167540226, 0.9534354581590073, 0.356718281904711, 0.24429712279404547, 0.01814933997419743, 0.717473999591647, 1]

Score=0.00645066865774
[0.055479562582082899, 0.00022169973563487605, 0.0527165853846219, 1.5588223158061261, 1.4672925704054149, 1.5870989733121359, 1.5512699885888541, 1.4781888756779731, 1.487680167540226, 0.9534354581590073, 0.356718281904711, 0.24429712279404547, 0.01814933997419743, 0.717473999591647, 1]

Score=0.0126181999742
[0.054921005111618008, 0.00022169973563487605, 0.052292624997802392, 1.537822335984504, 1.4672925704054149, 1.5870989733121359, 1.5461512124289167, 1.4781888756779731, 1.487680167540226, 0.9534354581590073, 0.356718281904711, 0.24429712279404547, 0.01814933997419743, 0.717473999591647, 1]

Score=0.00410903624227
[0.055479562582082899, 0.00022169973563487605, 0.052292624997802392, 1.537822335984504, 1.4816525438873607, 1.5870989733121359, 1.5461512124289167, 1.4781888756779731, 1.487680167540226, 0.9534354581590073, 0.356718281904711, 0.24429712279404547, 0.01814933997419743, 0.717473999591647, 1]

Score=0.196984261342
[0.055479562582082899, 0.00022169973563487605, 0.052292624997802392, 1.5588223158061261, 1.4672925704054149, 1.5870989733121359, 1.5512699885888541, 1.4781888756779731, 1.4899227384541656, 1, 0.356718281904711, 0.24429712279404547, 0.01814933997419743, 0.717473999591647, 1]

Score=0.0069021099223
[0.055479562582082899, 0.00022169973563487605, 0.052292624997802392, 1.5588223158061261, 1.4672925704054149, 1.5870989733121359, 1.5512699885888541, 1.4781888756779731, 1.487680167540226, 0.9534354581590073, 0.356718281904711, 0.24429712279404547, 0.01814933997419743, 0.717473999591647, 1]

Score=0.00701133004398
[0.054921005111618008, 0.00022169973563487605, 0.052292624997802392, 1.5588223158061261, 1.4672925704054149, 1.5858204349465257, 1.5679779467008366, 1.4781888756779731, 1.487680167540226, 0.9534354581590073, 0.356718281904711, 0.24429712279404547, 0.01814933997419743, 0.717473999591647, 1]

Score=0.106007849881
[0.054921005111618008, -0.0013898461318446213, 0.052292624997802392, 1.5588223158061261, 1.4672925704054149, 1.5870989733121359, 1.5461512124289167, 1.4781888756779731, 1.4812666640105303, 1, 0.356718281904711, 0.24429712279404547, 0.01814933997419743, 0.717473999591647, 1]

Score=0.0103992837597
[0.054921005111618008, 0.00022169973563487605, 0.052292624997802392, 1.5558911996207729, 1.4702851574390976, 1.5870989733121359, 1.5679779467008366, 1.4781888756779731, 1.487680167540226, 0.9534354581590073, 0.356718281904711, 0.24429712279404547, 0.01814933997419743, 0.717473999591647, 0.9940810125789866]

Score=0.0108966188115
[0.054921005111618008, -0.0013898461318446213, 0.052292624997802392, 1.5588223158061261, 1.4672925704054149, 1.5870989733121359, 1.5679779467008366, 1.4781888756779731, 1.487680167540226, 0.9534354581590073, 0.356718281904711, 0.24429712279404547, 0.01814933997419743, 0.717473999591647, 0.9940810125789866]

Score=0.00913293130263
[0.054921005111618008, -0.0004468839665992707, 0.052292624997802392, 1.5558911996207729, 1.4702851574390976, 1.5870989733121359, 1.5512699885888541, 1.4781888756779731, 1.487680167540226, 0.9534354581590073, 0.356718281904711, 0.24429712279404547, 0.01814933997419743, 0.717473999591647, 0.9940810125789866]

Score=0.104927474162
[0.054921005111618008, -0.0004468839665992707, 0.052292624997802392, 1.5588223158061261, 1.4702851574390976, 1.5870989733121359, 1.5638047111057585, 1.4781888756779731, 1.487680167540226, 0.9534354581590073, 0.356718281904711, 0.24429712279404547, 0.01814933997419743, 0.717473999591647, 0.9940810125789866]

Score=0.00553741006329
[0.054921005111618008, -0.0013898461318446213, 0.053729571749680245, 1.5588223158061261, 1.4672925704054149, 1.5870989733121359, 1.5679779467008366, 1.4781888756779731, 1.487680167540226, 0.9534354581590073, 0.356718281904711, 0.24429712279404547, 0.01814933997419743, 0.717473999591647, 0.9940810125789866]

Score=0.00374492398969
[0.054921005111618008, 0.00022169973563487605, 0.052292624997802392, 1.5558911996207729, 1.4702851574390976, 1.5870989733121359, 1.5512699885888541, 1.4781888756779731, 1.487680167540226, 1, 0.356718281904711, 0.24429712279404547, 0.01814933997419743, 0.717473999591647, 0.9940810125789866]

Score=0.00197736080624
[0.054921005111618008, -0.0013898461318446213, 0.052292624997802392, 1.5588223158061261, 1.4702851574390976, 1.5870989733121359, 1.5679779467008366, 1.4781888756779731, 1.487680167540226, 0.9534354581590073, 0.356718281904711, 0.24429712279404547, 0.01814933997419743, 0.717473999591647, 0.9940810125789866]

Score=0.0473820480576
[0.054921005111618008, -0.0013898461318446213, 0.053729571749680245, 1.5558911996207729, 1.4702851574390976, 1.5870989733121359, 1.5512699885888541, 1.4781888756779731, 1.487680167540226, 1, 0.356718281904711, 0.24429712279404547, 0.01814933997419743, 0.717473999591647, 0.9940810125789866]

Score=0.0629552883523
[0.054921005111618008, -0.0013898461318446213, 0.052292624997802392, 1.5558911996207729, 1.4672925704054149, 1.5870989733121359, 1.5512699885888541, 1.4781888756779731, 1.487680167540226, 1, 0.356718281904711, 0.24429712279404547, 0.01814933997419743, 0.717473999591647, 0.9940810125789866]

Score=0.00762244197457
[0.055479562582082899, 0.00022169973563487605, 0.053729571749680245, 1.5558911996207729, 1.4672925704054149, 1.580954770933519, 1.5512699885888541, 1.4781888756779731, 1.487680167540226, 1, 0.356718281904711, 0.24429712279404547, 0.01814933997419743, 0.717473999591647, 0.9940810125789866]




Final Population
[0.056263404635631009, -7.7680717943571565e-05, 0.052292624997802392, 1.544223698654539, 1.4857090146930918, 1.5870989733121359, 1.5638047111057585, 1.4781888756779731, 1.487680167540226, 0.9534354581590073, 0.356718281904711, 0.24429712279404547, 0.01814933997419743, 0.717473999591647, 0.9940810125789866]
[0.055479562582082899, 0.00022169973563487605, 0.053729571749680245, 1.5558911996207729, 1.4672925704054149, 1.5870989733121359, 1.5512699885888541, 1.4781888756779731, 1.487680167540226, 1, 0.356718281904711, 0.24429712279404547, 0.01814933997419743, 0.717473999591647, 0.9940810125789866]
[0.055479562582082899, 0.00022169973563487605, 0.052292624997802392, 1.544223698654539, 1.4672925704054149, 1.5870989733121359, 1.5512699885888541, 1.4781888756779731, 1.487680167540226, 0.9534354581590073, 0.356718281904711, 0.24429712279404547, 0.01814933997419743, 0.717473999591647, 0.9940810125789866]
[0.055479562582082899, 0.00022169973563487605, 0.052292624997802392, 1.544223698654539, 1.4672925704054149, 1.5870989733121359, 1.5512699885888541, 1.4781888756779731, 1.487680167540226, 0.9534354581590073, 0.356718281904711, 0.24429712279404547, 0.01814933997419743, 0.717473999591647, 0.9940810125789866]
[0.055479562582082899, 0.00022169973563487605, 0.053729571749680245, 1.5558911996207729, 1.4672925704054149, 1.5870989733121359, 1.5512699885888541, 1.4781888756779731, 1.5043473733203918, 1, 0.356718281904711, 0.24429712279404547, 0.01814933997419743, 0.717473999591647, 0.9940810125789866]
[0.055479562582082899, 0.00022169973563487605, 0.052292624997802392, 1.537822335984504, 1.4672925704054149, 1.5870989733121359, 1.5512699885888541, 1.4781888756779731, 1.487680167540226, 0.9534354581590073, 0.356718281904711, 0.24429712279404547, 0.01814933997419743, 0.717473999591647, 1]
[0.055479562582082899, 0.00022169973563487605, 0.053729571749680245, 1.537822335984504, 1.4672925704054149, 1.5870989733121359, 1.5512699885888541, 1.4781888756779731, 1.487680167540226, 0.9534354581590073, 0.356718281904711, 0.24429712279404547, 0.01814933997419743, 0.717473999591647, 1]
[0.055479562582082899, 0.00022169973563487605, 0.052292624997802392, 1.544223698654539, 1.4672925704054149, 1.5870989733121359, 1.5638047111057585, 1.4781888756779731, 1.5043473733203918, 0.9534354581590073, 0.356718281904711, 0.24429712279404547, 0.01814933997419743, 0.717473999591647, 1]
[0.055479562582082899, 0.00022169973563487605, 0.0527165853846219, 1.5469735437848877, 1.4672925704054149, 1.5870989733121359, 1.5512699885888541, 1.4781888756779731, 1.487680167540226, 0.9534354581590073, 1, 0.24429712279404547, 0.01814933997419743, 0.717473999591647, 1]
[0.055479562582082899, 0.00022169973563487605, 0.052292624997802392, 1.537822335984504, 1.4672925704054149, 1.5870989733121359, 1.5461512124289167, 1.4781888756779731, 1.487680167540226, 0.9534354581590073, 0.356718281904711, 0.24429712279404547, 0.01814933997419743, 0.717473999591647, 1]
[0.055479562582082899, 0.00022169973563487605, 0.0527165853846219, 1.537822335984504, 1.4672925704054149, 1.5870989733121359, 1.5461512124289167, 1.4781888756779731, 1.487680167540226, 0.9534354581590073, 0.356718281904711, 0.24429712279404547, 0.01814933997419743, 0.717473999591647, 1]
[0.055479562582082899, 0.00022169973563487605, 0.052292624997802392, 1.5588223158061261, 1.4672925704054149, 1.5870989733121359, 1.5512699885888541, 1.4781888756779731, 1.487680167540226, 0.9534354581590073, 0.356718281904711, 0.24429712279404547, 0.01814933997419743, 0.717473999591647, 1]
[0.055479562582082899, 0.00022169973563487605, 0.052292624997802392, 1.5588223158061261, 1.4672925704054149, 1.5870989733121359, 1.5638047111057585, 1.4781888756779731, 1.487680167540226, 0.9534354581590073, 0.356718281904711, 0.24429712279404547, 0.01814933997419743, 0.717473999591647, 1]
[0.055479562582082899, 0.00022169973563487605, 0.0527165853846219, 1.5588223158061261, 1.4672925704054149, 1.5870989733121359, 1.5512699885888541, 1.4781888756779731, 1.487680167540226, 0.9534354581590073, 0.356718281904711, 0.24429712279404547, 0.01814933997419743, 0.717473999591647, 1]
[0.054921005111618008, 0.00022169973563487605, 0.052292624997802392, 1.537822335984504, 1.4672925704054149, 1.5870989733121359, 1.5461512124289167, 1.4781888756779731, 1.487680167540226, 0.9534354581590073, 0.356718281904711, 0.24429712279404547, 0.01814933997419743, 0.717473999591647, 1]
[0.055479562582082899, 0.00022169973563487605, 0.052292624997802392, 1.537822335984504, 1.4816525438873607, 1.5870989733121359, 1.5461512124289167, 1.4781888756779731, 1.487680167540226, 0.9534354581590073, 0.356718281904711, 0.24429712279404547, 0.01814933997419743, 0.717473999591647, 1]
[0.055479562582082899, 0.00022169973563487605, 0.052292624997802392, 1.5588223158061261, 1.4672925704054149, 1.5870989733121359, 1.5512699885888541, 1.4781888756779731, 1.4899227384541656, 1, 0.356718281904711, 0.24429712279404547, 0.01814933997419743, 0.717473999591647, 1]
[0.055479562582082899, 0.00022169973563487605, 0.052292624997802392, 1.5588223158061261, 1.4672925704054149, 1.5870989733121359, 1.5512699885888541, 1.4781888756779731, 1.487680167540226, 0.9534354581590073, 0.356718281904711, 0.24429712279404547, 0.01814933997419743, 0.717473999591647, 1]
[0.054921005111618008, 0.00022169973563487605, 0.052292624997802392, 1.5588223158061261, 1.4672925704054149, 1.5858204349465257, 1.5679779467008366, 1.4781888756779731, 1.487680167540226, 0.9534354581590073, 0.356718281904711, 0.24429712279404547, 0.01814933997419743, 0.717473999591647, 1]
[0.054921005111618008, -0.0013898461318446213, 0.052292624997802392, 1.5588223158061261, 1.4672925704054149, 1.5870989733121359, 1.5461512124289167, 1.4781888756779731, 1.4812666640105303, 1, 0.356718281904711, 0.24429712279404547, 0.01814933997419743, 0.717473999591647, 1]
[0.054921005111618008, 0.00022169973563487605, 0.052292624997802392, 1.5558911996207729, 1.4702851574390976, 1.5870989733121359, 1.5679779467008366, 1.4781888756779731, 1.487680167540226, 0.9534354581590073, 0.356718281904711, 0.24429712279404547, 0.01814933997419743, 0.717473999591647, 0.9940810125789866]
[0.054921005111618008, -0.0013898461318446213, 0.052292624997802392, 1.5588223158061261, 1.4672925704054149, 1.5870989733121359, 1.5679779467008366, 1.4781888756779731, 1.487680167540226, 0.9534354581590073, 0.356718281904711, 0.24429712279404547, 0.01814933997419743, 0.717473999591647, 0.9940810125789866]
[0.054921005111618008, -0.0004468839665992707, 0.052292624997802392, 1.5558911996207729, 1.4702851574390976, 1.5870989733121359, 1.5512699885888541, 1.4781888756779731, 1.487680167540226, 0.9534354581590073, 0.356718281904711, 0.24429712279404547, 0.01814933997419743, 0.717473999591647, 0.9940810125789866]
[0.054921005111618008, -0.0004468839665992707, 0.052292624997802392, 1.5588223158061261, 1.4702851574390976, 1.5870989733121359, 1.5638047111057585, 1.4781888756779731, 1.487680167540226, 0.9534354581590073, 0.356718281904711, 0.24429712279404547, 0.01814933997419743, 0.717473999591647, 0.9940810125789866]
[0.054921005111618008, -0.0013898461318446213, 0.053729571749680245, 1.5588223158061261, 1.4672925704054149, 1.5870989733121359, 1.5679779467008366, 1.4781888756779731, 1.487680167540226, 0.9534354581590073, 0.356718281904711, 0.24429712279404547, 0.01814933997419743, 0.717473999591647, 0.9940810125789866]
[0.054921005111618008, 0.00022169973563487605, 0.052292624997802392, 1.5558911996207729, 1.4702851574390976, 1.5870989733121359, 1.5512699885888541, 1.4781888756779731, 1.487680167540226, 1, 0.356718281904711, 0.24429712279404547, 0.01814933997419743, 0.717473999591647, 0.9940810125789866]
[0.054921005111618008, -0.0013898461318446213, 0.052292624997802392, 1.5588223158061261, 1.4702851574390976, 1.5870989733121359, 1.5679779467008366, 1.4781888756779731, 1.487680167540226, 0.9534354581590073, 0.356718281904711, 0.24429712279404547, 0.01814933997419743, 0.717473999591647, 0.9940810125789866]
[0.054921005111618008, -0.0013898461318446213, 0.053729571749680245, 1.5558911996207729, 1.4702851574390976, 1.5870989733121359, 1.5512699885888541, 1.4781888756779731, 1.487680167540226, 1, 0.356718281904711, 0.24429712279404547, 0.01814933997419743, 0.717473999591647, 0.9940810125789866]
[0.054921005111618008, -0.0013898461318446213, 0.052292624997802392, 1.5558911996207729, 1.4672925704054149, 1.5870989733121359, 1.5512699885888541, 1.4781888756779731, 1.487680167540226, 1, 0.356718281904711, 0.24429712279404547, 0.01814933997419743, 0.717473999591647, 0.9940810125789866]
[0.055479562582082899, 0.00022169973563487605, 0.053729571749680245, 1.5558911996207729, 1.4672925704054149, 1.580954770933519, 1.5512699885888541, 1.4781888756779731, 1.487680167540226, 1, 0.356718281904711, 0.24429712279404547, 0.01814933997419743, 0.717473999591647, 0.9940810125789866]
