Score=0.103011444814
[0.011960934355773046, -0.0032839290985274996, 0.068216147547680947, 1.4605103472808159, 1.4, 1.4080735589713318, 1.4788466464100267, 1.5193696911092018, 1.57507246034708, 0.8926729766878085, 0.7157550336312617, 0.00816206168346112, 0.3064644902623551, 0.23026727724671936, 1]

Score=0.0883602458785
[0.011960934355773046, -0.0035105201068546259, 0.068216147547680947, 1.4558328338620707, 1.4036926826837943, 1.4080735589713318, 1.4788466464100267, 1.5193696911092018, 1.57507246034708, 0.8926729766878085, 0.7157550336312617, 0.00816206168346112, 0.3064644902623551, 0.23026727724671936, 1]

Score=0.00638869635202
[0.011960934355773046, -0.0035105201068546259, 0.068216147547680947, 1.4633679217758198, 1.4, 1.413304492296505, 1.4788466464100267, 1.5193696911092018, 1.57507246034708, 0.8926729766878085, 0.7157550336312617, 0.00816206168346112, 0.3064644902623551, 0.23026727724671936, 1]

Score=0.379722269011
[-0.01046117572064389, -0.0035105201068546259, 0.069728160782745394, 1.4558328338620707, 1.4036926826837943, 1.4080735589713318, 1.4788466464100267, 1.5193696911092018, 1.57507246034708, 0.8926729766878085, 1, 0.00816206168346112, 0.3064644902623551, 0.23026727724671936, 1]

Score=0.00280320300503
[0.011960934355773046, -0.0032839290985274996, 0.068216147547680947, 1.4558328338620707, 1.4036926826837943, 1.4080735589713318, 1.4788466464100267, 1.5193696911092018, 1.57507246034708, 0.8926729766878085, 0.7157550336312617, 0.00816206168346112, 0.3064644902623551, 0.23026727724671936, 1]

Score=0.0819739386684
[0.011960934355773046, -0.0032839290985274996, 0.068216147547680947, 1.4633679217758198, 1.4, 1.4080735589713318, 1.4788466464100267, 1.5193696911092018, 1.57507246034708, 0.8926729766878085, 0.7157550336312617, 0.00816206168346112, 0.3064644902623551, 0.23026727724671936, 1]

Score=0.0829597062873
[-0.010258890894207654, -0.0032470166946732388, 0.069189576555123283, 1.4633679217758198, 1.4036926826837943, 1.413304492296505, 1.4788466464100267, 1.5193696911092018, 1.57507246034708, 0.8926729766878085, 0.7157550336312617, 0.00816206168346112, 0.3064644902623551, 0.23026727724671936, 1]

Score=0.456950205042
[0.011960934355773046, -0.0032470166946732388, 0.068216147547680947, 1.4558328338620707, 1.4, 1.4080735589713318, 1.4788466464100267, 1.5193696911092018, 1.5747609294083036, 0.8926729766878085, 0.7157550336312617, 0.00816206168346112, 1, 0.23026727724671936, 1]

Score=0.00825311375361
[0.011960934355773046, -0.0032470166946732388, 0.068216147547680947, 1.4558328338620707, 1.4, 1.4080735589713318, 1.4777853460799948, 1.5193696911092018, 1.5747609294083036, 0.8926729766878085, 0.7157550336312617, 0.00816206168346112, 0.3064644902623551, 0.23026727724671936, 1]

Score=0.0150233194174
[-0.010258890894207654, -0.0032470166946732388, 0.068216147547680947, 1.4558328338620707, 1.4036926826837943, 1.4080735589713318, 1.4861184851164997, 1.5193696911092018, 1.57507246034708, 0.8926729766878085, 0.7157550336312617, 0.00816206168346112, 0.3064644902623551, 0.23026727724671936, 1]

Score=0.0127740323302
[-0.010258890894207654, -0.0027540757495468074, 0.068723382491140517, 1.4558328338620707, 1.4, 1.4080735589713318, 1.4788466464100267, 1.5193696911092018, 1.57507246034708, 0.8926729766878085, 0.7157550336312617, 0.00816206168346112, 0.3064644902623551, 0.23026727724671936, 1]

Score=0.00308466899464
[-0.010258890894207654, -0.0032470166946732388, 0.068216147547680947, 1.4558328338620707, 1.4, 1.413304492296505, 1.4788466464100267, 1.5193696911092018, 1.57507246034708, 0.8926729766878085, 0.7157550336312617, 0.00816206168346112, 0.3064644902623551, 0.23026727724671936, 1]

Score=0.00370415588888
[0.011960934355773046, -0.0032470166946732388, 0.068216147547680947, 1.4633679217758198, 1.4, 1.4080735589713318, 1.4865060714542992, 1.5193696911092018, 1.5747609294083036, 0.8926729766878085, 0.7157550336312617, 0.00816206168346112, 0.3064644902623551, 0.23026727724671936, 1]

Score=0.0072440393359
[-0.010258890894207654, -0.0032470166946732388, 0.068723382491140517, 1.4558328338620707, 1.4, 1.413304492296505, 1.4788466464100267, 1.5193696911092018, 1.57507246034708, 0.8926729766878085, 0.7157550336312617, 0.00816206168346112, 0.3064644902623551, 0.23026727724671936, 1]

Score=0.00409785636555
[0.011960934355773046, -0.0032470166946732388, 0.068216147547680947, 1.4558328338620707, 1.4, 1.413304492296505, 1.4788466464100267, 1.5193696911092018, 1.57507246034708, 0.8926729766878085, 0.7157550336312617, 0.00816206168346112, 0.3064644902623551, 0.23026727724671936, 1]

Score=0.0140839722951
[0.011960934355773046, -0.0031705716030698606, 0.068216147547680947, 1.4558328338620707, 1.4, 1.4, 1.4883261403510339, 1.5193696911092018, 1.57507246034708, 0.8926729766878085, 0.7157550336312617, 0.00816206168346112, 0.3064644902623551, 0.23026727724671936, 1]

Score=0.0140794209903
[-0.010258890894207654, -0.0032470166946732388, 0.069792240515315782, 1.4558328338620707, 1.4, 1.413304492296505, 1.4788466464100267, 1.5193696911092018, 1.57507246034708, 0.8926729766878085, 0.7157550336312617, 0.00816206168346112, 0.3064644902623551, 0.23026727724671936, 1]

Score=0.111400115698
[-0.010258890894207654, -0.0032470166946732388, 0.07209133193537598, 1.4558328338620707, 1.4, 1.413304492296505, 1.4788466464100267, 1.5288944458850628, 1.57507246034708, 0.8926729766878085, 0.7157550336312617, 0.00816206168346112, 0.3064644902623551, 0.23026727724671936, 1]

Score=0.00968937158371
[0.011960934355773046, -0.0032470166946732388, 0.069792240515315782, 1.4558328338620707, 1.4, 1.413304492296505, 1.4788466464100267, 1.5193696911092018, 1.57507246034708, 0.8926729766878085, 0.7157550336312617, 0.00816206168346112, 0.3064644902623551, 0.23026727724671936, 1]

Score=0.00617976096431
[0.011960934355773046, -0.0032470166946732388, 0.068216147547680947, 1.4558328338620707, 1.4, 1.413304492296505, 1.4788466464100267, 1.5193696911092018, 1.57507246034708, 0.8926729766878085, 0.7157550336312617, 0.00816206168346112, 0.3064644902623551, 0.23026727724671936, 1]

Score=0.00777232200456
[0.012572354877759344, -0.0032470166946732388, 0.068216147547680947, 1.4617517676706628, 1.4, 1.413304492296505, 1.4788466464100267, 1.5193696911092018, 1.57507246034708, 0.8926729766878085, 0.7157550336312617, 0.00816206168346112, 0.3064644902623551, 0.23026727724671936, 1]

Score=0.005929493503
[0.011960934355773046, -0.0032839290985274996, 0.069792240515315782, 1.4558328338620707, 1.4025378312881349, 1.4080735589713318, 1.4788466464100267, 1.5193696911092018, 1.57507246034708, 0.8926729766878085, 0.7157550336312617, 0.00816206168346112, 0.3064644902623551, 0.23026727724671936, 1]

Score=0.419794945659
[0.011960934355773046, -0.0032839290985274996, 0.068216147547680947, 1.4558328338620707, 1.4, 1.4080735589713318, 1.4788466464100267, 1.5193696911092018, 1.57507246034708, 0.8926729766878085, 0.7157550336312617, 1, 0.3064644902623551, 0.23026727724671936, 1]

Score=0.295900245015
[0.011960934355773046, -0.0031496552774835681, 0.069792240515315782, 1.4558328338620707, 1.4, 1.4169592651023599, 1.4788466464100267, 1.5193696911092018, 1.57507246034708, 0.8926729766878085, 1, 0.00816206168346112, 0.3064644902623551, 0.23026727724671936, 1]

Score=0.00411389339045
[0.012572354877759344, -0.0032470166946732388, 0.068216147547680947, 1.4617517676706628, 1.4, 1.4186397513528255, 1.4788466464100267, 1.5193696911092018, 1.57507246034708, 0.8926729766878085, 0.7157550336312617, 0.00816206168346112, 0.3064644902623551, 0.23026727724671936, 1]

Score=0.00194363969164
[0.012572354877759344, -0.0032470166946732388, 0.068216147547680947, 1.4617517676706628, 1.4, 1.4186397513528255, 1.4788466464100267, 1.5193696911092018, 1.57507246034708, 0.8926729766878085, 0.7157550336312617, 0.00816206168346112, 0.3064644902623551, 0.23026727724671936, 1]

Score=0.00490268385196
[0.011960934355773046, -0.0032839290985274996, 0.069287154670444551, 1.4558328338620707, 1.4025378312881349, 1.4080735589713318, 1.4662054684989698, 1.5193696911092018, 1.57507246034708, 0.8926729766878085, 0.7157550336312617, 0.00816206168346112, 0.3064644902623551, 0.23026727724671936, 1]

Score=0.0114103612555
[0.011960934355773046, -0.0032839290985274996, 0.069287154670444551, 1.4558328338620707, 1.4025378312881349, 1.4080735589713318, 1.4662054684989698, 1.5193696911092018, 1.57507246034708, 0.8926729766878085, 0.7157550336312617, 0.00816206168346112, 0.3064644902623551, 0.23026727724671936, 1]

Score=0.0073554023889
[0.011960934355773046, -0.0035105201068546259, 0.068216147547680947, 1.4633679217758198, 1.4, 1.4080735589713318, 1.4788466464100267, 1.5193696911092018, 1.57507246034708, 0.8926729766878085, 0.7157550336312617, 0.00816206168346112, 0.3064644902623551, 0.23026727724671936, 1]

Score=0.290980068306
[0.011960934355773046, -0.0032839290985274996, 0.069287154670444551, 1.4617517676706628, 1.4, 1.4186397513528255, 1.4788466464100267, 1.5193696911092018, 1.57507246034708, 1, 0.7157550336312617, 0.00816206168346112, 0.3064644902623551, 0.23026727724671936, 1]




Final Population
[0.011960934355773046, -0.0032839290985274996, 0.068216147547680947, 1.4605103472808159, 1.4, 1.4080735589713318, 1.4788466464100267, 1.5193696911092018, 1.57507246034708, 0.8926729766878085, 0.7157550336312617, 0.00816206168346112, 0.3064644902623551, 0.23026727724671936, 1]
[0.011960934355773046, -0.0035105201068546259, 0.068216147547680947, 1.4558328338620707, 1.4036926826837943, 1.4080735589713318, 1.4788466464100267, 1.5193696911092018, 1.57507246034708, 0.8926729766878085, 0.7157550336312617, 0.00816206168346112, 0.3064644902623551, 0.23026727724671936, 1]
[0.011960934355773046, -0.0035105201068546259, 0.068216147547680947, 1.4633679217758198, 1.4, 1.413304492296505, 1.4788466464100267, 1.5193696911092018, 1.57507246034708, 0.8926729766878085, 0.7157550336312617, 0.00816206168346112, 0.3064644902623551, 0.23026727724671936, 1]
[-0.01046117572064389, -0.0035105201068546259, 0.069728160782745394, 1.4558328338620707, 1.4036926826837943, 1.4080735589713318, 1.4788466464100267, 1.5193696911092018, 1.57507246034708, 0.8926729766878085, 1, 0.00816206168346112, 0.3064644902623551, 0.23026727724671936, 1]
[0.011960934355773046, -0.0032839290985274996, 0.068216147547680947, 1.4558328338620707, 1.4036926826837943, 1.4080735589713318, 1.4788466464100267, 1.5193696911092018, 1.57507246034708, 0.8926729766878085, 0.7157550336312617, 0.00816206168346112, 0.3064644902623551, 0.23026727724671936, 1]
[0.011960934355773046, -0.0032839290985274996, 0.068216147547680947, 1.4633679217758198, 1.4, 1.4080735589713318, 1.4788466464100267, 1.5193696911092018, 1.57507246034708, 0.8926729766878085, 0.7157550336312617, 0.00816206168346112, 0.3064644902623551, 0.23026727724671936, 1]
[-0.010258890894207654, -0.0032470166946732388, 0.069189576555123283, 1.4633679217758198, 1.4036926826837943, 1.413304492296505, 1.4788466464100267, 1.5193696911092018, 1.57507246034708, 0.8926729766878085, 0.7157550336312617, 0.00816206168346112, 0.3064644902623551, 0.23026727724671936, 1]
[0.011960934355773046, -0.0032470166946732388, 0.068216147547680947, 1.4558328338620707, 1.4, 1.4080735589713318, 1.4788466464100267, 1.5193696911092018, 1.5747609294083036, 0.8926729766878085, 0.7157550336312617, 0.00816206168346112, 1, 0.23026727724671936, 1]
[0.011960934355773046, -0.0032470166946732388, 0.068216147547680947, 1.4558328338620707, 1.4, 1.4080735589713318, 1.4777853460799948, 1.5193696911092018, 1.5747609294083036, 0.8926729766878085, 0.7157550336312617, 0.00816206168346112, 0.3064644902623551, 0.23026727724671936, 1]
[-0.010258890894207654, -0.0032470166946732388, 0.068216147547680947, 1.4558328338620707, 1.4036926826837943, 1.4080735589713318, 1.4861184851164997, 1.5193696911092018, 1.57507246034708, 0.8926729766878085, 0.7157550336312617, 0.00816206168346112, 0.3064644902623551, 0.23026727724671936, 1]
[-0.010258890894207654, -0.0027540757495468074, 0.068723382491140517, 1.4558328338620707, 1.4, 1.4080735589713318, 1.4788466464100267, 1.5193696911092018, 1.57507246034708, 0.8926729766878085, 0.7157550336312617, 0.00816206168346112, 0.3064644902623551, 0.23026727724671936, 1]
[-0.010258890894207654, -0.0032470166946732388, 0.068216147547680947, 1.4558328338620707, 1.4, 1.413304492296505, 1.4788466464100267, 1.5193696911092018, 1.57507246034708, 0.8926729766878085, 0.7157550336312617, 0.00816206168346112, 0.3064644902623551, 0.23026727724671936, 1]
[0.011960934355773046, -0.0032470166946732388, 0.068216147547680947, 1.4633679217758198, 1.4, 1.4080735589713318, 1.4865060714542992, 1.5193696911092018, 1.5747609294083036, 0.8926729766878085, 0.7157550336312617, 0.00816206168346112, 0.3064644902623551, 0.23026727724671936, 1]
[-0.010258890894207654, -0.0032470166946732388, 0.068723382491140517, 1.4558328338620707, 1.4, 1.413304492296505, 1.4788466464100267, 1.5193696911092018, 1.57507246034708, 0.8926729766878085, 0.7157550336312617, 0.00816206168346112, 0.3064644902623551, 0.23026727724671936, 1]
[0.011960934355773046, -0.0032470166946732388, 0.068216147547680947, 1.4558328338620707, 1.4, 1.413304492296505, 1.4788466464100267, 1.5193696911092018, 1.57507246034708, 0.8926729766878085, 0.7157550336312617, 0.00816206168346112, 0.3064644902623551, 0.23026727724671936, 1]
[0.011960934355773046, -0.0031705716030698606, 0.068216147547680947, 1.4558328338620707, 1.4, 1.4, 1.4883261403510339, 1.5193696911092018, 1.57507246034708, 0.8926729766878085, 0.7157550336312617, 0.00816206168346112, 0.3064644902623551, 0.23026727724671936, 1]
[-0.010258890894207654, -0.0032470166946732388, 0.069792240515315782, 1.4558328338620707, 1.4, 1.413304492296505, 1.4788466464100267, 1.5193696911092018, 1.57507246034708, 0.8926729766878085, 0.7157550336312617, 0.00816206168346112, 0.3064644902623551, 0.23026727724671936, 1]
[-0.010258890894207654, -0.0032470166946732388, 0.07209133193537598, 1.4558328338620707, 1.4, 1.413304492296505, 1.4788466464100267, 1.5288944458850628, 1.57507246034708, 0.8926729766878085, 0.7157550336312617, 0.00816206168346112, 0.3064644902623551, 0.23026727724671936, 1]
[0.011960934355773046, -0.0032470166946732388, 0.069792240515315782, 1.4558328338620707, 1.4, 1.413304492296505, 1.4788466464100267, 1.5193696911092018, 1.57507246034708, 0.8926729766878085, 0.7157550336312617, 0.00816206168346112, 0.3064644902623551, 0.23026727724671936, 1]
[0.011960934355773046, -0.0032470166946732388, 0.068216147547680947, 1.4558328338620707, 1.4, 1.413304492296505, 1.4788466464100267, 1.5193696911092018, 1.57507246034708, 0.8926729766878085, 0.7157550336312617, 0.00816206168346112, 0.3064644902623551, 0.23026727724671936, 1]
[0.012572354877759344, -0.0032470166946732388, 0.068216147547680947, 1.4617517676706628, 1.4, 1.413304492296505, 1.4788466464100267, 1.5193696911092018, 1.57507246034708, 0.8926729766878085, 0.7157550336312617, 0.00816206168346112, 0.3064644902623551, 0.23026727724671936, 1]
[0.011960934355773046, -0.0032839290985274996, 0.069792240515315782, 1.4558328338620707, 1.4025378312881349, 1.4080735589713318, 1.4788466464100267, 1.5193696911092018, 1.57507246034708, 0.8926729766878085, 0.7157550336312617, 0.00816206168346112, 0.3064644902623551, 0.23026727724671936, 1]
[0.011960934355773046, -0.0032839290985274996, 0.068216147547680947, 1.4558328338620707, 1.4, 1.4080735589713318, 1.4788466464100267, 1.5193696911092018, 1.57507246034708, 0.8926729766878085, 0.7157550336312617, 1, 0.3064644902623551, 0.23026727724671936, 1]
[0.011960934355773046, -0.0031496552774835681, 0.069792240515315782, 1.4558328338620707, 1.4, 1.4169592651023599, 1.4788466464100267, 1.5193696911092018, 1.57507246034708, 0.8926729766878085, 1, 0.00816206168346112, 0.3064644902623551, 0.23026727724671936, 1]
[0.012572354877759344, -0.0032470166946732388, 0.068216147547680947, 1.4617517676706628, 1.4, 1.4186397513528255, 1.4788466464100267, 1.5193696911092018, 1.57507246034708, 0.8926729766878085, 0.7157550336312617, 0.00816206168346112, 0.3064644902623551, 0.23026727724671936, 1]
[0.012572354877759344, -0.0032470166946732388, 0.068216147547680947, 1.4617517676706628, 1.4, 1.4186397513528255, 1.4788466464100267, 1.5193696911092018, 1.57507246034708, 0.8926729766878085, 0.7157550336312617, 0.00816206168346112, 0.3064644902623551, 0.23026727724671936, 1]
[0.011960934355773046, -0.0032839290985274996, 0.069287154670444551, 1.4558328338620707, 1.4025378312881349, 1.4080735589713318, 1.4662054684989698, 1.5193696911092018, 1.57507246034708, 0.8926729766878085, 0.7157550336312617, 0.00816206168346112, 0.3064644902623551, 0.23026727724671936, 1]
[0.011960934355773046, -0.0032839290985274996, 0.069287154670444551, 1.4558328338620707, 1.4025378312881349, 1.4080735589713318, 1.4662054684989698, 1.5193696911092018, 1.57507246034708, 0.8926729766878085, 0.7157550336312617, 0.00816206168346112, 0.3064644902623551, 0.23026727724671936, 1]
[0.011960934355773046, -0.0035105201068546259, 0.068216147547680947, 1.4633679217758198, 1.4, 1.4080735589713318, 1.4788466464100267, 1.5193696911092018, 1.57507246034708, 0.8926729766878085, 0.7157550336312617, 0.00816206168346112, 0.3064644902623551, 0.23026727724671936, 1]
[0.011960934355773046, -0.0032839290985274996, 0.069287154670444551, 1.4617517676706628, 1.4, 1.4186397513528255, 1.4788466464100267, 1.5193696911092018, 1.57507246034708, 1, 0.7157550336312617, 0.00816206168346112, 0.3064644902623551, 0.23026727724671936, 1]
