Score=0.399870295354
[0.005463546736096503, -0.046447240199950106, -0.07820823876326842, 1.4955092457685955, 1.4551707187594642, 1.4000881088187727, 1.4544331840116109, 1.4, 1.4984557239945844, 1, 1, 0.2579896514194203, 0.1868762273724549, 1, 0.7155515111553302, 0.018490251405103186, 4.3558215944584444e-05, -0.019940491636432165]

Score=-0.201354047477
[0.005463546736096503, -0.048874387950911334, -0.07820823876326842, 1.4955092457685955, 1.4228680832609624, 1.4000881088187727, 1.4544331840116109, 1.4, 1.5055250051923534, 1, 1, 1, 0.1868762273724549, 1, 0.7155515111553302, 0.016904748082958044, 4.3558215944584444e-05, -0.019940491636432165]

Score=0.999840509596
[0.005463546736096503, -0.049826706265982373, -0.07820823876326842, 1.49278361643633, 1.4228680832609624, 1.4, 1.4544331840116109, 1.4, 1.4984557239945844, 1, 1, 0.2579896514194203, 0.1868762273724549, 1, 0.7155515111553302, 0.016904748082958044, 4.3558215944584444e-05, -0.019940491636432165]

Score=0.999847343167
[0.0035930910661227181, -0.048874387950911334, -0.07820823876326842, 1.49278361643633, 1.4228680832609624, 1.4, 1.4544331840116109, 1.4, 1.4984557239945844, 1, 1, 0.2579896514194203, 0.1868762273724549, 1, 0.7155515111553302, 0.016904748082958044, 4.3558215944584444e-05, -0.019940491636432165]

Score=0.399861373041
[0.0035930910661227181, -0.048874387950911334, -0.07820823876326842, 1.49278361643633, 1.4228680832609624, 1.4000881088187727, 1.4544331840116109, 1.4, 1.4984557239945844, 1, 1, 0.2579896514194203, 0.1868762273724549, 1, 0.7155515111553302, 0.016904748082958044, 4.3558215944584444e-05, -0.018751020429044116]

Score=0.99981883146
[0.0035930910661227181, -0.046447240199950106, -0.078243592138404885, 1.49278361643633, 1.4228680832609624, 1.4, 1.4544331840116109, 1.4, 1.4984557239945844, 1, 1, 0.2579896514194203, 0.1868762273724549, 1, 0.7155515111553302, 0.01871323798200044, 4.3558215944584444e-05, -0.019940491636432165]

Score=0.999834538437
[0.005463546736096503, -0.045661990903792027, -0.07820823876326842, 1.49278361643633, 1.4228680832609624, 1.4000881088187727, 1.465829261108978, 1.4, 1.4984557239945844, 1, 1, 0.2579896514194203, 0.1868762273724549, 1, 1, 0.016904748082958044, 4.3558215944584444e-05, -0.020660215325674657]

Score=0.399830913356
[0.005463546736096503, -0.045661990903792027, -0.07820823876326842, 1.49278361643633, 1.4228680832609624, 1.4000881088187727, 1.465829261108978, 1.4, 1.5081690219727206, 1, 1, 0.2579896514194203, 0.1868762273724549, 1, 1, 0.015535775712398853, 4.3558215944584444e-05, -0.020660215325674657]

Score=-0.200014468849
[0.0035930910661227181, -0.048874387950911334, -0.07820823876326842, 1.49278361643633, 1.4228680832609624, 1.4000881088187727, 1.4544331840116109, 1.4, 1.4984557239945844, 1, 1, 0.2579896514194203, 0.1868762273724549, 1, 1, 0.018490251405103186, 4.3558215944584444e-05, -0.020660215325674657]

Score=0.999876527459
[0.0035930910661227181, -0.046447240199950106, -0.078243592138404885, 1.49278361643633, 1.4228680832609624, 1.4000881088187727, 1.4608683351802161, 1.4, 1.4984557239945844, 1, 1, 0.2579896514194203, 0.1868762273724549, 1, 0.7155515111553302, 0.016904748082958044, 4.3558215944584444e-05, -0.020660215325674657]

Score=0.9998838317
[0.0024178551364945119, -0.046447240199950106, -0.07820823876326842, 1.4995462350737949, 1.4228680832609624, 1.4000881088187727, 1.4608683351802161, 1.4, 1.4984557239945844, 1, 1, 0.2579896514194203, 0.1868762273724549, 1, 0.7155515111553302, 0.016904748082958044, 4.3558215944584444e-05, -0.019940491636432165]

Score=0.399929511269
[0.005463546736096503, -0.045661990903792027, -0.07820823876326842, 1.49278361643633, 1.4228680832609624, 1.4000881088187727, 1.4608683351802161, 1.4, 1.5081690219727206, 1, 1, 0.2579896514194203, 0.1868762273724549, 1, 1, 0.016904748082958044, 4.3558215944584444e-05, -0.020660215325674657]

Score=0.999832873171
[0.0024178551364945119, -0.048874387950911334, -0.078790761963421857, 1.4955092457685955, 1.4551707187594642, 1.4000881088187727, 1.4544331840116109, 1.4012485712809462, 1.4984557239945844, 1, 1, 0.2579896514194203, 0.1868762273724549, 1, 0.7155515111553302, 0.018490251405103186, 4.3558215944584444e-05, -0.018335911302147217]

Score=-0.200064213806
[0.0035930910661227181, -0.046447240199950106, -0.07820823876326842, 1.49278361643633, 1.4228680832609624, 1.4000881088187727, 1.465829261108978, 1.4, 1.4984557239945844, 1, 1, 0.2579896514194203, 0.1868762273724549, 1, 0.7155515111553302, 0.018490251405103186, 4.3558215944584444e-05, -0.020660215325674657]

Score=0.99989694866
[0.0035930910661227181, -0.046447240199950106, -0.07820823876326842, 1.49278361643633, 1.4228680832609624, 1.4000881088187727, 1.4608683351802161, 1.4, 1.4984557239945844, 1, 1, 0.2579896514194203, 0.1868762273724549, 1, 1, 0.018490251405103186, 4.3558215944584444e-05, -0.020660215325674657]

Score=0.999870301561
[0.0035930910661227181, -0.046447240199950106, -0.078790761963421857, 1.4955092457685955, 1.4228680832609624, 1.4, 1.465829261108978, 1.4, 1.4984557239945844, 1, 1, 0.2579896514194203, 0.1868762273724549, 1, 0.7155515111553302, 0.018490251405103186, 4.3558215944584444e-05, -0.020660215325674657]

Score=0.999808778589
[0.0048082715350263698, -0.046447240199950106, -0.078790761963421857, 1.4955092457685955, 1.4228680832609624, 1.4000881088187727, 1.465829261108978, 1.4012485712809462, 1.4984557239945844, 1, 1, 0.2579896514194203, 0.1868762273724549, 1, 0.7155515111553302, 0.018490251405103186, 4.3558215944584444e-05, -0.019940491636432165]

Score=0.399891811965
[0.0035930910661227181, -0.046447240199950106, -0.07820823876326842, 1.4955092457685955, 1.4228680832609624, 1.4000881088187727, 1.4653622336282928, 1.4, 1.4984557239945844, 1, 1, 0.2579896514194203, 0.1868762273724549, 1, 1, 0.018490251405103186, 4.3558215944584444e-05, -0.019940491636432165]

Score=0.999880653371
[0.0035930910661227181, -0.046447240199950106, -0.078790761963421857, 1.4955092457685955, 1.4228680832609624, 1.4000881088187727, 1.465829261108978, 1.4012485712809462, 1.4984557239945844, 1, 1, 0.2579896514194203, 0.1868762273724549, 1, 0.7155515111553302, 0.018490251405103186, 4.3558215944584444e-05, -0.020660215325674657]

Score=0.999868411799
[0.0035930910661227181, -0.048874387950911334, -0.078790761963421857, 1.4955092457685955, 1.4551707187594642, 1.4000881088187727, 1.4653622336282928, 1.4012485712809462, 1.4984557239945844, 1, 1, 0.2579896514194203, 0.1868762273724549, 1, 0.7155515111553302, 0.018490251405103186, 4.3558215944584444e-05, -0.019940491636432165]

Score=0.399917300684
[0.0048905970771845426, -0.046447240199950106, -0.07820823876326842, 1.4955092457685955, 1.4551707187594642, 1.4000881088187727, 1.4544331840116109, 1.4012485712809462, 1.4984557239945844, 1, 1, 0.2579896514194203, 0.1868762273724549, 1, 0.7155515111553302, 0.018490251405103186, 4.3558215944584444e-05, -0.019940491636432165]

Score=0.399875535586
[0.0048905970771845426, -0.046447240199950106, -0.07820823876326842, 1.4955092457685955, 1.4551707187594642, 1.4000881088187727, 1.4544331840116109, 1.4012485712809462, 1.4984557239945844, 1, 1, 0.2579896514194203, 0.1868762273724549, 1, 0.7155515111553302, 0.018490251405103186, 4.3558215944584444e-05, -0.019940491636432165]

Score=-0.200089542435
[0.0048905970771845426, -0.046447240199950106, -0.078790761963421857, 1.4955092457685955, 1.4551707187594642, 1.4000881088187727, 1.465829261108978, 1.4012485712809462, 1.4984557239945844, 1, 1, 0.2579896514194203, 0.1868762273724549, 1, 0.7155515111553302, 0.018490251405103186, 4.3558215944584444e-05, -0.020660215325674657]

Score=0.999771480148
[0.0035930910661227181, -0.048774514367699556, -0.078790761963421857, 1.4955092457685955, 1.4228680832609624, 1.4000881088187727, 1.465829261108978, 1.4012485712809462, 1.4984557239945844, 1, 1, 0.2579896514194203, 0.1868762273724549, 1, 0.7155515111553302, 0.018535771060339809, 4.3558215944584444e-05, -0.019940491636432165]

Score=0.999779265727
[0.005463546736096503, -0.046447240199950106, -0.07820823876326842, 1.4995462350737949, 1.4392263571165744, 1.4000881088187727, 1.465829261108978, 1.4012485712809462, 1.5055250051923534, 1, 1, 0.2579896514194203, 0.1868762273724549, 1, 0.7155515111553302, 0.01647043623371813, 4.3558215944584444e-05, -0.019940491636432165]

Score=0.399896398516
[0.0048905970771845426, -0.046447240199950106, -0.07820823876326842, 1.4955092457685955, 1.4551707187594642, 1.4000881088187727, 1.4544331840116109, 1.4012485712809462, 1.4984557239945844, 1, 1, 0.2579896514194203, 0.1868762273724549, 1, 0.7155515111553302, 0.018490251405103186, 4.3558215944584444e-05, -0.019940491636432165]

Score=0.999876438411
[0.0073059058834241321, -0.046447240199950106, -0.07820823876326842, 1.4955092457685955, 1.4551707187594642, 1.4001874939216556, 1.465829261108978, 1.4012485712809462, 1.4984557239945844, 1, 1, 0.2579896514194203, 0.1868762273724549, 1, 0.7155515111553302, 0.018490251405103186, 4.3558215944584444e-05, -0.020660215325674657]

Score=0.399924431579
[0.005463546736096503, -0.049826706265982373, -0.078020866951206677, 1.4995462350737949, 1.4392263571165744, 1.4001874939216556, 1.465829261108978, 1.4012485712809462, 1.4984557239945844, 1, 1, 0.2579896514194203, 0.1868762273724549, 1, 0.7155515111553302, 0.018490251405103186, 4.3558215944584444e-05, -0.019940491636432165]

Score=0.99985365032
[0.005463546736096503, -0.048874387950911334, -0.07820823876326842, 1.4955092457685955, 1.4228680832609624, 1.4, 1.4544331840116109, 1.4, 1.5055250051923534, 1, 1, 0.2579896514194203, 0.1868762273724549, 1, 0.7155515111553302, 0.01647043623371813, 4.3558215944584444e-05, -0.019940491636432165]

Score=0.99983279757
[0.0035930910661227181, -0.046447240199950106, -0.07820823876326842, 1.49278361643633, 1.4228680832609624, 1.4000881088187727, 1.4544331840116109, 1.4, 1.4984557239945844, 1, 1, 0.2579896514194203, 0.1868762273724549, 1, 0.7155515111553302, 0.016904748082958044, 4.3558215944584444e-05, -0.019940491636432165]




Final Population
[0.005463546736096503, -0.046447240199950106, -0.07820823876326842, 1.4955092457685955, 1.4551707187594642, 1.4000881088187727, 1.4544331840116109, 1.4, 1.4984557239945844, 1, 1, 0.2579896514194203, 0.1868762273724549, 1, 0.7155515111553302, 0.018490251405103186, 4.3558215944584444e-05, -0.019940491636432165]
[0.005463546736096503, -0.048874387950911334, -0.07820823876326842, 1.4955092457685955, 1.4228680832609624, 1.4000881088187727, 1.4544331840116109, 1.4, 1.5055250051923534, 1, 1, 1, 0.1868762273724549, 1, 0.7155515111553302, 0.016904748082958044, 4.3558215944584444e-05, -0.019940491636432165]
[0.005463546736096503, -0.049826706265982373, -0.07820823876326842, 1.49278361643633, 1.4228680832609624, 1.4, 1.4544331840116109, 1.4, 1.4984557239945844, 1, 1, 0.2579896514194203, 0.1868762273724549, 1, 0.7155515111553302, 0.016904748082958044, 4.3558215944584444e-05, -0.019940491636432165]
[0.0035930910661227181, -0.048874387950911334, -0.07820823876326842, 1.49278361643633, 1.4228680832609624, 1.4, 1.4544331840116109, 1.4, 1.4984557239945844, 1, 1, 0.2579896514194203, 0.1868762273724549, 1, 0.7155515111553302, 0.016904748082958044, 4.3558215944584444e-05, -0.019940491636432165]
[0.0035930910661227181, -0.048874387950911334, -0.07820823876326842, 1.49278361643633, 1.4228680832609624, 1.4000881088187727, 1.4544331840116109, 1.4, 1.4984557239945844, 1, 1, 0.2579896514194203, 0.1868762273724549, 1, 0.7155515111553302, 0.016904748082958044, 4.3558215944584444e-05, -0.018751020429044116]
[0.0035930910661227181, -0.046447240199950106, -0.078243592138404885, 1.49278361643633, 1.4228680832609624, 1.4, 1.4544331840116109, 1.4, 1.4984557239945844, 1, 1, 0.2579896514194203, 0.1868762273724549, 1, 0.7155515111553302, 0.01871323798200044, 4.3558215944584444e-05, -0.019940491636432165]
[0.005463546736096503, -0.045661990903792027, -0.07820823876326842, 1.49278361643633, 1.4228680832609624, 1.4000881088187727, 1.465829261108978, 1.4, 1.4984557239945844, 1, 1, 0.2579896514194203, 0.1868762273724549, 1, 1, 0.016904748082958044, 4.3558215944584444e-05, -0.020660215325674657]
[0.005463546736096503, -0.045661990903792027, -0.07820823876326842, 1.49278361643633, 1.4228680832609624, 1.4000881088187727, 1.465829261108978, 1.4, 1.5081690219727206, 1, 1, 0.2579896514194203, 0.1868762273724549, 1, 1, 0.015535775712398853, 4.3558215944584444e-05, -0.020660215325674657]
[0.0035930910661227181, -0.048874387950911334, -0.07820823876326842, 1.49278361643633, 1.4228680832609624, 1.4000881088187727, 1.4544331840116109, 1.4, 1.4984557239945844, 1, 1, 0.2579896514194203, 0.1868762273724549, 1, 1, 0.018490251405103186, 4.3558215944584444e-05, -0.020660215325674657]
[0.0035930910661227181, -0.046447240199950106, -0.078243592138404885, 1.49278361643633, 1.4228680832609624, 1.4000881088187727, 1.4608683351802161, 1.4, 1.4984557239945844, 1, 1, 0.2579896514194203, 0.1868762273724549, 1, 0.7155515111553302, 0.016904748082958044, 4.3558215944584444e-05, -0.020660215325674657]
[0.0024178551364945119, -0.046447240199950106, -0.07820823876326842, 1.4995462350737949, 1.4228680832609624, 1.4000881088187727, 1.4608683351802161, 1.4, 1.4984557239945844, 1, 1, 0.2579896514194203, 0.1868762273724549, 1, 0.7155515111553302, 0.016904748082958044, 4.3558215944584444e-05, -0.019940491636432165]
[0.005463546736096503, -0.045661990903792027, -0.07820823876326842, 1.49278361643633, 1.4228680832609624, 1.4000881088187727, 1.4608683351802161, 1.4, 1.5081690219727206, 1, 1, 0.2579896514194203, 0.1868762273724549, 1, 1, 0.016904748082958044, 4.3558215944584444e-05, -0.020660215325674657]
[0.0024178551364945119, -0.048874387950911334, -0.078790761963421857, 1.4955092457685955, 1.4551707187594642, 1.4000881088187727, 1.4544331840116109, 1.4012485712809462, 1.4984557239945844, 1, 1, 0.2579896514194203, 0.1868762273724549, 1, 0.7155515111553302, 0.018490251405103186, 4.3558215944584444e-05, -0.018335911302147217]
[0.0035930910661227181, -0.046447240199950106, -0.07820823876326842, 1.49278361643633, 1.4228680832609624, 1.4000881088187727, 1.465829261108978, 1.4, 1.4984557239945844, 1, 1, 0.2579896514194203, 0.1868762273724549, 1, 0.7155515111553302, 0.018490251405103186, 4.3558215944584444e-05, -0.020660215325674657]
[0.0035930910661227181, -0.046447240199950106, -0.07820823876326842, 1.49278361643633, 1.4228680832609624, 1.4000881088187727, 1.4608683351802161, 1.4, 1.4984557239945844, 1, 1, 0.2579896514194203, 0.1868762273724549, 1, 1, 0.018490251405103186, 4.3558215944584444e-05, -0.020660215325674657]
[0.0035930910661227181, -0.046447240199950106, -0.078790761963421857, 1.4955092457685955, 1.4228680832609624, 1.4, 1.465829261108978, 1.4, 1.4984557239945844, 1, 1, 0.2579896514194203, 0.1868762273724549, 1, 0.7155515111553302, 0.018490251405103186, 4.3558215944584444e-05, -0.020660215325674657]
[0.0048082715350263698, -0.046447240199950106, -0.078790761963421857, 1.4955092457685955, 1.4228680832609624, 1.4000881088187727, 1.465829261108978, 1.4012485712809462, 1.4984557239945844, 1, 1, 0.2579896514194203, 0.1868762273724549, 1, 0.7155515111553302, 0.018490251405103186, 4.3558215944584444e-05, -0.019940491636432165]
[0.0035930910661227181, -0.046447240199950106, -0.07820823876326842, 1.4955092457685955, 1.4228680832609624, 1.4000881088187727, 1.4653622336282928, 1.4, 1.4984557239945844, 1, 1, 0.2579896514194203, 0.1868762273724549, 1, 1, 0.018490251405103186, 4.3558215944584444e-05, -0.019940491636432165]
[0.0035930910661227181, -0.046447240199950106, -0.078790761963421857, 1.4955092457685955, 1.4228680832609624, 1.4000881088187727, 1.465829261108978, 1.4012485712809462, 1.4984557239945844, 1, 1, 0.2579896514194203, 0.1868762273724549, 1, 0.7155515111553302, 0.018490251405103186, 4.3558215944584444e-05, -0.020660215325674657]
[0.0035930910661227181, -0.048874387950911334, -0.078790761963421857, 1.4955092457685955, 1.4551707187594642, 1.4000881088187727, 1.4653622336282928, 1.4012485712809462, 1.4984557239945844, 1, 1, 0.2579896514194203, 0.1868762273724549, 1, 0.7155515111553302, 0.018490251405103186, 4.3558215944584444e-05, -0.019940491636432165]
[0.0048905970771845426, -0.046447240199950106, -0.07820823876326842, 1.4955092457685955, 1.4551707187594642, 1.4000881088187727, 1.4544331840116109, 1.4012485712809462, 1.4984557239945844, 1, 1, 0.2579896514194203, 0.1868762273724549, 1, 0.7155515111553302, 0.018490251405103186, 4.3558215944584444e-05, -0.019940491636432165]
[0.0048905970771845426, -0.046447240199950106, -0.07820823876326842, 1.4955092457685955, 1.4551707187594642, 1.4000881088187727, 1.4544331840116109, 1.4012485712809462, 1.4984557239945844, 1, 1, 0.2579896514194203, 0.1868762273724549, 1, 0.7155515111553302, 0.018490251405103186, 4.3558215944584444e-05, -0.019940491636432165]
[0.0048905970771845426, -0.046447240199950106, -0.078790761963421857, 1.4955092457685955, 1.4551707187594642, 1.4000881088187727, 1.465829261108978, 1.4012485712809462, 1.4984557239945844, 1, 1, 0.2579896514194203, 0.1868762273724549, 1, 0.7155515111553302, 0.018490251405103186, 4.3558215944584444e-05, -0.020660215325674657]
[0.0035930910661227181, -0.048774514367699556, -0.078790761963421857, 1.4955092457685955, 1.4228680832609624, 1.4000881088187727, 1.465829261108978, 1.4012485712809462, 1.4984557239945844, 1, 1, 0.2579896514194203, 0.1868762273724549, 1, 0.7155515111553302, 0.018535771060339809, 4.3558215944584444e-05, -0.019940491636432165]
[0.005463546736096503, -0.046447240199950106, -0.07820823876326842, 1.4995462350737949, 1.4392263571165744, 1.4000881088187727, 1.465829261108978, 1.4012485712809462, 1.5055250051923534, 1, 1, 0.2579896514194203, 0.1868762273724549, 1, 0.7155515111553302, 0.01647043623371813, 4.3558215944584444e-05, -0.019940491636432165]
[0.0048905970771845426, -0.046447240199950106, -0.07820823876326842, 1.4955092457685955, 1.4551707187594642, 1.4000881088187727, 1.4544331840116109, 1.4012485712809462, 1.4984557239945844, 1, 1, 0.2579896514194203, 0.1868762273724549, 1, 0.7155515111553302, 0.018490251405103186, 4.3558215944584444e-05, -0.019940491636432165]
[0.0073059058834241321, -0.046447240199950106, -0.07820823876326842, 1.4955092457685955, 1.4551707187594642, 1.4001874939216556, 1.465829261108978, 1.4012485712809462, 1.4984557239945844, 1, 1, 0.2579896514194203, 0.1868762273724549, 1, 0.7155515111553302, 0.018490251405103186, 4.3558215944584444e-05, -0.020660215325674657]
[0.005463546736096503, -0.049826706265982373, -0.078020866951206677, 1.4995462350737949, 1.4392263571165744, 1.4001874939216556, 1.465829261108978, 1.4012485712809462, 1.4984557239945844, 1, 1, 0.2579896514194203, 0.1868762273724549, 1, 0.7155515111553302, 0.018490251405103186, 4.3558215944584444e-05, -0.019940491636432165]
[0.005463546736096503, -0.048874387950911334, -0.07820823876326842, 1.4955092457685955, 1.4228680832609624, 1.4, 1.4544331840116109, 1.4, 1.5055250051923534, 1, 1, 0.2579896514194203, 0.1868762273724549, 1, 0.7155515111553302, 0.01647043623371813, 4.3558215944584444e-05, -0.019940491636432165]
[0.0035930910661227181, -0.046447240199950106, -0.07820823876326842, 1.49278361643633, 1.4228680832609624, 1.4000881088187727, 1.4544331840116109, 1.4, 1.4984557239945844, 1, 1, 0.2579896514194203, 0.1868762273724549, 1, 0.7155515111553302, 0.016904748082958044, 4.3558215944584444e-05, -0.019940491636432165]
