Score=0.0652373756272
[0.030892096291495742, -0.071470960288457883, 0.0018292541260417508, 1.5596585972024419, 1.5107863243237065, 1.4516361229511965, 1.5246660444435614, 1.5223007875315329, 1.5046642307993028, 0.6090298333441414, 1, 0.34816486861520546, 1, 0.09235435227068922, 0.18658673277070936]

Score=0.0177666689039
[0.03164509731902751, -0.071470960288457883, 0.0018292541260417508, 1.5596585972024419, 1.5392333580275561, 1.4516361229511965, 1.5333015750988603, 1.5223007875315329, 1.5046642307993028, 0.6090298333441414, 1, 0.34816486861520546, 1, 0.09235435227068922, 0.18658673277070936]

Score=0.0128524928759
[0.03164509731902751, -0.071470960288457883, 0.0018292541260417508, 1.5596585972024419, 1.5401604173084569, 1.4668331291067873, 1.5246660444435614, 1.5223007875315329, 1.5046642307993028, 0.6090298333441414, 1, 0.34816486861520546, 1, 0.09235435227068922, 0.18658673277070936]

Score=0.102018519205
[0.03164509731902751, -0.071470960288457883, 0.0018292541260417508, 1.5596585972024419, 1.5392333580275561, 1.4668331291067873, 1.5246660444435614, 1.5223007875315329, 1.5046642307993028, 0.6090298333441414, 1, 0.34816486861520546, 1, 0.09235435227068922, 0.18658673277070936]

Score=0.0645306910591
[0.032228819953678073, -0.071470960288457883, 0.0018292541260417508, 1.5596585972024419, 1.5392333580275561, 1.4668331291067873, 1.5333015750988603, 1.5227081522526285, 1.5046642307993028, 0.6090298333441414, 1, 0.34816486861520546, 1, 0.09235435227068922, 0.18658673277070936]

Score=0.014087784799
[0.032228819953678073, -0.071470960288457883, 0.0018292541260417508, 1.5596585972024419, 1.5392333580275561, 1.4668331291067873, 1.5333015750988603, 1.5223007875315329, 1.5046642307993028, 0.6090298333441414, 1, 0.34816486861520546, 1, 0.09235435227068922, 0.18658673277070936]

Score=0.204129035301
[0.032228819953678073, -0.071470960288457883, 0.0018292541260417508, 1.5596585972024419, 1.5401604173084569, 1.4668331291067873, 1.5333015750988603, 1.5223007875315329, 1.5046642307993028, 0.6090298333441414, 1, 0.34816486861520546, 1, 0.09235435227068922, 0.18658673277070936]

Score=0.0545705197287
[0.032228819953678073, -0.071470960288457883, 0.0018292541260417508, 1.5596585972024419, 1.5392333580275561, 1.4668331291067873, 1.5333015750988603, 1.5029247993275865, 1.5046642307993028, 0.6090298333441414, 1, 0.34816486861520546, 1, 0.09235435227068922, 0.18658673277070936]

Score=0.0156144256603
[0.032228819953678073, -0.071658627975468833, 0.0032396835276969895, 1.5432787292059651, 1.5392333580275561, 1.4668331291067873, 1.5333015750988603, 1.5223007875315329, 1.5046642307993028, 0.6090298333441414, 1, 0.34816486861520546, 1, 0.09235435227068922, 0.18658673277070936]

Score=0.113721616519
[0.033713999075406967, -0.071658627975468833, 0.0032396835276969895, 1.5398936196447932, 1.5392333580275561, 1.4564823067388639, 1.5333015750988603, 1.5227081522526285, 1.5046642307993028, 0.6090298333441414, 1, 0.34816486861520546, 1, 0.09235435227068922, 0.18658673277070936]

Score=0.0663482798216
[0.032228819953678073, -0.071470960288457883, 0.0018292541260417508, 1.5596585972024419, 1.5392333580275561, 1.4668331291067873, 1.5333015750988603, 1.5223007875315329, 1.5046642307993028, 0.6090298333441414, 1, 0.34816486861520546, 1, 0.09235435227068922, 0.18658673277070936]

Score=0.0608737128073
[0.032458630543332243, -0.071658627975468833, 0.0032396835276969895, 1.5398936196447932, 1.5213772971017077, 1.4564823067388639, 1.5246660444435614, 1.5223007875315329, 1.5046642307993028, 0.6090298333441414, 1, 0.34816486861520546, 1, 0.09235435227068922, 0.18658673277070936]

Score=0.170028882627
[0.032458630543332243, -0.071658627975468833, 0.0032396835276969895, 1.5432787292059651, 1.5392333580275561, 1.4668331291067873, 1.5333015750988603, 1.5223007875315329, 1.5046642307993028, 0.6090298333441414, 1, 0.34816486861520546, 1, 0.09235435227068922, 0.18658673277070936]

Score=0.0206247349454
[0.032458630543332243, -0.071658627975468833, 0.0032396835276969895, 1.5398936196447932, 1.5392333580275561, 1.4564823067388639, 1.5246660444435614, 1.5223007875315329, 1.521042202516407, 0.6090298333441414, 1, 0.34816486861520546, 1, 0.09235435227068922, 0.18658673277070936]

Score=0.0590070885084
[0.032458630543332243, -0.071658627975468833, 0.0032396835276969895, 1.5596585972024419, 1.5392333580275561, 1.4668331291067873, 1.5246660444435614, 1.5223007875315329, 1.5046642307993028, 0.6090298333441414, 1, 0.34816486861520546, 1, 0.09235435227068922, 0.18658673277070936]

Score=0.0691931466727
[0.032458630543332243, -0.071705895548599449, 0.0018292541260417508, 1.5432787292059651, 1.5392333580275561, 1.4668331291067873, 1.5246660444435614, 1.5282904475820505, 1.5243952750617078, 0.6090298333441414, 1, 0.34816486861520546, 1, 0.09235435227068922, 0.18658673277070936]

Score=0.0489048517492
[0.032228819953678073, -0.071658627975468833, 0.0018292541260417508, 1.5642360330437184, 1.5392333580275561, 1.4668331291067873, 1.5246660444435614, 1.5282904475820505, 1.5046642307993028, 0.6090298333441414, 1, 0.34816486861520546, 1, 0.09235435227068922, 0.18658673277070936]

Score=0.0602282256919
[0.032458630543332243, -0.071658627975468833, 0.0037539643854669243, 1.5432787292059651, 1.5392333580275561, 1.4668331291067873, 1.5333015750988603, 1.5223007875315329, 1.5046642307993028, 0.6090298333441414, 1, 0.34816486861520546, 1, 0.09235435227068922, 0.18658673277070936]

Score=0.014567083105
[0.031639452953207893, -0.071626373593355164, 0.0018292541260417508, 1.5642360330437184, 1.5392333580275561, 1.4668331291067873, 1.5246660444435614, 1.5282904475820505, 1.5243952750617078, 0.6090298333441414, 1, 0.34816486861520546, 1, 0.09235435227068922, 0.18658673277070936]

Score=0.118865134783
[0.032458630543332243, -0.071626373593355164, 0.0018292541260417508, 1.5439849438260145, 1.5392333580275561, 1.4668331291067873, 1.5246660444435614, 1.5223007875315329, 1.5046642307993028, 0.6090298333441414, 1, 0.34816486861520546, 1, 0.09235435227068922, 0.18658673277070936]

Score=0.10920726275
[0.032228819953678073, -0.071626373593355164, 0.0018292541260417508, 1.5398936196447932, 1.5392333580275561, 1.4516361229511965, 1.5246660444435614, 1.5223007875315329, 1.5046642307993028, 0.6090298333441414, 1, 0.34816486861520546, 1, 0.09235435227068922, 0.18658673277070936]

Score=0.109013050624
[0.032228819953678073, -0.071626373593355164, 0.0018292541260417508, 1.5596585972024419, 1.5450532321778307, 1.4516361229511965, 1.5246660444435614, 1.5223007875315329, 1.5046642307993028, 0.6090298333441414, 1, 0.34816486861520546, 1, 0.09235435227068922, 0.18658673277070936]

Score=0.108149418611
[0.031639452953207893, -0.071626373593355164, 0.0018292541260417508, 1.5642360330437184, 1.5450532321778307, 1.4516361229511965, 1.5333015750988603, 1.5223007875315329, 1.5046642307993028, 0.6090298333441414, 1, 0.34816486861520546, 1, 0.09235435227068922, 0.18658673277070936]

Score=0.0177584159785
[0.032228819953678073, -0.071626373593355164, 0.0018292541260417508, 1.5596585972024419, 1.5392333580275561, 1.4516361229511965, 1.5246660444435614, 1.5223007875315329, 1.5046642307993028, 0.6090298333441414, 1, 0.34816486861520546, 1, 0.09235435227068922, 0.18658673277070936]

Score=0.016070069538
[0.032228819953678073, -0.071626373593355164, 0.0018292541260417508, 1.5596585972024419, 1.5392333580275561, 1.4516361229511965, 1.5246660444435614, 1.5223007875315329, 1.5046642307993028, 0.6090298333441414, 1, 0.34816486861520546, 1, 0.09235435227068922, 0.18658673277070936]

Score=0.0163441993675
[0.032228819953678073, -0.071626373593355164, 0.0018292541260417508, 1.5596585972024419, 1.5392333580275561, 1.4516361229511965, 1.5246660444435614, 1.5029247993275865, 1.5102474138391573, 0.6090298333441414, 1, 0.34816486861520546, 1, 0.09235435227068922, 0.18658673277070936]

Score=0.0229679877391
[0.03164509731902751, -0.071626373593355164, 0.0018292541260417508, 1.5596585972024419, 1.5392333580275561, 1.4516361229511965, 1.5333015750988603, 1.5223007875315329, 1.5046642307993028, 0.6090298333441414, 1, 0.34816486861520546, 1, 0.09235435227068922, 0.18658673277070936]

Score=0.178254659976
[0.032228819953678073, -0.071626373593355164, 0.0019349931758308248, 1.5596585972024419, 1.5392333580275561, 1.4516361229511965, 1.5246660444435614, 1.5223007875315329, 1.5046642307993028, 0.6090298333441414, 1, 0.34816486861520546, 1, 0.09235435227068922, 0.18658673277070936]

Score=0.102904788549
[0.032228819953678073, -0.071626373593355164, 0.0018292541260417508, 1.5596585972024419, 1.5401604173084569, 1.4516361229511965, 1.5246660444435614, 1.5223007875315329, 1.5046642307993028, 0.6090298333441414, 1, 0.34816486861520546, 1, 0.09235435227068922, 0.18658673277070936]

Score=0.0155039494115
[0.03164509731902751, -0.071470960288457883, 0.0018292541260417508, 1.5596585972024419, 1.5392333580275561, 1.4516361229511965, 1.5333015750988603, 1.5029247993275865, 1.5046642307993028, 0.6090298333441414, 1, 0.34816486861520546, 1, 0.09235435227068922, 0.18658673277070936]




Final Population
[0.030892096291495742, -0.071470960288457883, 0.0018292541260417508, 1.5596585972024419, 1.5107863243237065, 1.4516361229511965, 1.5246660444435614, 1.5223007875315329, 1.5046642307993028, 0.6090298333441414, 1, 0.34816486861520546, 1, 0.09235435227068922, 0.18658673277070936]
[0.03164509731902751, -0.071470960288457883, 0.0018292541260417508, 1.5596585972024419, 1.5392333580275561, 1.4516361229511965, 1.5333015750988603, 1.5223007875315329, 1.5046642307993028, 0.6090298333441414, 1, 0.34816486861520546, 1, 0.09235435227068922, 0.18658673277070936]
[0.03164509731902751, -0.071470960288457883, 0.0018292541260417508, 1.5596585972024419, 1.5401604173084569, 1.4668331291067873, 1.5246660444435614, 1.5223007875315329, 1.5046642307993028, 0.6090298333441414, 1, 0.34816486861520546, 1, 0.09235435227068922, 0.18658673277070936]
[0.03164509731902751, -0.071470960288457883, 0.0018292541260417508, 1.5596585972024419, 1.5392333580275561, 1.4668331291067873, 1.5246660444435614, 1.5223007875315329, 1.5046642307993028, 0.6090298333441414, 1, 0.34816486861520546, 1, 0.09235435227068922, 0.18658673277070936]
[0.032228819953678073, -0.071470960288457883, 0.0018292541260417508, 1.5596585972024419, 1.5392333580275561, 1.4668331291067873, 1.5333015750988603, 1.5227081522526285, 1.5046642307993028, 0.6090298333441414, 1, 0.34816486861520546, 1, 0.09235435227068922, 0.18658673277070936]
[0.032228819953678073, -0.071470960288457883, 0.0018292541260417508, 1.5596585972024419, 1.5392333580275561, 1.4668331291067873, 1.5333015750988603, 1.5223007875315329, 1.5046642307993028, 0.6090298333441414, 1, 0.34816486861520546, 1, 0.09235435227068922, 0.18658673277070936]
[0.032228819953678073, -0.071470960288457883, 0.0018292541260417508, 1.5596585972024419, 1.5401604173084569, 1.4668331291067873, 1.5333015750988603, 1.5223007875315329, 1.5046642307993028, 0.6090298333441414, 1, 0.34816486861520546, 1, 0.09235435227068922, 0.18658673277070936]
[0.032228819953678073, -0.071470960288457883, 0.0018292541260417508, 1.5596585972024419, 1.5392333580275561, 1.4668331291067873, 1.5333015750988603, 1.5029247993275865, 1.5046642307993028, 0.6090298333441414, 1, 0.34816486861520546, 1, 0.09235435227068922, 0.18658673277070936]
[0.032228819953678073, -0.071658627975468833, 0.0032396835276969895, 1.5432787292059651, 1.5392333580275561, 1.4668331291067873, 1.5333015750988603, 1.5223007875315329, 1.5046642307993028, 0.6090298333441414, 1, 0.34816486861520546, 1, 0.09235435227068922, 0.18658673277070936]
[0.033713999075406967, -0.071658627975468833, 0.0032396835276969895, 1.5398936196447932, 1.5392333580275561, 1.4564823067388639, 1.5333015750988603, 1.5227081522526285, 1.5046642307993028, 0.6090298333441414, 1, 0.34816486861520546, 1, 0.09235435227068922, 0.18658673277070936]
[0.032228819953678073, -0.071470960288457883, 0.0018292541260417508, 1.5596585972024419, 1.5392333580275561, 1.4668331291067873, 1.5333015750988603, 1.5223007875315329, 1.5046642307993028, 0.6090298333441414, 1, 0.34816486861520546, 1, 0.09235435227068922, 0.18658673277070936]
[0.032458630543332243, -0.071658627975468833, 0.0032396835276969895, 1.5398936196447932, 1.5213772971017077, 1.4564823067388639, 1.5246660444435614, 1.5223007875315329, 1.5046642307993028, 0.6090298333441414, 1, 0.34816486861520546, 1, 0.09235435227068922, 0.18658673277070936]
[0.032458630543332243, -0.071658627975468833, 0.0032396835276969895, 1.5432787292059651, 1.5392333580275561, 1.4668331291067873, 1.5333015750988603, 1.5223007875315329, 1.5046642307993028, 0.6090298333441414, 1, 0.34816486861520546, 1, 0.09235435227068922, 0.18658673277070936]
[0.032458630543332243, -0.071658627975468833, 0.0032396835276969895, 1.5398936196447932, 1.5392333580275561, 1.4564823067388639, 1.5246660444435614, 1.5223007875315329, 1.521042202516407, 0.6090298333441414, 1, 0.34816486861520546, 1, 0.09235435227068922, 0.18658673277070936]
[0.032458630543332243, -0.071658627975468833, 0.0032396835276969895, 1.5596585972024419, 1.5392333580275561, 1.4668331291067873, 1.5246660444435614, 1.5223007875315329, 1.5046642307993028, 0.6090298333441414, 1, 0.34816486861520546, 1, 0.09235435227068922, 0.18658673277070936]
[0.032458630543332243, -0.071705895548599449, 0.0018292541260417508, 1.5432787292059651, 1.5392333580275561, 1.4668331291067873, 1.5246660444435614, 1.5282904475820505, 1.5243952750617078, 0.6090298333441414, 1, 0.34816486861520546, 1, 0.09235435227068922, 0.18658673277070936]
[0.032228819953678073, -0.071658627975468833, 0.0018292541260417508, 1.5642360330437184, 1.5392333580275561, 1.4668331291067873, 1.5246660444435614, 1.5282904475820505, 1.5046642307993028, 0.6090298333441414, 1, 0.34816486861520546, 1, 0.09235435227068922, 0.18658673277070936]
[0.032458630543332243, -0.071658627975468833, 0.0037539643854669243, 1.5432787292059651, 1.5392333580275561, 1.4668331291067873, 1.5333015750988603, 1.5223007875315329, 1.5046642307993028, 0.6090298333441414, 1, 0.34816486861520546, 1, 0.09235435227068922, 0.18658673277070936]
[0.031639452953207893, -0.071626373593355164, 0.0018292541260417508, 1.5642360330437184, 1.5392333580275561, 1.4668331291067873, 1.5246660444435614, 1.5282904475820505, 1.5243952750617078, 0.6090298333441414, 1, 0.34816486861520546, 1, 0.09235435227068922, 0.18658673277070936]
[0.032458630543332243, -0.071626373593355164, 0.0018292541260417508, 1.5439849438260145, 1.5392333580275561, 1.4668331291067873, 1.5246660444435614, 1.5223007875315329, 1.5046642307993028, 0.6090298333441414, 1, 0.34816486861520546, 1, 0.09235435227068922, 0.18658673277070936]
[0.032228819953678073, -0.071626373593355164, 0.0018292541260417508, 1.5398936196447932, 1.5392333580275561, 1.4516361229511965, 1.5246660444435614, 1.5223007875315329, 1.5046642307993028, 0.6090298333441414, 1, 0.34816486861520546, 1, 0.09235435227068922, 0.18658673277070936]
[0.032228819953678073, -0.071626373593355164, 0.0018292541260417508, 1.5596585972024419, 1.5450532321778307, 1.4516361229511965, 1.5246660444435614, 1.5223007875315329, 1.5046642307993028, 0.6090298333441414, 1, 0.34816486861520546, 1, 0.09235435227068922, 0.18658673277070936]
[0.031639452953207893, -0.071626373593355164, 0.0018292541260417508, 1.5642360330437184, 1.5450532321778307, 1.4516361229511965, 1.5333015750988603, 1.5223007875315329, 1.5046642307993028, 0.6090298333441414, 1, 0.34816486861520546, 1, 0.09235435227068922, 0.18658673277070936]
[0.032228819953678073, -0.071626373593355164, 0.0018292541260417508, 1.5596585972024419, 1.5392333580275561, 1.4516361229511965, 1.5246660444435614, 1.5223007875315329, 1.5046642307993028, 0.6090298333441414, 1, 0.34816486861520546, 1, 0.09235435227068922, 0.18658673277070936]
[0.032228819953678073, -0.071626373593355164, 0.0018292541260417508, 1.5596585972024419, 1.5392333580275561, 1.4516361229511965, 1.5246660444435614, 1.5223007875315329, 1.5046642307993028, 0.6090298333441414, 1, 0.34816486861520546, 1, 0.09235435227068922, 0.18658673277070936]
[0.032228819953678073, -0.071626373593355164, 0.0018292541260417508, 1.5596585972024419, 1.5392333580275561, 1.4516361229511965, 1.5246660444435614, 1.5029247993275865, 1.5102474138391573, 0.6090298333441414, 1, 0.34816486861520546, 1, 0.09235435227068922, 0.18658673277070936]
[0.03164509731902751, -0.071626373593355164, 0.0018292541260417508, 1.5596585972024419, 1.5392333580275561, 1.4516361229511965, 1.5333015750988603, 1.5223007875315329, 1.5046642307993028, 0.6090298333441414, 1, 0.34816486861520546, 1, 0.09235435227068922, 0.18658673277070936]
[0.032228819953678073, -0.071626373593355164, 0.0019349931758308248, 1.5596585972024419, 1.5392333580275561, 1.4516361229511965, 1.5246660444435614, 1.5223007875315329, 1.5046642307993028, 0.6090298333441414, 1, 0.34816486861520546, 1, 0.09235435227068922, 0.18658673277070936]
[0.032228819953678073, -0.071626373593355164, 0.0018292541260417508, 1.5596585972024419, 1.5401604173084569, 1.4516361229511965, 1.5246660444435614, 1.5223007875315329, 1.5046642307993028, 0.6090298333441414, 1, 0.34816486861520546, 1, 0.09235435227068922, 0.18658673277070936]
[0.03164509731902751, -0.071470960288457883, 0.0018292541260417508, 1.5596585972024419, 1.5392333580275561, 1.4516361229511965, 1.5333015750988603, 1.5029247993275865, 1.5046642307993028, 0.6090298333441414, 1, 0.34816486861520546, 1, 0.09235435227068922, 0.18658673277070936]
