Score=0.073921964238
[0.0031741661119363161, -0.059206806428269185, -0.027339528765743238, 1.4820265454763535, 1.5714668743326614, 1.6, 1.4628654496917459, 1.5598488963182005, 1.5641196770436465, 0.161049434084093, 0.2867723216814766, 1, 0.6002590539670197, 0.8590973273971942, 0.152791574506828]

Score=0.169539079411
[0.0031741661119363161, -0.06216370552654868, -0.027339528765743238, 1.4820265454763535, 1.5714668743326614, 1.5804577674202085, 1.4628654496917459, 1.5598488963182005, 1.5423241493231461, 0.161049434084093, 0.2867723216814766, 1, 0.6002590539670197, 0.8590973273971942, 0.152791574506828]

Score=0.129481360367
[0.0031741661119363161, -0.059206806428269185, -0.027339528765743238, 1.4820265454763535, 1.5714668743326614, 1.6, 1.4572558208100179, 1.5552111117381429, 1.5641196770436465, 0.161049434084093, 0.2867723216814766, 1, 0.6002590539670197, 0.8590973273971942, 0.152791574506828]

Score=0.131897168742
[0.0031741661119363161, -0.059206806428269185, -0.027339528765743238, 1.4820265454763535, 1.5724139405364144, 1.6, 1.4628654496917459, 1.5598488963182005, 1.5641196770436465, 0.161049434084093, 0.2867723216814766, 1, 0.6002590539670197, 0.8590973273971942, 0.152791574506828]

Score=0.138379039014
[0.0031741661119363161, -0.059206806428269185, -0.027339528765743238, 1.4820265454763535, 1.5714668743326614, 1.6, 1.4572558208100179, 1.5598488963182005, 1.5641196770436465, 0.161049434084093, 0.2867723216814766, 1, 0.6002590539670197, 0.8590973273971942, 0.152791574506828]

Score=0.0698038997889
[0.0031741661119363161, -0.06216370552654868, -0.02723442454677721, 1.4820265454763535, 1.5714668743326614, 1.5980853476104513, 1.4572558208100179, 1.5437209334697732, 1.5641196770436465, 0.161049434084093, 0.2867723216814766, 1, 0.6002590539670197, 0.8590973273971942, 0.152791574506828]

Score=0.0783657953971
[0.0031741661119363161, -0.06216370552654868, -0.02723442454677721, 1.4820265454763535, 1.5714668743326614, 1.5804577674202085, 1.4628654496917459, 1.5437209334697732, 1.5423241493231461, 0.161049434084093, 0.2867723216814766, 1, 0.6002590539670197, 0.8590973273971942, 0.152791574506828]

Score=0.159047795083
[0.0031741661119363161, -0.06216370552654868, -0.027339528765743238, 1.4820265454763535, 1.5714668743326614, 1.5980853476104513, 1.4572558208100179, 1.5552111117381429, 1.5641196770436465, 0.161049434084093, 0.2867723216814766, 0.910828122563901, 0.6002590539670197, 0.8590973273971942, 0.152791574506828]

Score=0.109431423439
[0.0031741661119363161, -0.06216370552654868, -0.027339528765743238, 1.4820265454763535, 1.5714668743326614, 1.5804577674202085, 1.4572558208100179, 1.5437209334697732, 1.5641196770436465, 0.161049434084093, 0.2867723216814766, 1, 0.6002590539670197, 0.8590973273971942, 0.152791574506828]

Score=0.0917472142216
[0.0031741661119363161, -0.06216370552654868, -0.027339528765743238, 1.4820265454763535, 1.5714668743326614, 1.5804577674202085, 1.4572558208100179, 1.5437209334697732, 1.5641196770436465, 0.161049434084093, 0.2867723216814766, 1, 0.6002590539670197, 0.8590973273971942, 0.152791574506828]

Score=0.10854422977
[0.0052019107945914678, -0.06216370552654868, -0.02723442454677721, 1.4820265454763535, 1.5714668743326614, 1.5980853476104513, 1.4572558208100179, 1.5437209334697732, 1.5641196770436465, 0.161049434084093, 0.2867723216814766, 1, 0.6002590539670197, 0.8590973273971942, 0.152791574506828]

Score=0.40496145317
[0.0031741661119363161, -0.053942021277517668, -0.027339528765743238, 1.4820265454763535, 1.5825728380186106, 1.5980853476104513, 1.4572558208100179, 1.5437209334697732, 1.5641196770436465, 0.161049434084093, 0.2867723216814766, 1, 0.6002590539670197, 0.8590973273971942, 1]

Score=0.0840008155087
[0.0031741661119363161, -0.06216370552654868, -0.027339528765743238, 1.4820265454763535, 1.5756398969487431, 1.5804577674202085, 1.4572558208100179, 1.5437209334697732, 1.5423241493231461, 0.161049434084093, 0.2867723216814766, 1, 0.6002590539670197, 0.8590973273971942, 0.152791574506828]

Score=0.236396579781
[0.0031741661119363161, -0.06216370552654868, -0.025941171856875576, 1.4820265454763535, 1.5756398969487431, 1.5980853476104513, 1.4572558208100179, 1.5598488963182005, 1.5641196770436465, 0.161049434084093, 0.2867723216814766, 1, 1, 0.8590973273971942, 0.152791574506828]

Score=0.0695424100789
[0.0031741661119363161, -0.06216370552654868, -0.027339528765743238, 1.4820265454763535, 1.5756398969487431, 1.5980853476104513, 1.4621323143652443, 1.5598488963182005, 1.5423241493231461, 0.161049434084093, 0.2867723216814766, 1, 0.6002590539670197, 0.8590973273971942, 0.152791574506828]

Score=0.229794786527
[0.0031741661119363161, -0.06216370552654868, -0.025941171856875576, 1.4820265454763535, 1.5756398969487431, 1.6, 1.4572558208100179, 1.5598488963182005, 1.5423241493231461, 0.161049434084093, 0.2867723216814766, 1, 0.6002590539670197, 0.8590973273971942, 0.152791574506828]

Score=0.0417335203717
[0.0031741661119363161, -0.06216370552654868, -0.027339528765743238, 1.4820265454763535, 1.5756398969487431, 1.5980853476104513, 1.4572558208100179, 1.5437209334697732, 1.5641196770436465, 0.161049434084093, 0.2867723216814766, 1, 1, 0.8590973273971942, 0.152791574506828]

Score=0.133980188747
[0.0031741661119363161, -0.06216370552654868, -0.027339528765743238, 1.4820265454763535, 1.5756398969487431, 1.5980853476104513, 1.4572558208100179, 1.5598488963182005, 1.5641196770436465, 0.161049434084093, 0.2867723216814766, 1, 0.6002590539670197, 0.8590973273971942, 0.152791574506828]

Score=0.0453297386629
[0.0031741661119363161, -0.06216370552654868, -0.027339528765743238, 1.4820265454763535, 1.5756398969487431, 1.5980853476104513, 1.4572558208100179, 1.5598488963182005, 1.5641196770436465, 0.161049434084093, 0.2867723216814766, 1, 1, 0.8590973273971942, 0.152791574506828]

Score=0.164740302335
[0.0031741661119363161, -0.055733440681103218, -0.02723442454677721, 1.4820265454763535, 1.5748211420769007, 1.5980853476104513, 1.4572558208100179, 1.5437209334697732, 1.5641196770436465, 0.161049434084093, 0.2867723216814766, 1, 0.6002590539670197, 0.8590973273971942, 0.152791574506828]

Score=0.0972490866095
[0.0031741661119363161, -0.06216370552654868, -0.027339528765743238, 1.4820265454763535, 1.5748211420769007, 1.5980853476104513, 1.4572558208100179, 1.5598488963182005, 1.5641196770436465, 0.161049434084093, 0.2867723216814766, 1, 1, 0.8590973273971942, 0.152791574506828]

Score=0.189979301719
[0.0031741661119363161, -0.06216370552654868, -0.027339528765743238, 1.4820265454763535, 1.5756398969487431, 1.5804577674202085, 1.4572558208100179, 1.5598488963182005, 1.5641196770436465, 0.161049434084093, 0.2867723216814766, 1, 0.6002590539670197, 0.8590973273971942, 0.152791574506828]

Score=0.0926119703376
[0.0031741661119363161, -0.055733440681103218, -0.027339528765743238, 1.4820265454763535, 1.5714668743326614, 1.5804577674202085, 1.4572558208100179, 1.5437209334697732, 1.5641196770436465, 0.161049434084093, 0.2867723216814766, 1, 0.6002590539670197, 0.8590973273971942, 0.152791574506828]

Score=0.0913336734233
[0.0031741661119363161, -0.06216370552654868, -0.027339528765743238, 1.4820265454763535, 1.5714668743326614, 1.5804577674202085, 1.4572558208100179, 1.5598488963182005, 1.564641146004244, 0.161049434084093, 0.2867723216814766, 1, 0.6002590539670197, 0.8590973273971942, 0.152791574506828]

Score=0.135485008796
[0.0031741661119363161, -0.055733440681103218, -0.027339528765743238, 1.4820265454763535, 1.5714668743326614, 1.5804577674202085, 1.4572558208100179, 1.5598488963182005, 1.5641196770436465, 0.161049434084093, 0.2867723216814766, 1, 0.6002590539670197, 0.8590973273971942, 0.152791574506828]

Score=0.075522508939
[0.0031741661119363161, -0.055733440681103218, -0.027339528765743238, 1.4820265454763535, 1.5714668743326614, 1.5804577674202085, 1.4572558208100179, 1.5598488963182005, 1.5641196770436465, 0.161049434084093, 0.2867723216814766, 1, 0.6002590539670197, 0.8590973273971942, 0.152791574506828]

Score=0.21300647622
[0.0031741661119363161, -0.06216370552654868, -0.027339528765743238, 1.4820265454763535, 1.5714668743326614, 1.5804577674202085, 1.4507225638534764, 1.5598488963182005, 1.5641196770436465, 0.161049434084093, 0.2867723216814766, 1, 0.6002590539670197, 0.8590973273971942, 0.152791574506828]

Score=0.0940423427096
[0.0031741661119363161, -0.055733440681103218, -0.027339528765743238, 1.4820265454763535, 1.5714668743326614, 1.5804577674202085, 1.4572558208100179, 1.5598488963182005, 1.5641196770436465, 0.161049434084093, 0.2867723216814766, 1, 0.6002590539670197, 0.8590973273971942, 0.152791574506828]

Score=0.0711307523128
[0.0031741661119363161, -0.055733440681103218, -0.027339528765743238, 1.4820265454763535, 1.5714668743326614, 1.5804577674202085, 1.4572558208100179, 1.5598488963182005, 1.5641196770436465, 0.161049434084093, 0.2867723216814766, 1, 0.6002590539670197, 0.8590973273971942, 0.152791574506828]

Score=0.156783382098
[0.0031741661119363161, -0.059206806428269185, -0.027339528765743238, 1.4820265454763535, 1.5714668743326614, 1.5804577674202085, 1.4572558208100179, 1.5598488963182005, 1.5641196770436465, 0.161049434084093, 0.2867723216814766, 1, 0.6002590539670197, 0.8590973273971942, 0.152791574506828]




Final Population
[0.0031741661119363161, -0.059206806428269185, -0.027339528765743238, 1.4820265454763535, 1.5714668743326614, 1.6, 1.4628654496917459, 1.5598488963182005, 1.5641196770436465, 0.161049434084093, 0.2867723216814766, 1, 0.6002590539670197, 0.8590973273971942, 0.152791574506828]
[0.0031741661119363161, -0.06216370552654868, -0.027339528765743238, 1.4820265454763535, 1.5714668743326614, 1.5804577674202085, 1.4628654496917459, 1.5598488963182005, 1.5423241493231461, 0.161049434084093, 0.2867723216814766, 1, 0.6002590539670197, 0.8590973273971942, 0.152791574506828]
[0.0031741661119363161, -0.059206806428269185, -0.027339528765743238, 1.4820265454763535, 1.5714668743326614, 1.6, 1.4572558208100179, 1.5552111117381429, 1.5641196770436465, 0.161049434084093, 0.2867723216814766, 1, 0.6002590539670197, 0.8590973273971942, 0.152791574506828]
[0.0031741661119363161, -0.059206806428269185, -0.027339528765743238, 1.4820265454763535, 1.5724139405364144, 1.6, 1.4628654496917459, 1.5598488963182005, 1.5641196770436465, 0.161049434084093, 0.2867723216814766, 1, 0.6002590539670197, 0.8590973273971942, 0.152791574506828]
[0.0031741661119363161, -0.059206806428269185, -0.027339528765743238, 1.4820265454763535, 1.5714668743326614, 1.6, 1.4572558208100179, 1.5598488963182005, 1.5641196770436465, 0.161049434084093, 0.2867723216814766, 1, 0.6002590539670197, 0.8590973273971942, 0.152791574506828]
[0.0031741661119363161, -0.06216370552654868, -0.02723442454677721, 1.4820265454763535, 1.5714668743326614, 1.5980853476104513, 1.4572558208100179, 1.5437209334697732, 1.5641196770436465, 0.161049434084093, 0.2867723216814766, 1, 0.6002590539670197, 0.8590973273971942, 0.152791574506828]
[0.0031741661119363161, -0.06216370552654868, -0.02723442454677721, 1.4820265454763535, 1.5714668743326614, 1.5804577674202085, 1.4628654496917459, 1.5437209334697732, 1.5423241493231461, 0.161049434084093, 0.2867723216814766, 1, 0.6002590539670197, 0.8590973273971942, 0.152791574506828]
[0.0031741661119363161, -0.06216370552654868, -0.027339528765743238, 1.4820265454763535, 1.5714668743326614, 1.5980853476104513, 1.4572558208100179, 1.5552111117381429, 1.5641196770436465, 0.161049434084093, 0.2867723216814766, 0.910828122563901, 0.6002590539670197, 0.8590973273971942, 0.152791574506828]
[0.0031741661119363161, -0.06216370552654868, -0.027339528765743238, 1.4820265454763535, 1.5714668743326614, 1.5804577674202085, 1.4572558208100179, 1.5437209334697732, 1.5641196770436465, 0.161049434084093, 0.2867723216814766, 1, 0.6002590539670197, 0.8590973273971942, 0.152791574506828]
[0.0031741661119363161, -0.06216370552654868, -0.027339528765743238, 1.4820265454763535, 1.5714668743326614, 1.5804577674202085, 1.4572558208100179, 1.5437209334697732, 1.5641196770436465, 0.161049434084093, 0.2867723216814766, 1, 0.6002590539670197, 0.8590973273971942, 0.152791574506828]
[0.0052019107945914678, -0.06216370552654868, -0.02723442454677721, 1.4820265454763535, 1.5714668743326614, 1.5980853476104513, 1.4572558208100179, 1.5437209334697732, 1.5641196770436465, 0.161049434084093, 0.2867723216814766, 1, 0.6002590539670197, 0.8590973273971942, 0.152791574506828]
[0.0031741661119363161, -0.053942021277517668, -0.027339528765743238, 1.4820265454763535, 1.5825728380186106, 1.5980853476104513, 1.4572558208100179, 1.5437209334697732, 1.5641196770436465, 0.161049434084093, 0.2867723216814766, 1, 0.6002590539670197, 0.8590973273971942, 1]
[0.0031741661119363161, -0.06216370552654868, -0.027339528765743238, 1.4820265454763535, 1.5756398969487431, 1.5804577674202085, 1.4572558208100179, 1.5437209334697732, 1.5423241493231461, 0.161049434084093, 0.2867723216814766, 1, 0.6002590539670197, 0.8590973273971942, 0.152791574506828]
[0.0031741661119363161, -0.06216370552654868, -0.025941171856875576, 1.4820265454763535, 1.5756398969487431, 1.5980853476104513, 1.4572558208100179, 1.5598488963182005, 1.5641196770436465, 0.161049434084093, 0.2867723216814766, 1, 1, 0.8590973273971942, 0.152791574506828]
[0.0031741661119363161, -0.06216370552654868, -0.027339528765743238, 1.4820265454763535, 1.5756398969487431, 1.5980853476104513, 1.4621323143652443, 1.5598488963182005, 1.5423241493231461, 0.161049434084093, 0.2867723216814766, 1, 0.6002590539670197, 0.8590973273971942, 0.152791574506828]
[0.0031741661119363161, -0.06216370552654868, -0.025941171856875576, 1.4820265454763535, 1.5756398969487431, 1.6, 1.4572558208100179, 1.5598488963182005, 1.5423241493231461, 0.161049434084093, 0.2867723216814766, 1, 0.6002590539670197, 0.8590973273971942, 0.152791574506828]
[0.0031741661119363161, -0.06216370552654868, -0.027339528765743238, 1.4820265454763535, 1.5756398969487431, 1.5980853476104513, 1.4572558208100179, 1.5437209334697732, 1.5641196770436465, 0.161049434084093, 0.2867723216814766, 1, 1, 0.8590973273971942, 0.152791574506828]
[0.0031741661119363161, -0.06216370552654868, -0.027339528765743238, 1.4820265454763535, 1.5756398969487431, 1.5980853476104513, 1.4572558208100179, 1.5598488963182005, 1.5641196770436465, 0.161049434084093, 0.2867723216814766, 1, 0.6002590539670197, 0.8590973273971942, 0.152791574506828]
[0.0031741661119363161, -0.06216370552654868, -0.027339528765743238, 1.4820265454763535, 1.5756398969487431, 1.5980853476104513, 1.4572558208100179, 1.5598488963182005, 1.5641196770436465, 0.161049434084093, 0.2867723216814766, 1, 1, 0.8590973273971942, 0.152791574506828]
[0.0031741661119363161, -0.055733440681103218, -0.02723442454677721, 1.4820265454763535, 1.5748211420769007, 1.5980853476104513, 1.4572558208100179, 1.5437209334697732, 1.5641196770436465, 0.161049434084093, 0.2867723216814766, 1, 0.6002590539670197, 0.8590973273971942, 0.152791574506828]
[0.0031741661119363161, -0.06216370552654868, -0.027339528765743238, 1.4820265454763535, 1.5748211420769007, 1.5980853476104513, 1.4572558208100179, 1.5598488963182005, 1.5641196770436465, 0.161049434084093, 0.2867723216814766, 1, 1, 0.8590973273971942, 0.152791574506828]
[0.0031741661119363161, -0.06216370552654868, -0.027339528765743238, 1.4820265454763535, 1.5756398969487431, 1.5804577674202085, 1.4572558208100179, 1.5598488963182005, 1.5641196770436465, 0.161049434084093, 0.2867723216814766, 1, 0.6002590539670197, 0.8590973273971942, 0.152791574506828]
[0.0031741661119363161, -0.055733440681103218, -0.027339528765743238, 1.4820265454763535, 1.5714668743326614, 1.5804577674202085, 1.4572558208100179, 1.5437209334697732, 1.5641196770436465, 0.161049434084093, 0.2867723216814766, 1, 0.6002590539670197, 0.8590973273971942, 0.152791574506828]
[0.0031741661119363161, -0.06216370552654868, -0.027339528765743238, 1.4820265454763535, 1.5714668743326614, 1.5804577674202085, 1.4572558208100179, 1.5598488963182005, 1.564641146004244, 0.161049434084093, 0.2867723216814766, 1, 0.6002590539670197, 0.8590973273971942, 0.152791574506828]
[0.0031741661119363161, -0.055733440681103218, -0.027339528765743238, 1.4820265454763535, 1.5714668743326614, 1.5804577674202085, 1.4572558208100179, 1.5598488963182005, 1.5641196770436465, 0.161049434084093, 0.2867723216814766, 1, 0.6002590539670197, 0.8590973273971942, 0.152791574506828]
[0.0031741661119363161, -0.055733440681103218, -0.027339528765743238, 1.4820265454763535, 1.5714668743326614, 1.5804577674202085, 1.4572558208100179, 1.5598488963182005, 1.5641196770436465, 0.161049434084093, 0.2867723216814766, 1, 0.6002590539670197, 0.8590973273971942, 0.152791574506828]
[0.0031741661119363161, -0.06216370552654868, -0.027339528765743238, 1.4820265454763535, 1.5714668743326614, 1.5804577674202085, 1.4507225638534764, 1.5598488963182005, 1.5641196770436465, 0.161049434084093, 0.2867723216814766, 1, 0.6002590539670197, 0.8590973273971942, 0.152791574506828]
[0.0031741661119363161, -0.055733440681103218, -0.027339528765743238, 1.4820265454763535, 1.5714668743326614, 1.5804577674202085, 1.4572558208100179, 1.5598488963182005, 1.5641196770436465, 0.161049434084093, 0.2867723216814766, 1, 0.6002590539670197, 0.8590973273971942, 0.152791574506828]
[0.0031741661119363161, -0.055733440681103218, -0.027339528765743238, 1.4820265454763535, 1.5714668743326614, 1.5804577674202085, 1.4572558208100179, 1.5598488963182005, 1.5641196770436465, 0.161049434084093, 0.2867723216814766, 1, 0.6002590539670197, 0.8590973273971942, 0.152791574506828]
[0.0031741661119363161, -0.059206806428269185, -0.027339528765743238, 1.4820265454763535, 1.5714668743326614, 1.5804577674202085, 1.4572558208100179, 1.5598488963182005, 1.5641196770436465, 0.161049434084093, 0.2867723216814766, 1, 0.6002590539670197, 0.8590973273971942, 0.152791574506828]
