Score=0.888591264013
alpha=[0.07219304228491538, -0.07197536679411985, -0.013444000667569955]
beta=[1.5619422517732224, 1.5287782127679348, 1.6, 1.4070114051553197, 1.5816729116891357, 1.4]
gamma=[0.8204346131400578, 1, 1, 1, 0.35573438030526583, 0.3557523518379714]
delta=[0.027501186196816463, 0.061554693726693865, 0.03704504784364674]

Score=0.801562978419
alpha=[0.07219304228491538, -0.07197536679411985, -0.013444000667569955]
beta=[1.5619422517732224, 1.5287782127679348, 1.6, 1.4070114051553197, 1.5816729116891357, 1.4]
gamma=[0.8204346131400578, 1, 1, 1, 0.35573438030526583, 0.3557523518379714]
delta=[0.0989772381340619, 0.0020746233475206766, 0.0356188022289299]

Score=0.895816023414
alpha=[0.07219304228491538, -0.07197536679411985, -0.013444000667569955]
beta=[1.5619422517732224, 1.5287782127679348, 1.6, 1.4070114051553197, 1.5816729116891357, 1.4]
gamma=[0.8204346131400578, 1, 1, 1, 0.35573438030526583, 0.3557523518379714]
delta=[0.027501186196816463, 0.061554693726693865, 0.03704504784364674]

Score=0.826721613434
alpha=[0.07219304228491538, -0.07197536679411985, -0.013444000667569955]
beta=[1.5619422517732224, 1.5287782127679348, 1.6, 1.4070114051553197, 1.5816729116891357, 1.4]
gamma=[0.8204346131400578, 1, 1, 1, 0.35573438030526583, 0.3557523518379714]
delta=[0.0989772381340619, 0.06142704181226995, 0.03704504784364674]

Score=0.856157920789
alpha=[0.07219304228491538, -0.07197536679411985, -0.013444000667569955]
beta=[1.5619422517732224, 1.5287782127679348, 1.6, 1.4070114051553197, 1.5816729116891357, 1.4]
gamma=[0.8204346131400578, 1, 1, 1, 0.35573438030526583, 0.3557523518379714]
delta=[0.0989772381340619, 0.01079254452113191, 0.03704504784364674]

Score=0.811193713361
alpha=[0.07219304228491538, -0.07197536679411985, -0.013444000667569955]
beta=[1.5619422517732224, 1.5287782127679348, 1.6, 1.4070114051553197, 1.5816729116891357, 1.4]
gamma=[0.8204346131400578, 1, 1, 1, 0.35573438030526583, 0.3557523518379714]
delta=[0.015124993073287253, 0.07690848364996695, 0.08571607350153292]

Score=0.889491218147
alpha=[0.07219304228491538, -0.07197536679411985, -0.013444000667569955]
beta=[1.5619422517732224, 1.5287782127679348, 1.6, 1.4070114051553197, 1.5816729116891357, 1.4]
gamma=[0.8204346131400578, 1, 1, 1, 0.35573438030526583, 0.3557523518379714]
delta=[0.0685218946385221, 0.01079254452113191, 0.029671255729013538]

Score=0.84876294236
alpha=[0.07219304228491538, -0.07197536679411985, -0.013444000667569955]
beta=[1.5619422517732224, 1.5287782127679348, 1.6, 1.4070114051553197, 1.5816729116891357, 1.4]
gamma=[0.8204346131400578, 1, 1, 1, 0.35573438030526583, 0.3557523518379714]
delta=[0.0989772381340619, 0.06681677706131524, 0.0356188022289299]

Score=0.827132955895
alpha=[0.07219304228491538, -0.07197536679411985, -0.013444000667569955]
beta=[1.5619422517732224, 1.5287782127679348, 1.6, 1.4070114051553197, 1.5816729116891357, 1.4]
gamma=[0.8204346131400578, 1, 1, 1, 0.35573438030526583, 0.3557523518379714]
delta=[0.015124993073287253, 0.0020746233475206766, 0.08571607350153292]

Score=0.908554584838
alpha=[0.07219304228491538, -0.07197536679411985, -0.013444000667569955]
beta=[1.5619422517732224, 1.5287782127679348, 1.6, 1.4070114051553197, 1.5816729116891357, 1.4]
gamma=[0.8204346131400578, 1, 1, 1, 0.35573438030526583, 0.3557523518379714]
delta=[0.015124993073287253, 0.0020746233475206766, 0.033281229059220076]

Score=0.804183187799
alpha=[0.07219304228491538, -0.07197536679411985, -0.013444000667569955]
beta=[1.5619422517732224, 1.5287782127679348, 1.6, 1.4070114051553197, 1.5816729116891357, 1.4]
gamma=[0.8204346131400578, 1, 1, 1, 0.35573438030526583, 0.3557523518379714]
delta=[0.015124993073287253, 0.07690848364996695, 0.08571607350153292]

Score=0.88803196071
alpha=[0.07219304228491538, -0.07197536679411985, -0.013444000667569955]
beta=[1.5619422517732224, 1.5287782127679348, 1.6, 1.4070114051553197, 1.5816729116891357, 1.4]
gamma=[0.8204346131400578, 1, 1, 1, 0.35573438030526583, 0.3557523518379714]
delta=[0.015124993073287253, 0.07690848364996695, 0.03704504784364674]

Score=0.887756201072
alpha=[0.07219304228491538, -0.07197536679411985, -0.013444000667569955]
beta=[1.5619422517732224, 1.5287782127679348, 1.6, 1.4070114051553197, 1.5816729116891357, 1.4]
gamma=[0.8204346131400578, 1, 1, 1, 0.35573438030526583, 0.3557523518379714]
delta=[0.015124993073287253, 0.0020746233475206766, 0.03704504784364674]

Score=0.866282510079
alpha=[0.07219304228491538, -0.07197536679411985, -0.013444000667569955]
beta=[1.5619422517732224, 1.5287782127679348, 1.6, 1.4070114051553197, 1.5816729116891357, 1.4]
gamma=[0.8204346131400578, 1, 1, 1, 0.35573438030526583, 0.3557523518379714]
delta=[0.06728058101789512, 0.07690848364996695, 0.03704504784364674]

Score=0.900245640004
alpha=[0.07219304228491538, -0.07197536679411985, -0.013444000667569955]
beta=[1.5619422517732224, 1.5287782127679348, 1.6, 1.4070114051553197, 1.5816729116891357, 1.4]
gamma=[0.8204346131400578, 1, 1, 1, 0.35573438030526583, 0.3557523518379714]
delta=[0.015124993073287253, 0.06681677706131524, 0.03704504784364674]

Score=0.898916140399
alpha=[0.07219304228491538, -0.07197536679411985, -0.013444000667569955]
beta=[1.5619422517732224, 1.5287782127679348, 1.6, 1.4070114051553197, 1.5816729116891357, 1.4]
gamma=[0.8204346131400578, 1, 1, 1, 0.35573438030526583, 0.3557523518379714]
delta=[0.015124993073287253, 0.07690848364996695, 0.03704504784364674]

Score=0.825879729656
alpha=[0.07219304228491538, -0.07197536679411985, -0.013444000667569955]
beta=[1.5619422517732224, 1.5287782127679348, 1.6, 1.4070114051553197, 1.5816729116891357, 1.4]
gamma=[0.8204346131400578, 1, 1, 1, 0.35573438030526583, 0.3557523518379714]
delta=[0.027501186196816463, 0.07690848364996695, 0.088166454671476879]

Score=0.912675955805
alpha=[0.07219304228491538, -0.07197536679411985, -0.013444000667569955]
beta=[1.5619422517732224, 1.5287782127679348, 1.6, 1.4070114051553197, 1.5816729116891357, 1.4]
gamma=[0.8204346131400578, 1, 1, 1, 0.35573438030526583, 0.3557523518379714]
delta=[0.015124993073287253, 0.07690848364996695, 0.03704504784364674]

Score=0.893282610661
alpha=[0.07219304228491538, -0.07197536679411985, -0.013444000667569955]
beta=[1.5619422517732224, 1.5287782127679348, 1.6, 1.4070114051553197, 1.5816729116891357, 1.4]
gamma=[0.8204346131400578, 1, 1, 1, 0.35573438030526583, 0.3557523518379714]
delta=[0.015124993073287253, 0.07690848364996695, 0.03704504784364674]

Score=0.90802766173
alpha=[0.07219304228491538, -0.07197536679411985, -0.013444000667569955]
beta=[1.5619422517732224, 1.5287782127679348, 1.6, 1.4070114051553197, 1.5816729116891357, 1.4]
gamma=[0.8204346131400578, 1, 1, 1, 0.35573438030526583, 0.3557523518379714]
delta=[0.015124993073287253, 0.06681677706131524, 0.03704504784364674]

Score=0.905494188535
alpha=[0.07219304228491538, -0.07197536679411985, -0.013444000667569955]
beta=[1.5619422517732224, 1.5287782127679348, 1.6, 1.4070114051553197, 1.5816729116891357, 1.4]
gamma=[0.8204346131400578, 1, 1, 1, 0.35573438030526583, 0.3557523518379714]
delta=[0.015124993073287253, 0.07690848364996695, 0.03704504784364674]

Score=0.902774109679
alpha=[0.07219304228491538, -0.07197536679411985, -0.013444000667569955]
beta=[1.5619422517732224, 1.5287782127679348, 1.6, 1.4070114051553197, 1.5816729116891357, 1.4]
gamma=[0.8204346131400578, 1, 1, 1, 0.35573438030526583, 0.3557523518379714]
delta=[0.015124993073287253, 0.07690848364996695, 0.03704504784364674]

Score=0.90507715737
alpha=[0.07219304228491538, -0.07197536679411985, -0.013444000667569955]
beta=[1.5619422517732224, 1.5287782127679348, 1.6, 1.4070114051553197, 1.5816729116891357, 1.4]
gamma=[0.8204346131400578, 1, 1, 1, 0.35573438030526583, 0.3557523518379714]
delta=[0.015124993073287253, 0.07690848364996695, 0.03704504784364674]

Score=0.904659104344
alpha=[0.07219304228491538, -0.07197536679411985, -0.013444000667569955]
beta=[1.5619422517732224, 1.5287782127679348, 1.6, 1.4070114051553197, 1.5816729116891357, 1.4]
gamma=[0.8204346131400578, 1, 1, 1, 0.35573438030526583, 0.3557523518379714]
delta=[0.015124993073287253, 0.06681677706131524, 0.03704504784364674]

Score=0.902962495378
alpha=[0.07219304228491538, -0.07197536679411985, -0.013444000667569955]
beta=[1.5619422517732224, 1.5287782127679348, 1.6, 1.4070114051553197, 1.5816729116891357, 1.4]
gamma=[0.8204346131400578, 1, 1, 1, 0.35573438030526583, 0.3557523518379714]
delta=[0.015124993073287253, 0.07690848364996695, 0.03704504784364674]

Score=0.909444511531
alpha=[0.07219304228491538, -0.07197536679411985, -0.013444000667569955]
beta=[1.5619422517732224, 1.5287782127679348, 1.6, 1.4070114051553197, 1.5816729116891357, 1.4]
gamma=[0.8204346131400578, 1, 1, 1, 0.35573438030526583, 0.3557523518379714]
delta=[0.015124993073287253, 0.07690848364996695, 0.03704504784364674]

Score=0.898875294476
alpha=[0.07219304228491538, -0.07197536679411985, -0.013444000667569955]
beta=[1.5619422517732224, 1.5287782127679348, 1.6, 1.4070114051553197, 1.5816729116891357, 1.4]
gamma=[0.8204346131400578, 1, 1, 1, 0.35573438030526583, 0.3557523518379714]
delta=[0.015677931396751676, 0.07690848364996695, 0.03704504784364674]

Score=0.894020398528
alpha=[0.07219304228491538, -0.07197536679411985, -0.013444000667569955]
beta=[1.5619422517732224, 1.5287782127679348, 1.6, 1.4070114051553197, 1.5816729116891357, 1.4]
gamma=[0.8204346131400578, 1, 1, 1, 0.35573438030526583, 0.3557523518379714]
delta=[0.016090897993805347, 0.075153774041735066, 0.03704504784364674]

Score=0.906332774987
alpha=[0.07219304228491538, -0.07197536679411985, -0.013444000667569955]
beta=[1.5619422517732224, 1.5287782127679348, 1.6, 1.4070114051553197, 1.5816729116891357, 1.4]
gamma=[0.8204346131400578, 1, 1, 1, 0.35573438030526583, 0.3557523518379714]
delta=[0.01650294538567873, 0.07690848364996695, 0.03704504784364674]

Score=0.900050317673
alpha=[0.07219304228491538, -0.07197536679411985, -0.013444000667569955]
beta=[1.5619422517732224, 1.5287782127679348, 1.6, 1.4070114051553197, 1.5816729116891357, 1.4]
gamma=[0.8204346131400578, 1, 1, 1, 0.35573438030526583, 0.3557523518379714]
delta=[0.014613995547464427, 0.07690848364996695, 0.03704504784364674]

Score=0.899536265357
alpha=[0.07219304228491538, -0.07197536679411985, -0.013444000667569955]
beta=[1.5619422517732224, 1.5287782127679348, 1.6, 1.4070114051553197, 1.5816729116891357, 1.4]
gamma=[0.8204346131400578, 1, 1, 1, 0.35573438030526583, 0.3557523518379714]
delta=[0.01650294538567873, 0.07690848364996695, 0.03704504784364674]

Score=0.904480266357
alpha=[0.07219304228491538, -0.07197536679411985, -0.013444000667569955]
beta=[1.5619422517732224, 1.5287782127679348, 1.6, 1.4070114051553197, 1.5816729116891357, 1.4]
gamma=[0.8204346131400578, 1, 1, 1, 0.35573438030526583, 0.3557523518379714]
delta=[0.01650294538567873, 0.07690848364996695, 0.03704504784364674]

Score=0.826461666931
alpha=[0.07219304228491538, -0.07197536679411985, -0.013444000667569955]
beta=[1.5619422517732224, 1.5287782127679348, 1.6, 1.4070114051553197, 1.5816729116891357, 1.4]
gamma=[0.8204346131400578, 1, 1, 1, 0.35573438030526583, 0.3557523518379714]
delta=[0.1, 0.066929543098792413, 0.03618007307523953]

Score=0.909208632757
alpha=[0.07219304228491538, -0.07197536679411985, -0.013444000667569955]
beta=[1.5619422517732224, 1.5287782127679348, 1.6, 1.4070114051553197, 1.5816729116891357, 1.4]
gamma=[0.8204346131400578, 1, 1, 1, 0.35573438030526583, 0.3557523518379714]
delta=[0.016090897993805347, 0.075153774041735066, 0.03704504784364674]

Score=0.89818576195
alpha=[0.07219304228491538, -0.07197536679411985, -0.013444000667569955]
beta=[1.5619422517732224, 1.5287782127679348, 1.6, 1.4070114051553197, 1.5816729116891357, 1.4]
gamma=[0.8204346131400578, 1, 1, 1, 0.35573438030526583, 0.3557523518379714]
delta=[0.01650294538567873, 0.07690848364996695, 0.03704504784364674]

Score=0.893623832696
alpha=[0.07219304228491538, -0.07197536679411985, -0.013444000667569955]
beta=[1.5619422517732224, 1.5287782127679348, 1.6, 1.4070114051553197, 1.5816729116891357, 1.4]
gamma=[0.8204346131400578, 1, 1, 1, 0.35573438030526583, 0.3557523518379714]
delta=[0.015124993073287253, 0.07690848364996695, 0.03704504784364674]

Score=0.898451757002
alpha=[0.07219304228491538, -0.07197536679411985, -0.013444000667569955]
beta=[1.5619422517732224, 1.5287782127679348, 1.6, 1.4070114051553197, 1.5816729116891357, 1.4]
gamma=[0.8204346131400578, 1, 1, 1, 0.35573438030526583, 0.3557523518379714]
delta=[0.01650294538567873, 0.07690848364996695, 0.03704504784364674]

Score=0.900503816511
alpha=[0.07219304228491538, -0.07197536679411985, -0.013444000667569955]
beta=[1.5619422517732224, 1.5287782127679348, 1.6, 1.4070114051553197, 1.5816729116891357, 1.4]
gamma=[0.8204346131400578, 1, 1, 1, 0.35573438030526583, 0.3557523518379714]
delta=[0.014613995547464427, 0.076285921604806781, 0.03704504784364674]

Score=0.906652372001
alpha=[0.07219304228491538, -0.07197536679411985, -0.013444000667569955]
beta=[1.5619422517732224, 1.5287782127679348, 1.6, 1.4070114051553197, 1.5816729116891357, 1.4]
gamma=[0.8204346131400578, 1, 1, 1, 0.35573438030526583, 0.3557523518379714]
delta=[0.014613995547464427, 0.07690848364996695, 0.03704504784364674]

Score=0.904215481219
alpha=[0.07219304228491538, -0.07197536679411985, -0.013444000667569955]
beta=[1.5619422517732224, 1.5287782127679348, 1.6, 1.4070114051553197, 1.5816729116891357, 1.4]
gamma=[0.8204346131400578, 1, 1, 1, 0.35573438030526583, 0.3557523518379714]
delta=[0.01650294538567873, 0.07690848364996695, 0.03704504784364674]

Score=0.904554595956
alpha=[0.07219304228491538, -0.07197536679411985, -0.013444000667569955]
beta=[1.5619422517732224, 1.5287782127679348, 1.6, 1.4070114051553197, 1.5816729116891357, 1.4]
gamma=[0.8204346131400578, 1, 1, 1, 0.35573438030526583, 0.3557523518379714]
delta=[0.014613995547464427, 0.07690848364996695, 0.03704504784364674]

Score=0.898005382926
alpha=[0.07219304228491538, -0.07197536679411985, -0.013444000667569955]
beta=[1.5619422517732224, 1.5287782127679348, 1.6, 1.4070114051553197, 1.5816729116891357, 1.4]
gamma=[0.8204346131400578, 1, 1, 1, 0.35573438030526583, 0.3557523518379714]
delta=[0.015124993073287253, 0.07690848364996695, 0.03704504784364674]

Score=0.910427429361
alpha=[0.07219304228491538, -0.07197536679411985, -0.013444000667569955]
beta=[1.5619422517732224, 1.5287782127679348, 1.6, 1.4070114051553197, 1.5816729116891357, 1.4]
gamma=[0.8204346131400578, 1, 1, 1, 0.35573438030526583, 0.3557523518379714]
delta=[0.015124993073287253, 0.07690848364996695, 0.03704504784364674]

Score=0.898321786296
alpha=[0.07219304228491538, -0.07197536679411985, -0.013444000667569955]
beta=[1.5619422517732224, 1.5287782127679348, 1.6, 1.4070114051553197, 1.5816729116891357, 1.4]
gamma=[0.8204346131400578, 1, 1, 1, 0.35573438030526583, 0.3557523518379714]
delta=[0.014613995547464427, 0.07690848364996695, 0.037828051037502482]

Score=0.899936047446
alpha=[0.07219304228491538, -0.07197536679411985, -0.013444000667569955]
beta=[1.5619422517732224, 1.5287782127679348, 1.6, 1.4070114051553197, 1.5816729116891357, 1.4]
gamma=[0.8204346131400578, 1, 1, 1, 0.35573438030526583, 0.3557523518379714]
delta=[0.015124993073287253, 0.07690848364996695, 0.03704504784364674]

Score=0.890614619949
alpha=[0.07219304228491538, -0.07197536679411985, -0.013444000667569955]
beta=[1.5619422517732224, 1.5287782127679348, 1.6, 1.4070114051553197, 1.5816729116891357, 1.4]
gamma=[0.8204346131400578, 1, 1, 1, 0.35573438030526583, 0.3557523518379714]
delta=[0.01650294538567873, 0.07690848364996695, 0.03704504784364674]

Score=0.906396523152
alpha=[0.07219304228491538, -0.07197536679411985, -0.013444000667569955]
beta=[1.5619422517732224, 1.5287782127679348, 1.6, 1.4070114051553197, 1.5816729116891357, 1.4]
gamma=[0.8204346131400578, 1, 1, 1, 0.35573438030526583, 0.3557523518379714]
delta=[0.01650294538567873, 0.07690848364996695, 0.03704504784364674]

Score=0.898566146735
alpha=[0.07219304228491538, -0.07197536679411985, -0.013444000667569955]
beta=[1.5619422517732224, 1.5287782127679348, 1.6, 1.4070114051553197, 1.5816729116891357, 1.4]
gamma=[0.8204346131400578, 1, 1, 1, 0.35573438030526583, 0.3557523518379714]
delta=[0.01650294538567873, 0.076491507016733379, 0.03704504784364674]

Score=0.90109705833
alpha=[0.07219304228491538, -0.07197536679411985, -0.013444000667569955]
beta=[1.5619422517732224, 1.5287782127679348, 1.6, 1.4070114051553197, 1.5816729116891357, 1.4]
gamma=[0.8204346131400578, 1, 1, 1, 0.35573438030526583, 0.3557523518379714]
delta=[0.015124993073287253, 0.07690848364996695, 0.03704504784364674]

Score=0.892410714901
alpha=[0.07219304228491538, -0.07197536679411985, -0.013444000667569955]
beta=[1.5619422517732224, 1.5287782127679348, 1.6, 1.4070114051553197, 1.5816729116891357, 1.4]
gamma=[0.8204346131400578, 1, 1, 1, 0.35573438030526583, 0.3557523518379714]
delta=[0.014613995547464427, 0.07690848364996695, 0.03704504784364674]

Score=0.899621147506
alpha=[0.07219304228491538, -0.07197536679411985, -0.013444000667569955]
beta=[1.5619422517732224, 1.5287782127679348, 1.6, 1.4070114051553197, 1.5816729116891357, 1.4]
gamma=[0.8204346131400578, 1, 1, 1, 0.35573438030526583, 0.3557523518379714]
delta=[0.014613995547464427, 0.07690848364996695, 0.03704504784364674]

Score=0.898823604725
alpha=[0.07219304228491538, -0.07197536679411985, -0.013444000667569955]
beta=[1.5619422517732224, 1.5287782127679348, 1.6, 1.4070114051553197, 1.5816729116891357, 1.4]
gamma=[0.8204346131400578, 1, 1, 1, 0.35573438030526583, 0.3557523518379714]
delta=[0.014613995547464427, 0.07690848364996695, 0.03704504784364674]

Score=0.901867915934
alpha=[0.07219304228491538, -0.07197536679411985, -0.013444000667569955]
beta=[1.5619422517732224, 1.5287782127679348, 1.6, 1.4070114051553197, 1.5816729116891357, 1.4]
gamma=[0.8204346131400578, 1, 1, 1, 0.35573438030526583, 0.3557523518379714]
delta=[0.014438933582174537, 0.07690848364996695, 0.038676655657616091]

Score=0.892179832199
alpha=[0.07219304228491538, -0.07197536679411985, -0.013444000667569955]
beta=[1.5619422517732224, 1.5287782127679348, 1.6, 1.4070114051553197, 1.5816729116891357, 1.4]
gamma=[0.8204346131400578, 1, 1, 1, 0.35573438030526583, 0.3557523518379714]
delta=[0.01650294538567873, 0.07690848364996695, 0.03704504784364674]

Score=0.892193837452
alpha=[0.07219304228491538, -0.07197536679411985, -0.013444000667569955]
beta=[1.5619422517732224, 1.5287782127679348, 1.6, 1.4070114051553197, 1.5816729116891357, 1.4]
gamma=[0.8204346131400578, 1, 1, 1, 0.35573438030526583, 0.3557523518379714]
delta=[0.01650294538567873, 0.07690848364996695, 0.03704504784364674]

Score=0.895171662649
alpha=[0.07219304228491538, -0.07197536679411985, -0.013444000667569955]
beta=[1.5619422517732224, 1.5287782127679348, 1.6, 1.4070114051553197, 1.5816729116891357, 1.4]
gamma=[0.8204346131400578, 1, 1, 1, 0.35573438030526583, 0.3557523518379714]
delta=[0.014613995547464427, 0.07690848364996695, 0.03704504784364674]

Score=0.895471132877
alpha=[0.07219304228491538, -0.07197536679411985, -0.013444000667569955]
beta=[1.5619422517732224, 1.5287782127679348, 1.6, 1.4070114051553197, 1.5816729116891357, 1.4]
gamma=[0.8204346131400578, 1, 1, 1, 0.35573438030526583, 0.3557523518379714]
delta=[0.014438933582174537, 0.07690848364996695, 0.038676655657616091]

Score=0.900036470368
alpha=[0.07219304228491538, -0.07197536679411985, -0.013444000667569955]
beta=[1.5619422517732224, 1.5287782127679348, 1.6, 1.4070114051553197, 1.5816729116891357, 1.4]
gamma=[0.8204346131400578, 1, 1, 1, 0.35573438030526583, 0.3557523518379714]
delta=[0.01650294538567873, 0.07690848364996695, 0.038676655657616091]

Score=0.902316678075
alpha=[0.07219304228491538, -0.07197536679411985, -0.013444000667569955]
beta=[1.5619422517732224, 1.5287782127679348, 1.6, 1.4070114051553197, 1.5816729116891357, 1.4]
gamma=[0.8204346131400578, 1, 1, 1, 0.35573438030526583, 0.3557523518379714]
delta=[0.015124993073287253, 0.07690848364996695, 0.038676655657616091]

Score=0.895251000893
alpha=[0.07219304228491538, -0.07197536679411985, -0.013444000667569955]
beta=[1.5619422517732224, 1.5287782127679348, 1.6, 1.4070114051553197, 1.5816729116891357, 1.4]
gamma=[0.8204346131400578, 1, 1, 1, 0.35573438030526583, 0.3557523518379714]
delta=[0.014653495784610409, 0.07690848364996695, 0.038676655657616091]

Score=0.893047645461
alpha=[0.07219304228491538, -0.07197536679411985, -0.013444000667569955]
beta=[1.5619422517732224, 1.5287782127679348, 1.6, 1.4070114051553197, 1.5816729116891357, 1.4]
gamma=[0.8204346131400578, 1, 1, 1, 0.35573438030526583, 0.3557523518379714]
delta=[0.01650294538567873, 0.077464757266344261, 0.038676655657616091]

Score=0.88266172848
alpha=[0.07219304228491538, -0.07197536679411985, -0.013444000667569955]
beta=[1.5619422517732224, 1.5287782127679348, 1.6, 1.4070114051553197, 1.5816729116891357, 1.4]
gamma=[0.8204346131400578, 1, 1, 1, 0.35573438030526583, 0.3557523518379714]
delta=[0.01650294538567873, 0.07690848364996695, 0.038676655657616091]

Score=0.9023780881
alpha=[0.07219304228491538, -0.07197536679411985, -0.013444000667569955]
beta=[1.5619422517732224, 1.5287782127679348, 1.6, 1.4070114051553197, 1.5816729116891357, 1.4]
gamma=[0.8204346131400578, 1, 1, 1, 0.35573438030526583, 0.3557523518379714]
delta=[0.013977190340753988, 0.07690848364996695, 0.038676655657616091]

Score=0.899148057041
alpha=[0.07219304228491538, -0.07197536679411985, -0.013444000667569955]
beta=[1.5619422517732224, 1.5287782127679348, 1.6, 1.4070114051553197, 1.5816729116891357, 1.4]
gamma=[0.8204346131400578, 1, 1, 1, 0.35573438030526583, 0.3557523518379714]
delta=[0.013977190340753988, 0.07690848364996695, 0.038676655657616091]

Score=0.892093859133
alpha=[0.07219304228491538, -0.07197536679411985, -0.013444000667569955]
beta=[1.5619422517732224, 1.5287782127679348, 1.6, 1.4070114051553197, 1.5816729116891357, 1.4]
gamma=[0.8204346131400578, 1, 1, 1, 0.35573438030526583, 0.3557523518379714]
delta=[0.01650294538567873, 0.080779469450404998, 0.03704504784364674]

Score=0.892840068719
alpha=[0.07219304228491538, -0.07197536679411985, -0.013444000667569955]
beta=[1.5619422517732224, 1.5287782127679348, 1.6, 1.4070114051553197, 1.5816729116891357, 1.4]
gamma=[0.8204346131400578, 1, 1, 1, 0.35573438030526583, 0.3557523518379714]
delta=[0.015115610228697037, 0.07690848364996695, 0.038676655657616091]

Score=0.894996415282
alpha=[0.07219304228491538, -0.07197536679411985, -0.013444000667569955]
beta=[1.5619422517732224, 1.5287782127679348, 1.6, 1.4070114051553197, 1.5816729116891357, 1.4]
gamma=[0.8204346131400578, 1, 1, 1, 0.35573438030526583, 0.3557523518379714]
delta=[0.01650294538567873, 0.07725562297605941, 0.038676655657616091]

Score=0.901689210109
alpha=[0.07219304228491538, -0.07197536679411985, -0.013444000667569955]
beta=[1.5619422517732224, 1.5287782127679348, 1.6, 1.4070114051553197, 1.5816729116891357, 1.4]
gamma=[0.8204346131400578, 1, 1, 1, 0.35573438030526583, 0.3557523518379714]
delta=[0.015124993073287253, 0.07690848364996695, 0.038676655657616091]

Score=0.888875413024
alpha=[0.07219304228491538, -0.07197536679411985, -0.013444000667569955]
beta=[1.5619422517732224, 1.5287782127679348, 1.6, 1.4070114051553197, 1.5816729116891357, 1.4]
gamma=[0.8204346131400578, 1, 1, 1, 0.35573438030526583, 0.3557523518379714]
delta=[0.014438933582174537, 0.07690848364996695, 0.038676655657616091]

Score=0.913727500333
alpha=[0.07219304228491538, -0.07197536679411985, -0.013444000667569955]
beta=[1.5619422517732224, 1.5287782127679348, 1.6, 1.4070114051553197, 1.5816729116891357, 1.4]
gamma=[0.8204346131400578, 1, 1, 1, 0.35573438030526583, 0.3557523518379714]
delta=[0.013977190340753988, 0.07690848364996695, 0.03704504784364674]

Score=0.890276804591
alpha=[0.07219304228491538, -0.07197536679411985, -0.013444000667569955]
beta=[1.5619422517732224, 1.5287782127679348, 1.6, 1.4070114051553197, 1.5816729116891357, 1.4]
gamma=[0.8204346131400578, 1, 1, 1, 0.35573438030526583, 0.3557523518379714]
delta=[0.012415769068631758, 0.07690848364996695, 0.038676655657616091]

Score=0.894926847319
alpha=[0.07219304228491538, -0.07197536679411985, -0.013444000667569955]
beta=[1.5619422517732224, 1.5287782127679348, 1.6, 1.4070114051553197, 1.5816729116891357, 1.4]
gamma=[0.8204346131400578, 1, 1, 1, 0.35573438030526583, 0.3557523518379714]
delta=[0.013977190340753988, 0.07690848364996695, 0.038676655657616091]

Score=0.914048790274
alpha=[0.07219304228491538, -0.07197536679411985, -0.013444000667569955]
beta=[1.5619422517732224, 1.5287782127679348, 1.6, 1.4070114051553197, 1.5816729116891357, 1.4]
gamma=[0.8204346131400578, 1, 1, 1, 0.35573438030526583, 0.3557523518379714]
delta=[0.013977190340753988, 0.07690848364996695, 0.03704504784364674]

Score=0.891732384676
alpha=[0.07219304228491538, -0.07197536679411985, -0.013444000667569955]
beta=[1.5619422517732224, 1.5287782127679348, 1.6, 1.4070114051553197, 1.5816729116891357, 1.4]
gamma=[0.8204346131400578, 1, 1, 1, 0.35573438030526583, 0.3557523518379714]
delta=[0.01650294538567873, 0.07690848364996695, 0.03704504784364674]

Score=0.885300937454
alpha=[0.07219304228491538, -0.07197536679411985, -0.013444000667569955]
beta=[1.5619422517732224, 1.5287782127679348, 1.6, 1.4070114051553197, 1.5816729116891357, 1.4]
gamma=[0.8204346131400578, 1, 1, 1, 0.35573438030526583, 0.3557523518379714]
delta=[0.013977190340753988, 0.07690848364996695, 0.038676655657616091]

Score=0.904406392861
alpha=[0.07219304228491538, -0.07197536679411985, -0.013444000667569955]
beta=[1.5619422517732224, 1.5287782127679348, 1.6, 1.4070114051553197, 1.5816729116891357, 1.4]
gamma=[0.8204346131400578, 1, 1, 1, 0.35573438030526583, 0.3557523518379714]
delta=[0.014484273857385425, 0.07690848364996695, 0.03704504784364674]

Score=0.9044139823
alpha=[0.07219304228491538, -0.07197536679411985, -0.013444000667569955]
beta=[1.5619422517732224, 1.5287782127679348, 1.6, 1.4070114051553197, 1.5816729116891357, 1.4]
gamma=[0.8204346131400578, 1, 1, 1, 0.35573438030526583, 0.3557523518379714]
delta=[0.013977190340753988, 0.07690848364996695, 0.03704504784364674]

Score=0.90133260223
alpha=[0.07219304228491538, -0.07197536679411985, -0.013444000667569955]
beta=[1.5619422517732224, 1.5287782127679348, 1.6, 1.4070114051553197, 1.5816729116891357, 1.4]
gamma=[0.8204346131400578, 1, 1, 1, 0.35573438030526583, 0.3557523518379714]
delta=[0.013977190340753988, 0.07690848364996695, 0.03704504784364674]

Score=0.893256582447
alpha=[0.07219304228491538, -0.07197536679411985, -0.013444000667569955]
beta=[1.5619422517732224, 1.5287782127679348, 1.6, 1.4070114051553197, 1.5816729116891357, 1.4]
gamma=[0.8204346131400578, 1, 1, 1, 0.35573438030526583, 0.3557523518379714]
delta=[0.014438933582174537, 0.07542459436757995, 0.03704504784364674]

Score=0.900287375458
alpha=[0.07219304228491538, -0.07197536679411985, -0.013444000667569955]
beta=[1.5619422517732224, 1.5287782127679348, 1.6, 1.4070114051553197, 1.5816729116891357, 1.4]
gamma=[0.8204346131400578, 1, 1, 1, 0.35573438030526583, 0.3557523518379714]
delta=[0.014438933582174537, 0.07542459436757995, 0.03704504784364674]

Score=0.893050411599
alpha=[0.07219304228491538, -0.07197536679411985, -0.013444000667569955]
beta=[1.5619422517732224, 1.5287782127679348, 1.6, 1.4070114051553197, 1.5816729116891357, 1.4]
gamma=[0.8204346131400578, 1, 1, 1, 0.35573438030526583, 0.3557523518379714]
delta=[0.013977190340753988, 0.082205872603458824, 0.03704504784364674]

Score=0.897470397809
alpha=[0.07219304228491538, -0.07197536679411985, -0.013444000667569955]
beta=[1.5619422517732224, 1.5287782127679348, 1.6, 1.4070114051553197, 1.5816729116891357, 1.4]
gamma=[0.8204346131400578, 1, 1, 1, 0.35573438030526583, 0.3557523518379714]
delta=[0.013977190340753988, 0.07690848364996695, 0.03704504784364674]

Score=0.900215338752
alpha=[0.07219304228491538, -0.07197536679411985, -0.013444000667569955]
beta=[1.5619422517732224, 1.5287782127679348, 1.6, 1.4070114051553197, 1.5816729116891357, 1.4]
gamma=[0.8204346131400578, 1, 1, 1, 0.35573438030526583, 0.3557523518379714]
delta=[0.014438933582174537, 0.07542459436757995, 0.03889466459233698]

Score=0.902445719838
alpha=[0.07219304228491538, -0.07197536679411985, -0.013444000667569955]
beta=[1.5619422517732224, 1.5287782127679348, 1.6, 1.4070114051553197, 1.5816729116891357, 1.4]
gamma=[0.8204346131400578, 1, 1, 1, 0.35573438030526583, 0.3557523518379714]
delta=[0.014438933582174537, 0.082205872603458824, 0.03704504784364674]

Score=0.890653878422
alpha=[0.07219304228491538, -0.07197536679411985, -0.013444000667569955]
beta=[1.5619422517732224, 1.5287782127679348, 1.6, 1.4070114051553197, 1.5816729116891357, 1.4]
gamma=[0.8204346131400578, 1, 1, 1, 0.35573438030526583, 0.3557523518379714]
delta=[0.014438933582174537, 0.07690848364996695, 0.037975069856945196]

Score=0.919940540206
alpha=[0.07219304228491538, -0.07197536679411985, -0.013444000667569955]
beta=[1.5619422517732224, 1.5287782127679348, 1.6, 1.4070114051553197, 1.5816729116891357, 1.4]
gamma=[0.8204346131400578, 1, 1, 1, 0.35573438030526583, 0.3557523518379714]
delta=[0.014438933582174537, 0.082205872603458824, 0.03704504784364674]

Score=0.906594216683
alpha=[0.07219304228491538, -0.07197536679411985, -0.013444000667569955]
beta=[1.5619422517732224, 1.5287782127679348, 1.6, 1.4070114051553197, 1.5816729116891357, 1.4]
gamma=[0.8204346131400578, 1, 1, 1, 0.35573438030526583, 0.3557523518379714]
delta=[0.014438933582174537, 0.07690848364996695, 0.03704504784364674]

Score=0.905420959708
alpha=[0.07219304228491538, -0.07197536679411985, -0.013444000667569955]
beta=[1.5619422517732224, 1.5287782127679348, 1.6, 1.4070114051553197, 1.5816729116891357, 1.4]
gamma=[0.8204346131400578, 1, 1, 1, 0.35573438030526583, 0.3557523518379714]
delta=[0.013977190340753988, 0.07690848364996695, 0.03704504784364674]

Score=0.903281275775
alpha=[0.07219304228491538, -0.07197536679411985, -0.013444000667569955]
beta=[1.5619422517732224, 1.5287782127679348, 1.6, 1.4070114051553197, 1.5816729116891357, 1.4]
gamma=[0.8204346131400578, 1, 1, 1, 0.35573438030526583, 0.3557523518379714]
delta=[0.014438933582174537, 0.082205872603458824, 0.03704504784364674]

Score=0.88900659647
alpha=[0.07219304228491538, -0.07197536679411985, -0.013444000667569955]
beta=[1.5619422517732224, 1.5287782127679348, 1.6, 1.4070114051553197, 1.5816729116891357, 1.4]
gamma=[0.8204346131400578, 1, 1, 1, 0.35573438030526583, 0.3557523518379714]
delta=[0.014438933582174537, 0.082205872603458824, 0.03889466459233698]

Score=0.905014625885
alpha=[0.07219304228491538, -0.07197536679411985, -0.013444000667569955]
beta=[1.5619422517732224, 1.5287782127679348, 1.6, 1.4070114051553197, 1.5816729116891357, 1.4]
gamma=[0.8204346131400578, 1, 1, 1, 0.35573438030526583, 0.3557523518379714]
delta=[0.014438933582174537, 0.082205872603458824, 0.03704504784364674]

Score=0.915511842063
alpha=[0.07219304228491538, -0.07197536679411985, -0.013444000667569955]
beta=[1.5619422517732224, 1.5287782127679348, 1.6, 1.4070114051553197, 1.5816729116891357, 1.4]
gamma=[0.8204346131400578, 1, 1, 1, 0.35573438030526583, 0.3557523518379714]
delta=[0.013977190340753988, 0.082205872603458824, 0.03704504784364674]

Score=0.922587939261
alpha=[0.07219304228491538, -0.07197536679411985, -0.013444000667569955]
beta=[1.5619422517732224, 1.5287782127679348, 1.6, 1.4070114051553197, 1.5816729116891357, 1.4]
gamma=[0.8204346131400578, 1, 1, 1, 0.35573438030526583, 0.3557523518379714]
delta=[0.013205269428899245, 0.082205872603458824, 0.03704504784364674]

Score=0.897968119545
alpha=[0.07219304228491538, -0.07197536679411985, -0.013444000667569955]
beta=[1.5619422517732224, 1.5287782127679348, 1.6, 1.4070114051553197, 1.5816729116891357, 1.4]
gamma=[0.8204346131400578, 1, 1, 1, 0.35573438030526583, 0.3557523518379714]
delta=[0.014438933582174537, 0.074228851731989898, 0.03704504784364674]

Score=0.908872703797
alpha=[0.07219304228491538, -0.07197536679411985, -0.013444000667569955]
beta=[1.5619422517732224, 1.5287782127679348, 1.6, 1.4070114051553197, 1.5816729116891357, 1.4]
gamma=[0.8204346131400578, 1, 1, 1, 0.35573438030526583, 0.3557523518379714]
delta=[0.014438933582174537, 0.083454528667763483, 0.03704504784364674]

Score=0.896587829038
alpha=[0.07219304228491538, -0.07197536679411985, -0.013444000667569955]
beta=[1.5619422517732224, 1.5287782127679348, 1.6, 1.4070114051553197, 1.5816729116891357, 1.4]
gamma=[0.8204346131400578, 1, 1, 1, 0.35573438030526583, 0.3557523518379714]
delta=[0.014438933582174537, 0.082205872603458824, 0.03704504784364674]

Score=0.906148235751
alpha=[0.07219304228491538, -0.07197536679411985, -0.013444000667569955]
beta=[1.5619422517732224, 1.5287782127679348, 1.6, 1.4070114051553197, 1.5816729116891357, 1.4]
gamma=[0.8204346131400578, 1, 1, 1, 0.35573438030526583, 0.3557523518379714]
delta=[0.014438933582174537, 0.074228851731989898, 0.03704504784364674]

Score=0.898750288482
alpha=[0.07219304228491538, -0.07197536679411985, -0.013444000667569955]
beta=[1.5619422517732224, 1.5287782127679348, 1.6, 1.4070114051553197, 1.5816729116891357, 1.4]
gamma=[0.8204346131400578, 1, 1, 1, 0.35573438030526583, 0.3557523518379714]
delta=[0.014252593885568971, 0.07690848364996695, 0.03704504784364674]

Score=0.885587718937
alpha=[0.07219304228491538, -0.07197536679411985, -0.013444000667569955]
beta=[1.5619422517732224, 1.5287782127679348, 1.6, 1.4070114051553197, 1.5816729116891357, 1.4]
gamma=[0.8204346131400578, 1, 1, 1, 0.35573438030526583, 0.3557523518379714]
delta=[0.014438933582174537, 0.07690848364996695, 0.03704504784364674]

Score=0.905879926636
alpha=[0.07219304228491538, -0.07197536679411985, -0.013444000667569955]
beta=[1.5619422517732224, 1.5287782127679348, 1.6, 1.4070114051553197, 1.5816729116891357, 1.4]
gamma=[0.8204346131400578, 1, 1, 1, 0.35573438030526583, 0.3557523518379714]
delta=[0.014867715886986873, 0.083454528667763483, 0.03704504784364674]

Score=0.891943773828
alpha=[0.07219304228491538, -0.07197536679411985, -0.013444000667569955]
beta=[1.5619422517732224, 1.5287782127679348, 1.6, 1.4070114051553197, 1.5816729116891357, 1.4]
gamma=[0.8204346131400578, 1, 1, 1, 0.35573438030526583, 0.3557523518379714]
delta=[0.013205269428899245, 0.083344856374055226, 0.03704504784364674]

Score=0.893881122111
alpha=[0.07219304228491538, -0.07197536679411985, -0.013444000667569955]
beta=[1.5619422517732224, 1.5287782127679348, 1.6, 1.4070114051553197, 1.5816729116891357, 1.4]
gamma=[0.8204346131400578, 1, 1, 1, 0.35573438030526583, 0.3557523518379714]
delta=[0.013205269428899245, 0.074228851731989898, 0.03704504784364674]

Score=0.897416859927
alpha=[0.07219304228491538, -0.07197536679411985, -0.013444000667569955]
beta=[1.5619422517732224, 1.5287782127679348, 1.6, 1.4070114051553197, 1.5816729116891357, 1.4]
gamma=[0.8204346131400578, 1, 1, 1, 0.35573438030526583, 0.3557523518379714]
delta=[0.014438933582174537, 0.074228851731989898, 0.03704504784364674]

Score=0.904572235029
alpha=[0.07219304228491538, -0.07197536679411985, -0.013444000667569955]
beta=[1.5619422517732224, 1.5287782127679348, 1.6, 1.4070114051553197, 1.5816729116891357, 1.4]
gamma=[0.8204346131400578, 1, 1, 1, 0.35573438030526583, 0.3557523518379714]
delta=[0.016060793881638554, 0.082205872603458824, 0.03704504784364674]

Score=0.901773121049
alpha=[0.07219304228491538, -0.07197536679411985, -0.013444000667569955]
beta=[1.5619422517732224, 1.5287782127679348, 1.6, 1.4070114051553197, 1.5816729116891357, 1.4]
gamma=[0.8204346131400578, 1, 1, 1, 0.35573438030526583, 0.3557523518379714]
delta=[0.014438933582174537, 0.074228851731989898, 0.03704504784364674]

Score=0.911805855697
alpha=[0.07219304228491538, -0.07197536679411985, -0.013444000667569955]
beta=[1.5619422517732224, 1.5287782127679348, 1.6, 1.4070114051553197, 1.5816729116891357, 1.4]
gamma=[0.8204346131400578, 1, 1, 1, 0.35573438030526583, 0.3557523518379714]
delta=[0.013205269428899245, 0.074228851731989898, 0.037119300736014493]

Score=0.893679730298
alpha=[0.07219304228491538, -0.07197536679411985, -0.013444000667569955]
beta=[1.5619422517732224, 1.5287782127679348, 1.6, 1.4070114051553197, 1.5816729116891357, 1.4]
gamma=[0.8204346131400578, 1, 1, 1, 0.35573438030526583, 0.3557523518379714]
delta=[0.013205269428899245, 0.083454528667763483, 0.03704504784364674]

Score=0.901288569886
alpha=[0.07219304228491538, -0.07197536679411985, -0.013444000667569955]
beta=[1.5619422517732224, 1.5287782127679348, 1.6, 1.4070114051553197, 1.5816729116891357, 1.4]
gamma=[0.8204346131400578, 1, 1, 1, 0.35573438030526583, 0.3557523518379714]
delta=[0.013205269428899245, 0.082205872603458824, 0.03704504784364674]

Score=0.892391454428
alpha=[0.07219304228491538, -0.07197536679411985, -0.013444000667569955]
beta=[1.5619422517732224, 1.5287782127679348, 1.6, 1.4070114051553197, 1.5816729116891357, 1.4]
gamma=[0.8204346131400578, 1, 1, 1, 0.35573438030526583, 0.3557523518379714]
delta=[0.013205269428899245, 0.083454528667763483, 0.03704504784364674]

Score=0.886747962719
alpha=[0.07219304228491538, -0.07197536679411985, -0.013444000667569955]
beta=[1.5619422517732224, 1.5287782127679348, 1.6, 1.4070114051553197, 1.5816729116891357, 1.4]
gamma=[0.8204346131400578, 1, 1, 1, 0.35573438030526583, 0.3557523518379714]
delta=[0.013205269428899245, 0.074228851731989898, 0.037119300736014493]

Score=0.897194071054
alpha=[0.07219304228491538, -0.07197536679411985, -0.013444000667569955]
beta=[1.5619422517732224, 1.5287782127679348, 1.6, 1.4070114051553197, 1.5816729116891357, 1.4]
gamma=[0.8204346131400578, 1, 1, 1, 0.35573438030526583, 0.3557523518379714]
delta=[0.016060793881638554, 0.083454528667763483, 0.03704504784364674]

Score=0.891031847492
alpha=[0.07219304228491538, -0.07197536679411985, -0.013444000667569955]
beta=[1.5619422517732224, 1.5287782127679348, 1.6, 1.4070114051553197, 1.5816729116891357, 1.4]
gamma=[0.8204346131400578, 1, 1, 1, 0.35573438030526583, 0.3557523518379714]
delta=[0.014438933582174537, 0.07690848364996695, 0.03704504784364674]

Score=0.905110530348
alpha=[0.07219304228491538, -0.07197536679411985, -0.013444000667569955]
beta=[1.5619422517732224, 1.5287782127679348, 1.6, 1.4070114051553197, 1.5816729116891357, 1.4]
gamma=[0.8204346131400578, 1, 1, 1, 0.35573438030526583, 0.3557523518379714]
delta=[0.013205269428899245, 0.083344856374055226, 0.03704504784364674]

Score=0.895987856627
alpha=[0.07219304228491538, -0.07197536679411985, -0.013444000667569955]
beta=[1.5619422517732224, 1.5287782127679348, 1.6, 1.4070114051553197, 1.5816729116891357, 1.4]
gamma=[0.8204346131400578, 1, 1, 1, 0.35573438030526583, 0.3557523518379714]
delta=[0.013205269428899245, 0.074228851731989898, 0.037119300736014493]

Score=0.897812315638
alpha=[0.07219304228491538, -0.07197536679411985, -0.013444000667569955]
beta=[1.5619422517732224, 1.5287782127679348, 1.6, 1.4070114051553197, 1.5816729116891357, 1.4]
gamma=[0.8204346131400578, 1, 1, 1, 0.35573438030526583, 0.3557523518379714]
delta=[0.016060793881638554, 0.083829369866780801, 0.03704504784364674]

Score=0.890192348297
alpha=[0.07219304228491538, -0.07197536679411985, -0.013444000667569955]
beta=[1.5619422517732224, 1.5287782127679348, 1.6, 1.4070114051553197, 1.5816729116891357, 1.4]
gamma=[0.8204346131400578, 1, 1, 1, 0.35573438030526583, 0.3557523518379714]
delta=[0.016060793881638554, 0.07690848364996695, 0.03704504784364674]

Score=0.925245095717
alpha=[0.07219304228491538, -0.07197536679411985, -0.013444000667569955]
beta=[1.5619422517732224, 1.5287782127679348, 1.6, 1.4070114051553197, 1.5816729116891357, 1.4]
gamma=[0.8204346131400578, 1, 1, 1, 0.35573438030526583, 0.3557523518379714]
delta=[0.013205269428899245, 0.07690848364996695, 0.03704504784364674]

Score=0.892604353464
alpha=[0.07219304228491538, -0.07197536679411985, -0.013444000667569955]
beta=[1.5619422517732224, 1.5287782127679348, 1.6, 1.4070114051553197, 1.5816729116891357, 1.4]
gamma=[0.8204346131400578, 1, 1, 1, 0.35573438030526583, 0.3557523518379714]
delta=[0.016195966870637478, 0.083829369866780801, 0.03704504784364674]

Score=0.912921236088
alpha=[0.07219304228491538, -0.07197536679411985, -0.013444000667569955]
beta=[1.5619422517732224, 1.5287782127679348, 1.6, 1.4070114051553197, 1.5816729116891357, 1.4]
gamma=[0.8204346131400578, 1, 1, 1, 0.35573438030526583, 0.3557523518379714]
delta=[0.013205269428899245, 0.07690848364996695, 0.037119300736014493]

