Score=0.212616719727
[0.09592243235704206, 0.00017773426992163612, -0.015853817605281938, 1.6, 1.4874199708609026, 1.578944656122294, 1.4625094983104392, 1.4121211129231248, 1.4522970357350538, 0.48439090704719245, 0.47000391552251386, 0.010209445687663021, 0.6810985171589007, 0.23228783958368993, 1]

Score=0.107590534989
[0.096141485166137367, 0.00017773426992163612, -0.015853817605281938, 1.6, 1.5007733552129272, 1.5761256045854284, 1.4625094983104392, 1.4190391808044667, 1.4522970357350538, 0.48439090704719245, 0.47000391552251386, 0.010209445687663021, 0.6810985171589007, 0.23228783958368993, 1]

Score=0.142574462398
[0.095348588919924107, 0.00017773426992163612, -0.015250339895777657, 1.6, 1.4971254840408661, 1.5828934471936054, 1.4701137882459772, 1.4121211129231248, 1.4522970357350538, 0.48439090704719245, 0.47000391552251386, 0.010209445687663021, 0.6810985171589007, 1, 1]

Score=0.0928189312124
[0.09617050427758124, 0.00017773426992163612, -0.015250339895777657, 1.5956030054437462, 1.5087929109162863, 1.5828934471936054, 1.4701137882459772, 1.4190391808044667, 1.4522970357350538, 0.48439090704719245, 0.47000391552251386, 0.010209445687663021, 0.6810985171589007, 0.23228783958368993, 1]

Score=0.499954704439
[0.096141485166137367, -0.00048629429606013118, -0.015250339895777657, 1.6, 1.5007733552129272, 1.5828934471936054, 1.4701137882459772, 1.4021503030964193, 1.4522970357350538, 1, 0.47000391552251386, 0.010209445687663021, 0.6810985171589007, 1, 1]

Score=0.167514938276
[0.096141485166137367, 0.00017773426992163612, -0.015853817605281938, 1.5956030054437462, 1.5007733552129272, 1.5828934471936054, 1.4625094983104392, 1.4190391808044667, 1.4522970357350538, 0.48439090704719245, 0.47000391552251386, 0.010209445687663021, 0.6810985171589007, 0.23228783958368993, 1]

Score=0.0200504671046
[0.096141485166137367, 0.00017773426992163612, -0.015853817605281938, 1.6, 1.5007733552129272, 1.5828934471936054, 1.4625094983104392, 1.4190391808044667, 1.4522970357350538, 0.48439090704719245, 0.47000391552251386, 0.010209445687663021, 0.6810985171589007, 0.23228783958368993, 1]

Score=0.175483705885
[0.096141485166137367, 0.00017773426992163612, -0.015853817605281938, 1.5956030054437462, 1.5007733552129272, 1.5828934471936054, 1.4625094983104392, 1.4116087131539277, 1.4522970357350538, 0.48439090704719245, 0.47000391552251386, 0.010209445687663021, 0.6810985171589007, 0.23228783958368993, 1]

Score=0.0783715131101
[0.096141485166137367, 0.00017773426992163612, -0.015853817605281938, 1.6, 1.5007733552129272, 1.578944656122294, 1.4625094983104392, 1.4021503030964193, 1.4522970357350538, 1, 0.47000391552251386, 0.010209445687663021, 0.6810985171589007, 0.23228783958368993, 1]

Score=0.056220077618
[0.095353693262722528, 0.00017773426992163612, -0.015250339895777657, 1.5956030054437462, 1.4835740459096172, 1.5965858045455428, 1.4625094983104392, 1.4133269264569042, 1.4522970357350538, 0.48439090704719245, 0.47000391552251386, 0.010209445687663021, 0.6810985171589007, 0.23228783958368993, 1]

Score=0.203543004562
[0.096141485166137367, 0.00017773426992163612, -0.015853817605281938, 1.5956030054437462, 1.4835740459096172, 1.5828934471936054, 1.4701137882459772, 1.4190391808044667, 1.4522970357350538, 0.48439090704719245, 0.47000391552251386, 0.010209445687663021, 0.6810985171589007, 0.23228783958368993, 1]

Score=0.207129750609
[0.096141485166137367, 0.00017773426992163612, -0.015853817605281938, 1.6, 1.5007733552129272, 1.5828934471936054, 1.4625094983104392, 1.4190391808044667, 1.4522970357350538, 0.48439090704719245, 0.47000391552251386, 0.010209445687663021, 0.6810985171589007, 0.23228783958368993, 1]

Score=0.489197309595
[0.096141485166137367, 0.0016806516260524573, -0.015853817605281938, 1.5956030054437462, 1.5148037184240681, 1.578944656122294, 1.4571889391375537, 1.4116087131539277, 1.4522970357350538, 0.48439090704719245, 0.47000391552251386, 0.010209445687663021, 1, 0.23228783958368993, 1]

Score=0.0151335897742
[0.09617050427758124, 0.00017773426992163612, -0.015250339895777657, 1.5836947023558257, 1.4731406005746277, 1.5965858045455428, 1.4625094983104392, 1.4133269264569042, 1.4829409891239169, 0.48439090704719245, 0.47000391552251386, 0.010209445687663021, 0.6810985171589007, 0.23228783958368993, 1]

Score=0.304312037502
[0.097166184910636014, 0.00017773426992163612, -0.015250339895777657, 1.5836947023558257, 1.4835740459096172, 1.578944656122294, 1.4625094983104392, 1.4133269264569042, 1.4829409891239169, 0.48439090704719245, 0.47000391552251386, 0.010209445687663021, 0.6810985171589007, 0.23228783958368993, 1]

Score=0.0177982532048
[0.09617050427758124, 0.00017773426992163612, -0.015250339895777657, 1.5836947023558257, 1.4835740459096172, 1.578944656122294, 1.4625094983104392, 1.4133269264569042, 1.4829409891239169, 0.48439090704719245, 0.47000391552251386, 0.010209445687663021, 0.6810985171589007, 0.23228783958368993, 1]

Score=0.137463825714
[0.09617050427758124, 0.00017773426992163612, -0.015250339895777657, 1.5836947023558257, 1.4731406005746277, 1.5965858045455428, 1.4625094983104392, 1.4229967594978798, 1.4829409891239169, 0.48439090704719245, 0.47000391552251386, 0.010209445687663021, 0.6810985171589007, 0.23228783958368993, 1]

Score=0.088737563461
[0.09617050427758124, 0.00017773426992163612, -0.015853817605281938, 1.5836947023558257, 1.4731406005746277, 1.5965858045455428, 1.4625094983104392, 1.4021503030964193, 1.4829409891239169, 0.48439090704719245, 0.47000391552251386, 0.010209445687663021, 0.6810985171589007, 0.23228783958368993, 1]

Score=0.209720017596
[0.09617050427758124, 0.00017773426992163612, -0.015250339895777657, 1.5836947023558257, 1.4874199708609026, 1.578944656122294, 1.4625094983104392, 1.4133269264569042, 1.4829409891239169, 0.48439090704719245, 0.47000391552251386, 0.010209445687663021, 0.6810985171589007, 0.23228783958368993, 1]

Score=0.142399386128
[0.09617050427758124, 0.00017773426992163612, -0.015250339895777657, 1.5836947023558257, 1.4874199708609026, 1.578944656122294, 1.4625094983104392, 1.4133269264569042, 1.4829409891239169, 0.48439090704719245, 0.47000391552251386, 0.010209445687663021, 0.6810985171589007, 0.23228783958368993, 1]

Score=0.0975493303568
[0.09617050427758124, 0.00017773426992163612, -0.016163716846208317, 1.5836947023558257, 1.4835740459096172, 1.578944656122294, 1.4625094983104392, 1.4229967594978798, 1.4829409891239169, 0.48439090704719245, 0.47000391552251386, 0.010209445687663021, 0.6810985171589007, 0.23228783958368993, 1]

Score=0.278643562614
[0.09617050427758124, 0.00017773426992163612, -0.016163716846208317, 1.6, 1.4835740459096172, 1.578944656122294, 1.4625094983104392, 1.4190391808044667, 1.4522970357350538, 0.48439090704719245, 0.47000391552251386, 0.010209445687663021, 0.6810985171589007, 0.23228783958368993, 1]

Score=0.217991594344
[0.09617050427758124, 0.00017773426992163612, -0.015853817605281938, 1.5836947023558257, 1.4874199708609026, 1.578944656122294, 1.4625094983104392, 1.4021503030964193, 1.4829409891239169, 0.48439090704719245, 0.47000391552251386, 0.010209445687663021, 0.6810985171589007, 0.23228783958368993, 1]

Score=0.0245301381798
[0.09617050427758124, 0.00017773426992163612, -0.015853817605281938, 1.5836947023558257, 1.4874199708609026, 1.578944656122294, 1.4625094983104392, 1.4133269264569042, 1.4829409891239169, 0.48439090704719245, 0.47000391552251386, 0.010209445687663021, 0.6810985171589007, 0.23228783958368993, 1]

Score=0.0371668912634
[0.09592243235704206, 0.00047894484578972453, -0.015853817605281938, 1.5836947023558257, 1.5007733552129272, 1.578944656122294, 1.4625094983104392, 1.4021503030964193, 1.4829409891239169, 0.48439090704719245, 0.47000391552251386, 0.010209445687663021, 0.6810985171589007, 0.23228783958368993, 1]

Score=0.0296026671051
[0.09617050427758124, 0.00017773426992163612, -0.015250339895777657, 1.6, 1.4738978814215213, 1.578944656122294, 1.4625094983104392, 1.4021503030964193, 1.4829409891239169, 0.48439090704719245, 0.47000391552251386, 0.010209445687663021, 0.6810985171589007, 0.23228783958368993, 1]

Score=0.01901222414
[0.09592243235704206, 0.00017773426992163612, -0.015250339895777657, 1.6, 1.4874199708609026, 1.578944656122294, 1.4625094983104392, 1.4190391808044667, 1.4522970357350538, 0.48439090704719245, 0.47000391552251386, 0.010209445687663021, 0.6810985171589007, 0.23228783958368993, 1]

Score=0.174534770752
[0.09592243235704206, 0.00047894484578972453, -0.015250339895777657, 1.5836947023558257, 1.5007733552129272, 1.578944656122294, 1.4625094983104392, 1.4021503030964193, 1.4829409891239169, 0.48439090704719245, 0.47000391552251386, 0.010209445687663021, 0.6810985171589007, 0.23228783958368993, 1]

Score=0.135065325766
[0.09592243235704206, 0.00017773426992163612, -0.015250339895777657, 1.5991470533440448, 1.4874199708609026, 1.578944656122294, 1.4625094983104392, 1.4190391808044667, 1.4522970357350538, 0.48439090704719245, 0.47000391552251386, 0.010209445687663021, 0.6810985171589007, 0.23228783958368993, 1]

Score=0.173294076242
[0.09592243235704206, 0.00017773426992163612, -0.015250339895777657, 1.6, 1.4874199708609026, 1.578944656122294, 1.4625094983104392, 1.4133269264569042, 1.4522970357350538, 0.48439090704719245, 0.47000391552251386, 0.010209445687663021, 0.6810985171589007, 0.23228783958368993, 1]




Final Population
[0.09592243235704206, 0.00017773426992163612, -0.015853817605281938, 1.6, 1.4874199708609026, 1.578944656122294, 1.4625094983104392, 1.4121211129231248, 1.4522970357350538, 0.48439090704719245, 0.47000391552251386, 0.010209445687663021, 0.6810985171589007, 0.23228783958368993, 1]
[0.096141485166137367, 0.00017773426992163612, -0.015853817605281938, 1.6, 1.5007733552129272, 1.5761256045854284, 1.4625094983104392, 1.4190391808044667, 1.4522970357350538, 0.48439090704719245, 0.47000391552251386, 0.010209445687663021, 0.6810985171589007, 0.23228783958368993, 1]
[0.095348588919924107, 0.00017773426992163612, -0.015250339895777657, 1.6, 1.4971254840408661, 1.5828934471936054, 1.4701137882459772, 1.4121211129231248, 1.4522970357350538, 0.48439090704719245, 0.47000391552251386, 0.010209445687663021, 0.6810985171589007, 1, 1]
[0.09617050427758124, 0.00017773426992163612, -0.015250339895777657, 1.5956030054437462, 1.5087929109162863, 1.5828934471936054, 1.4701137882459772, 1.4190391808044667, 1.4522970357350538, 0.48439090704719245, 0.47000391552251386, 0.010209445687663021, 0.6810985171589007, 0.23228783958368993, 1]
[0.096141485166137367, -0.00048629429606013118, -0.015250339895777657, 1.6, 1.5007733552129272, 1.5828934471936054, 1.4701137882459772, 1.4021503030964193, 1.4522970357350538, 1, 0.47000391552251386, 0.010209445687663021, 0.6810985171589007, 1, 1]
[0.096141485166137367, 0.00017773426992163612, -0.015853817605281938, 1.5956030054437462, 1.5007733552129272, 1.5828934471936054, 1.4625094983104392, 1.4190391808044667, 1.4522970357350538, 0.48439090704719245, 0.47000391552251386, 0.010209445687663021, 0.6810985171589007, 0.23228783958368993, 1]
[0.096141485166137367, 0.00017773426992163612, -0.015853817605281938, 1.6, 1.5007733552129272, 1.5828934471936054, 1.4625094983104392, 1.4190391808044667, 1.4522970357350538, 0.48439090704719245, 0.47000391552251386, 0.010209445687663021, 0.6810985171589007, 0.23228783958368993, 1]
[0.096141485166137367, 0.00017773426992163612, -0.015853817605281938, 1.5956030054437462, 1.5007733552129272, 1.5828934471936054, 1.4625094983104392, 1.4116087131539277, 1.4522970357350538, 0.48439090704719245, 0.47000391552251386, 0.010209445687663021, 0.6810985171589007, 0.23228783958368993, 1]
[0.096141485166137367, 0.00017773426992163612, -0.015853817605281938, 1.6, 1.5007733552129272, 1.578944656122294, 1.4625094983104392, 1.4021503030964193, 1.4522970357350538, 1, 0.47000391552251386, 0.010209445687663021, 0.6810985171589007, 0.23228783958368993, 1]
[0.095353693262722528, 0.00017773426992163612, -0.015250339895777657, 1.5956030054437462, 1.4835740459096172, 1.5965858045455428, 1.4625094983104392, 1.4133269264569042, 1.4522970357350538, 0.48439090704719245, 0.47000391552251386, 0.010209445687663021, 0.6810985171589007, 0.23228783958368993, 1]
[0.096141485166137367, 0.00017773426992163612, -0.015853817605281938, 1.5956030054437462, 1.4835740459096172, 1.5828934471936054, 1.4701137882459772, 1.4190391808044667, 1.4522970357350538, 0.48439090704719245, 0.47000391552251386, 0.010209445687663021, 0.6810985171589007, 0.23228783958368993, 1]
[0.096141485166137367, 0.00017773426992163612, -0.015853817605281938, 1.6, 1.5007733552129272, 1.5828934471936054, 1.4625094983104392, 1.4190391808044667, 1.4522970357350538, 0.48439090704719245, 0.47000391552251386, 0.010209445687663021, 0.6810985171589007, 0.23228783958368993, 1]
[0.096141485166137367, 0.0016806516260524573, -0.015853817605281938, 1.5956030054437462, 1.5148037184240681, 1.578944656122294, 1.4571889391375537, 1.4116087131539277, 1.4522970357350538, 0.48439090704719245, 0.47000391552251386, 0.010209445687663021, 1, 0.23228783958368993, 1]
[0.09617050427758124, 0.00017773426992163612, -0.015250339895777657, 1.5836947023558257, 1.4731406005746277, 1.5965858045455428, 1.4625094983104392, 1.4133269264569042, 1.4829409891239169, 0.48439090704719245, 0.47000391552251386, 0.010209445687663021, 0.6810985171589007, 0.23228783958368993, 1]
[0.097166184910636014, 0.00017773426992163612, -0.015250339895777657, 1.5836947023558257, 1.4835740459096172, 1.578944656122294, 1.4625094983104392, 1.4133269264569042, 1.4829409891239169, 0.48439090704719245, 0.47000391552251386, 0.010209445687663021, 0.6810985171589007, 0.23228783958368993, 1]
[0.09617050427758124, 0.00017773426992163612, -0.015250339895777657, 1.5836947023558257, 1.4835740459096172, 1.578944656122294, 1.4625094983104392, 1.4133269264569042, 1.4829409891239169, 0.48439090704719245, 0.47000391552251386, 0.010209445687663021, 0.6810985171589007, 0.23228783958368993, 1]
[0.09617050427758124, 0.00017773426992163612, -0.015250339895777657, 1.5836947023558257, 1.4731406005746277, 1.5965858045455428, 1.4625094983104392, 1.4229967594978798, 1.4829409891239169, 0.48439090704719245, 0.47000391552251386, 0.010209445687663021, 0.6810985171589007, 0.23228783958368993, 1]
[0.09617050427758124, 0.00017773426992163612, -0.015853817605281938, 1.5836947023558257, 1.4731406005746277, 1.5965858045455428, 1.4625094983104392, 1.4021503030964193, 1.4829409891239169, 0.48439090704719245, 0.47000391552251386, 0.010209445687663021, 0.6810985171589007, 0.23228783958368993, 1]
[0.09617050427758124, 0.00017773426992163612, -0.015250339895777657, 1.5836947023558257, 1.4874199708609026, 1.578944656122294, 1.4625094983104392, 1.4133269264569042, 1.4829409891239169, 0.48439090704719245, 0.47000391552251386, 0.010209445687663021, 0.6810985171589007, 0.23228783958368993, 1]
[0.09617050427758124, 0.00017773426992163612, -0.015250339895777657, 1.5836947023558257, 1.4874199708609026, 1.578944656122294, 1.4625094983104392, 1.4133269264569042, 1.4829409891239169, 0.48439090704719245, 0.47000391552251386, 0.010209445687663021, 0.6810985171589007, 0.23228783958368993, 1]
[0.09617050427758124, 0.00017773426992163612, -0.016163716846208317, 1.5836947023558257, 1.4835740459096172, 1.578944656122294, 1.4625094983104392, 1.4229967594978798, 1.4829409891239169, 0.48439090704719245, 0.47000391552251386, 0.010209445687663021, 0.6810985171589007, 0.23228783958368993, 1]
[0.09617050427758124, 0.00017773426992163612, -0.016163716846208317, 1.6, 1.4835740459096172, 1.578944656122294, 1.4625094983104392, 1.4190391808044667, 1.4522970357350538, 0.48439090704719245, 0.47000391552251386, 0.010209445687663021, 0.6810985171589007, 0.23228783958368993, 1]
[0.09617050427758124, 0.00017773426992163612, -0.015853817605281938, 1.5836947023558257, 1.4874199708609026, 1.578944656122294, 1.4625094983104392, 1.4021503030964193, 1.4829409891239169, 0.48439090704719245, 0.47000391552251386, 0.010209445687663021, 0.6810985171589007, 0.23228783958368993, 1]
[0.09617050427758124, 0.00017773426992163612, -0.015853817605281938, 1.5836947023558257, 1.4874199708609026, 1.578944656122294, 1.4625094983104392, 1.4133269264569042, 1.4829409891239169, 0.48439090704719245, 0.47000391552251386, 0.010209445687663021, 0.6810985171589007, 0.23228783958368993, 1]
[0.09592243235704206, 0.00047894484578972453, -0.015853817605281938, 1.5836947023558257, 1.5007733552129272, 1.578944656122294, 1.4625094983104392, 1.4021503030964193, 1.4829409891239169, 0.48439090704719245, 0.47000391552251386, 0.010209445687663021, 0.6810985171589007, 0.23228783958368993, 1]
[0.09617050427758124, 0.00017773426992163612, -0.015250339895777657, 1.6, 1.4738978814215213, 1.578944656122294, 1.4625094983104392, 1.4021503030964193, 1.4829409891239169, 0.48439090704719245, 0.47000391552251386, 0.010209445687663021, 0.6810985171589007, 0.23228783958368993, 1]
[0.09592243235704206, 0.00017773426992163612, -0.015250339895777657, 1.6, 1.4874199708609026, 1.578944656122294, 1.4625094983104392, 1.4190391808044667, 1.4522970357350538, 0.48439090704719245, 0.47000391552251386, 0.010209445687663021, 0.6810985171589007, 0.23228783958368993, 1]
[0.09592243235704206, 0.00047894484578972453, -0.015250339895777657, 1.5836947023558257, 1.5007733552129272, 1.578944656122294, 1.4625094983104392, 1.4021503030964193, 1.4829409891239169, 0.48439090704719245, 0.47000391552251386, 0.010209445687663021, 0.6810985171589007, 0.23228783958368993, 1]
[0.09592243235704206, 0.00017773426992163612, -0.015250339895777657, 1.5991470533440448, 1.4874199708609026, 1.578944656122294, 1.4625094983104392, 1.4190391808044667, 1.4522970357350538, 0.48439090704719245, 0.47000391552251386, 0.010209445687663021, 0.6810985171589007, 0.23228783958368993, 1]
[0.09592243235704206, 0.00017773426992163612, -0.015250339895777657, 1.6, 1.4874199708609026, 1.578944656122294, 1.4625094983104392, 1.4133269264569042, 1.4522970357350538, 0.48439090704719245, 0.47000391552251386, 0.010209445687663021, 0.6810985171589007, 0.23228783958368993, 1]
