Score=0.132404677721
[0.0032754867767964993, -0.035247508398187424, 0.016345843743021105, 1.4026979678161835, 1.5455538924470598, 1.4313981952927652, 1.5895216417376827, 1.4527681546723865, 1.6, 0.2956468699190422, 0.34028952686143255, 1, 0.04599584097588805, 1, 0.4616442448771726]

Score=0.0127812376338
[0.0032754867767964993, -0.035247508398187424, 0.016345843743021105, 1.4026979678161835, 1.5455538924470598, 1.4344929984193708, 1.5895216417376827, 1.4549206177079783, 1.6, 0.2956468699190422, 0.34028952686143255, 1, 0.04599584097588805, 1, 0.4616442448771726]

Score=0.0335423255623
[0.0032754867767964993, -0.033676731360253329, 0.016975554175693606, 1.4242878229797151, 1.5455538924470598, 1.4313981952927652, 1.6, 1.4549206177079783, 1.6, 0.2956468699190422, 0.34028952686143255, 1, 0.04599584097588805, 1, 0.4616442448771726]

Score=0.123814547178
[0.0027610453039233177, -0.033585204098319665, 0.016040393615821161, 1.4026979678161835, 1.5299748539588409, 1.4313981952927652, 1.6, 1.4549206177079783, 1.6, 0.2956468699190422, 0.34028952686143255, 1, 0.04599584097588805, 1, 0.4616442448771726]

Score=0.293974261807
[0.0032754867767964993, -0.033676731360253329, 0.016345843743021105, 1.4026979678161835, 1.5455538924470598, 1.4344929984193708, 1.5895216417376827, 1.4549206177079783, 1.6, 0.2956468699190422, 0.34028952686143255, 1, 0.04599584097588805, 1, 0.4616442448771726]

Score=0.0132516517141
[0.0032754867767964993, -0.033676731360253329, 0.016345843743021105, 1.4026979678161835, 1.5455538924470598, 1.4344929984193708, 1.6, 1.4549206177079783, 1.6, 0.2956468699190422, 0.34028952686143255, 1, 0.04599584097588805, 1, 0.4616442448771726]

Score=0.194985779058
[0.0032754867767964993, -0.033585204098319665, 0.016040393615821161, 1.4026979678161835, 1.5299748539588409, 1.4313981952927652, 1.6, 1.440194926265681, 1.6, 0.2956468699190422, 0.34028952686143255, 1, 0.04599584097588805, 1, 0.4616442448771726]

Score=0.0286439328251
[0.0032754867767964993, -0.033676731360253329, 0.016975554175693606, 1.4242878229797151, 1.5299748539588409, 1.4344929984193708, 1.6, 1.440194926265681, 1.6, 0.2956468699190422, 0.34028952686143255, 1, 0.04599584097588805, 1, 0.4616442448771726]

Score=0.215208003696
[0.0032754867767964993, -0.033585204098319665, 0.016975554175693606, 1.4199579233158346, 1.5228887068425954, 1.4313981952927652, 1.6, 1.440194926265681, 1.6, 0.2956468699190422, 0.34028952686143255, 1, 1, 1, 0.4616442448771726]

Score=0.0870805056849
[0.0032754867767964993, -0.033676731360253329, 0.016345843743021105, 1.4026979678161835, 1.5299748539588409, 1.4344929984193708, 1.6, 1.4603187144096537, 1.6, 0.2956468699190422, 0.34028952686143255, 1, 0.04599584097588805, 1, 0.4616442448771726]

Score=0.123650234574
[0.0032754867767964993, -0.033676731360253329, 0.016345843743021105, 1.4026979678161835, 1.5299748539588409, 1.4344929984193708, 1.6, 1.4549206177079783, 1.6, 0.2956468699190422, 0.34028952686143255, 1, 0.04599584097588805, 1, 0.4616442448771726]

Score=0.0325607446359
[0.0032754867767964993, -0.033585204098319665, 0.016040393615821161, 1.4160938913956218, 1.5228887068425954, 1.4313981952927652, 1.6, 1.440194926265681, 1.6, 0.2956468699190422, 0.34028952686143255, 1, 0.04599584097588805, 1, 0.4616442448771726]

Score=0.026299107268
[0.0032754867767964993, -0.038123379847715605, 0.016040393615821161, 1.4160938913956218, 1.5228887068425954, 1.4313981952927652, 1.6, 1.4603187144096537, 1.6, 0.2956468699190422, 0.34028952686143255, 1, 0.04599584097588805, 1, 0.4616442448771726]

Score=0.017396798412
[0.0019849393263963932, -0.038123379847715605, 0.016871950580568177, 1.4160938913956218, 1.5228887068425954, 1.4313981952927652, 1.6, 1.440194926265681, 1.6, 0.2956468699190422, 0.34028952686143255, 1, 0.04599584097588805, 1, 0.4616442448771726]

Score=0.199887100959
[0.0032754867767964993, -0.033585204098319665, 0.016040393615821161, 1.4, 1.5332436059762371, 1.4313981952927652, 1.6, 1.4603187144096537, 1.6, 0.2956468699190422, 0.34028952686143255, 1, 0.04599584097588805, 1, 1]

Score=0.107374173775
[0.0032754867767964993, -0.038123379847715605, 0.016040393615821161, 1.401898806802865, 1.5228887068425954, 1.4313981952927652, 1.6, 1.4681389005832903, 1.6, 0.2956468699190422, 0.34028952686143255, 1, 0.04599584097588805, 1, 0.4616442448771726]

Score=0.0355369397697
[0.0032754867767964993, -0.038123379847715605, 0.016040393615821161, 1.4026979678161835, 1.5228887068425954, 1.4313981952927652, 1.6, 1.4603187144096537, 1.6, 0.2956468699190422, 0.34028952686143255, 1, 0.04599584097588805, 1, 0.4616442448771726]

Score=0.0430675170635
[0.0019849393263963932, -0.038123379847715605, 0.016871950580568177, 1.4160938913956218, 1.5332436059762371, 1.4313981952927652, 1.6, 1.4603187144096537, 1.6, 0.2956468699190422, 0.34028952686143255, 1, 0.04599584097588805, 1, 0.4616442448771726]

Score=0.10368548542
[0.0032754867767964993, -0.038123379847715605, 0.016040393615821161, 1.401674547052471, 1.5332436059762371, 1.4313981952927652, 1.6, 1.4603187144096537, 1.6, 0.2956468699190422, 0.34028952686143255, 1, 0.04599584097588805, 1, 0.4616442448771726]

Score=0.174292681162
[0.0027610453039233177, -0.038123379847715605, 0.016040393615821161, 1.4026979678161835, 1.5332436059762371, 1.4313981952927652, 1.5895216417376827, 1.4603187144096537, 1.6, 0.2956468699190422, 0.34028952686143255, 1, 0.04599584097588805, 1, 1]

Score=0.110146065695
[0.0032754867767964993, -0.038123379847715605, 0.016871950580568177, 1.4026979678161835, 1.553749472095165, 1.4313981952927652, 1.6, 1.4603187144096537, 1.6, 0.2956468699190422, 0.34028952686143255, 1, 0.04599584097588805, 1, 0.4616442448771726]

Score=0.0730066705892
[0.0027610453039233177, -0.038123379847715605, 0.016040393615821161, 1.4026979678161835, 1.5332436059762371, 1.4313981952927652, 1.5895216417376827, 1.4765928859255435, 1.6, 0.2956468699190422, 0.34028952686143255, 1, 0.04599584097588805, 1, 0.4616442448771726]

Score=0.00794359217719
[0.0032754867767964993, -0.038123379847715605, 0.016040393615821161, 1.4026979678161835, 1.5332436059762371, 1.4313981952927652, 1.6, 1.4603187144096537, 1.6, 0.2956468699190422, 0.34028952686143255, 1, 0.04599584097588805, 1, 0.4616442448771726]

Score=0.0259350898099
[0.0019849393263963932, -0.035247508398187424, 0.016040393615821161, 1.4026979678161835, 1.5332436059762371, 1.4313981952927652, 1.6, 1.4603187144096537, 1.6, 0.2956468699190422, 0.34028952686143255, 1, 0.04599584097588805, 1, 0.4616442448771726]

Score=0.0136742966319
[0.0027610453039233177, -0.035247508398187424, 0.016040393615821161, 1.4242878229797151, 1.5332436059762371, 1.4313981952927652, 1.5895216417376827, 1.4765928859255435, 1.6, 0.2956468699190422, 0.34028952686143255, 1, 0.04599584097588805, 1, 0.4616442448771726]

Score=0.152073304486
[0.0032754867767964993, -0.035247508398187424, 0.016345843743021105, 1.4242878229797151, 1.5455538924470598, 1.4313981952927652, 1.6, 1.4765928859255435, 1.6, 0.2956468699190422, 0.34028952686143255, 1, 0.04599584097588805, 1, 0.4616442448771726]

Score=0.0168930446915
[0.0027610453039233177, -0.035247508398187424, 0.016040393615821161, 1.4026979678161835, 1.5332436059762371, 1.4313981952927652, 1.6, 1.4765928859255435, 1.6, 0.2956468699190422, 0.34028952686143255, 1, 0.04599584097588805, 1, 0.4616442448771726]

Score=0.112232441709
[0.0019849393263963932, -0.035247508398187424, 0.016040393615821161, 1.4026979678161835, 1.5332436059762371, 1.4313981952927652, 1.6, 1.4603187144096537, 1.6, 0.2956468699190422, 0.34028952686143255, 1, 0.04599584097588805, 1, 0.4616442448771726]

Score=0.012623681245
[0.0032754867767964993, -0.035247508398187424, 0.016345843743021105, 1.4026979678161835, 1.5455538924470598, 1.4344929984193708, 1.5895216417376827, 1.4527681546723865, 1.6, 0.2956468699190422, 0.34028952686143255, 1, 0.04599584097588805, 1, 0.4616442448771726]

Score=0.166687205861
[0.0032754867767964993, -0.035247508398187424, 0.016345843743021105, 1.4026979678161835, 1.5455538924470598, 1.4344929984193708, 1.5895216417376827, 1.4549206177079783, 1.6, 0.2956468699190422, 0.34028952686143255, 1, 0.04599584097588805, 1, 0.4616442448771726]




Final Population
[0.0032754867767964993, -0.035247508398187424, 0.016345843743021105, 1.4026979678161835, 1.5455538924470598, 1.4313981952927652, 1.5895216417376827, 1.4527681546723865, 1.6, 0.2956468699190422, 0.34028952686143255, 1, 0.04599584097588805, 1, 0.4616442448771726]
[0.0032754867767964993, -0.035247508398187424, 0.016345843743021105, 1.4026979678161835, 1.5455538924470598, 1.4344929984193708, 1.5895216417376827, 1.4549206177079783, 1.6, 0.2956468699190422, 0.34028952686143255, 1, 0.04599584097588805, 1, 0.4616442448771726]
[0.0032754867767964993, -0.033676731360253329, 0.016975554175693606, 1.4242878229797151, 1.5455538924470598, 1.4313981952927652, 1.6, 1.4549206177079783, 1.6, 0.2956468699190422, 0.34028952686143255, 1, 0.04599584097588805, 1, 0.4616442448771726]
[0.0027610453039233177, -0.033585204098319665, 0.016040393615821161, 1.4026979678161835, 1.5299748539588409, 1.4313981952927652, 1.6, 1.4549206177079783, 1.6, 0.2956468699190422, 0.34028952686143255, 1, 0.04599584097588805, 1, 0.4616442448771726]
[0.0032754867767964993, -0.033676731360253329, 0.016345843743021105, 1.4026979678161835, 1.5455538924470598, 1.4344929984193708, 1.5895216417376827, 1.4549206177079783, 1.6, 0.2956468699190422, 0.34028952686143255, 1, 0.04599584097588805, 1, 0.4616442448771726]
[0.0032754867767964993, -0.033676731360253329, 0.016345843743021105, 1.4026979678161835, 1.5455538924470598, 1.4344929984193708, 1.6, 1.4549206177079783, 1.6, 0.2956468699190422, 0.34028952686143255, 1, 0.04599584097588805, 1, 0.4616442448771726]
[0.0032754867767964993, -0.033585204098319665, 0.016040393615821161, 1.4026979678161835, 1.5299748539588409, 1.4313981952927652, 1.6, 1.440194926265681, 1.6, 0.2956468699190422, 0.34028952686143255, 1, 0.04599584097588805, 1, 0.4616442448771726]
[0.0032754867767964993, -0.033676731360253329, 0.016975554175693606, 1.4242878229797151, 1.5299748539588409, 1.4344929984193708, 1.6, 1.440194926265681, 1.6, 0.2956468699190422, 0.34028952686143255, 1, 0.04599584097588805, 1, 0.4616442448771726]
[0.0032754867767964993, -0.033585204098319665, 0.016975554175693606, 1.4199579233158346, 1.5228887068425954, 1.4313981952927652, 1.6, 1.440194926265681, 1.6, 0.2956468699190422, 0.34028952686143255, 1, 1, 1, 0.4616442448771726]
[0.0032754867767964993, -0.033676731360253329, 0.016345843743021105, 1.4026979678161835, 1.5299748539588409, 1.4344929984193708, 1.6, 1.4603187144096537, 1.6, 0.2956468699190422, 0.34028952686143255, 1, 0.04599584097588805, 1, 0.4616442448771726]
[0.0032754867767964993, -0.033676731360253329, 0.016345843743021105, 1.4026979678161835, 1.5299748539588409, 1.4344929984193708, 1.6, 1.4549206177079783, 1.6, 0.2956468699190422, 0.34028952686143255, 1, 0.04599584097588805, 1, 0.4616442448771726]
[0.0032754867767964993, -0.033585204098319665, 0.016040393615821161, 1.4160938913956218, 1.5228887068425954, 1.4313981952927652, 1.6, 1.440194926265681, 1.6, 0.2956468699190422, 0.34028952686143255, 1, 0.04599584097588805, 1, 0.4616442448771726]
[0.0032754867767964993, -0.038123379847715605, 0.016040393615821161, 1.4160938913956218, 1.5228887068425954, 1.4313981952927652, 1.6, 1.4603187144096537, 1.6, 0.2956468699190422, 0.34028952686143255, 1, 0.04599584097588805, 1, 0.4616442448771726]
[0.0019849393263963932, -0.038123379847715605, 0.016871950580568177, 1.4160938913956218, 1.5228887068425954, 1.4313981952927652, 1.6, 1.440194926265681, 1.6, 0.2956468699190422, 0.34028952686143255, 1, 0.04599584097588805, 1, 0.4616442448771726]
[0.0032754867767964993, -0.033585204098319665, 0.016040393615821161, 1.4, 1.5332436059762371, 1.4313981952927652, 1.6, 1.4603187144096537, 1.6, 0.2956468699190422, 0.34028952686143255, 1, 0.04599584097588805, 1, 1]
[0.0032754867767964993, -0.038123379847715605, 0.016040393615821161, 1.401898806802865, 1.5228887068425954, 1.4313981952927652, 1.6, 1.4681389005832903, 1.6, 0.2956468699190422, 0.34028952686143255, 1, 0.04599584097588805, 1, 0.4616442448771726]
[0.0032754867767964993, -0.038123379847715605, 0.016040393615821161, 1.4026979678161835, 1.5228887068425954, 1.4313981952927652, 1.6, 1.4603187144096537, 1.6, 0.2956468699190422, 0.34028952686143255, 1, 0.04599584097588805, 1, 0.4616442448771726]
[0.0019849393263963932, -0.038123379847715605, 0.016871950580568177, 1.4160938913956218, 1.5332436059762371, 1.4313981952927652, 1.6, 1.4603187144096537, 1.6, 0.2956468699190422, 0.34028952686143255, 1, 0.04599584097588805, 1, 0.4616442448771726]
[0.0032754867767964993, -0.038123379847715605, 0.016040393615821161, 1.401674547052471, 1.5332436059762371, 1.4313981952927652, 1.6, 1.4603187144096537, 1.6, 0.2956468699190422, 0.34028952686143255, 1, 0.04599584097588805, 1, 0.4616442448771726]
[0.0027610453039233177, -0.038123379847715605, 0.016040393615821161, 1.4026979678161835, 1.5332436059762371, 1.4313981952927652, 1.5895216417376827, 1.4603187144096537, 1.6, 0.2956468699190422, 0.34028952686143255, 1, 0.04599584097588805, 1, 1]
[0.0032754867767964993, -0.038123379847715605, 0.016871950580568177, 1.4026979678161835, 1.553749472095165, 1.4313981952927652, 1.6, 1.4603187144096537, 1.6, 0.2956468699190422, 0.34028952686143255, 1, 0.04599584097588805, 1, 0.4616442448771726]
[0.0027610453039233177, -0.038123379847715605, 0.016040393615821161, 1.4026979678161835, 1.5332436059762371, 1.4313981952927652, 1.5895216417376827, 1.4765928859255435, 1.6, 0.2956468699190422, 0.34028952686143255, 1, 0.04599584097588805, 1, 0.4616442448771726]
[0.0032754867767964993, -0.038123379847715605, 0.016040393615821161, 1.4026979678161835, 1.5332436059762371, 1.4313981952927652, 1.6, 1.4603187144096537, 1.6, 0.2956468699190422, 0.34028952686143255, 1, 0.04599584097588805, 1, 0.4616442448771726]
[0.0019849393263963932, -0.035247508398187424, 0.016040393615821161, 1.4026979678161835, 1.5332436059762371, 1.4313981952927652, 1.6, 1.4603187144096537, 1.6, 0.2956468699190422, 0.34028952686143255, 1, 0.04599584097588805, 1, 0.4616442448771726]
[0.0027610453039233177, -0.035247508398187424, 0.016040393615821161, 1.4242878229797151, 1.5332436059762371, 1.4313981952927652, 1.5895216417376827, 1.4765928859255435, 1.6, 0.2956468699190422, 0.34028952686143255, 1, 0.04599584097588805, 1, 0.4616442448771726]
[0.0032754867767964993, -0.035247508398187424, 0.016345843743021105, 1.4242878229797151, 1.5455538924470598, 1.4313981952927652, 1.6, 1.4765928859255435, 1.6, 0.2956468699190422, 0.34028952686143255, 1, 0.04599584097588805, 1, 0.4616442448771726]
[0.0027610453039233177, -0.035247508398187424, 0.016040393615821161, 1.4026979678161835, 1.5332436059762371, 1.4313981952927652, 1.6, 1.4765928859255435, 1.6, 0.2956468699190422, 0.34028952686143255, 1, 0.04599584097588805, 1, 0.4616442448771726]
[0.0019849393263963932, -0.035247508398187424, 0.016040393615821161, 1.4026979678161835, 1.5332436059762371, 1.4313981952927652, 1.6, 1.4603187144096537, 1.6, 0.2956468699190422, 0.34028952686143255, 1, 0.04599584097588805, 1, 0.4616442448771726]
[0.0032754867767964993, -0.035247508398187424, 0.016345843743021105, 1.4026979678161835, 1.5455538924470598, 1.4344929984193708, 1.5895216417376827, 1.4527681546723865, 1.6, 0.2956468699190422, 0.34028952686143255, 1, 0.04599584097588805, 1, 0.4616442448771726]
[0.0032754867767964993, -0.035247508398187424, 0.016345843743021105, 1.4026979678161835, 1.5455538924470598, 1.4344929984193708, 1.5895216417376827, 1.4549206177079783, 1.6, 0.2956468699190422, 0.34028952686143255, 1, 0.04599584097588805, 1, 0.4616442448771726]
