Score=0.0790560188255
alpha=[0.023329826167556435, -0.06803021982371393, 0.048456748658173426]
beta=[1.5732052920278727, 1.5136964736408567, 1.4, 1.4970335078852604, 1.473632831746246, 1.4872215394427561]
gamma=[0.9572073883641155, 1, 0.5365566475636732, 1, 0.992869765572425, 1]
[0.023329826167556435, -0.06803021982371393, 0.048456748658173426, 1.5732052920278727, 1.5136964736408567, 1.4, 1.4970335078852604, 1.473632831746246, 1.4872215394427561, 0.9572073883641155, 1, 0.5365566475636732, 1, 0.992869765572425, 1]

Score=0.0997075163752
alpha=[0.022580284548354305, -0.06803021982371393, 0.048634656222307796]
beta=[1.5778323971132668, 1.5274238868280048, 1.5747672400866124, 1.4793575998130115, 1.473632831746246, 1.481633824537103]
gamma=[1, 1, 0.5365566475636732, 1, 0.992869765572425, 1]
[0.022580284548354305, -0.06803021982371393, 0.048634656222307796, 1.5778323971132668, 1.5274238868280048, 1.5747672400866124, 1.4793575998130115, 1.473632831746246, 1.481633824537103, 1, 1, 0.5365566475636732, 1, 0.992869765572425, 1]

Score=0.0898880635825
alpha=[0.024619627598375916, -0.066793062401006867, 0.048634656222307796]
beta=[1.5749094329249285, 1.5209973710845304, 1.5894033364388092, 1.4793575998130115, 1.473632831746246, 1.4866579542922393]
gamma=[1, 1, 0.5365566475636732, 1, 0.992869765572425, 1]
[0.024619627598375916, -0.066793062401006867, 0.048634656222307796, 1.5749094329249285, 1.5209973710845304, 1.5894033364388092, 1.4793575998130115, 1.473632831746246, 1.4866579542922393, 1, 1, 0.5365566475636732, 1, 0.992869765572425, 1]

Score=0.0538161586933
alpha=[0.024619627598375916, -0.066793062401006867, 0.048420135039206821]
beta=[1.5766223045900074, 1.5328451182852825, 1.563446447973746, 1.4970335078852604, 1.4725298850424897, 1.4866579542922393]
gamma=[1, 1, 0.5365566475636732, 1, 0.992869765572425, 1]
[0.024619627598375916, -0.066793062401006867, 0.048420135039206821, 1.5766223045900074, 1.5328451182852825, 1.563446447973746, 1.4970335078852604, 1.4725298850424897, 1.4866579542922393, 1, 1, 0.5365566475636732, 1, 0.992869765572425, 1]

Score=0.0670733202162
alpha=[0.023405495570075385, -0.066793062401006867, 0.048634656222307796]
beta=[1.5732052920278727, 1.5192409431524914, 1.563446447973746, 1.4890186309212401, 1.473632831746246, 1.4798227813679792]
gamma=[1, 1, 0.5365566475636732, 1, 0.992869765572425, 1]
[0.023405495570075385, -0.066793062401006867, 0.048634656222307796, 1.5732052920278727, 1.5192409431524914, 1.563446447973746, 1.4890186309212401, 1.473632831746246, 1.4798227813679792, 1, 1, 0.5365566475636732, 1, 0.992869765572425, 1]

Score=0.0940943475573
alpha=[0.024619627598375916, -0.066793062401006867, 0.048420135039206821]
beta=[1.5749094329249285, 1.5328451182852825, 1.5894033364388092, 1.4890186309212401, 1.472245979918734, 1.4866579542922393]
gamma=[1, 1, 0.5365566475636732, 1, 0.992869765572425, 1]
[0.024619627598375916, -0.066793062401006867, 0.048420135039206821, 1.5749094329249285, 1.5328451182852825, 1.5894033364388092, 1.4890186309212401, 1.472245979918734, 1.4866579542922393, 1, 1, 0.5365566475636732, 1, 0.992869765572425, 1]

Score=0.0578484879277
alpha=[0.023405495570075385, -0.06803021982371393, 0.047618214739849327]
beta=[1.5749094329249285, 1.5136964736408567, 1.563446447973746, 1.4890186309212401, 1.473632831746246, 1.4798227813679792]
gamma=[1, 1, 0.5365566475636732, 1, 0.992869765572425, 1]
[0.023405495570075385, -0.06803021982371393, 0.047618214739849327, 1.5749094329249285, 1.5136964736408567, 1.563446447973746, 1.4890186309212401, 1.473632831746246, 1.4798227813679792, 1, 1, 0.5365566475636732, 1, 0.992869765572425, 1]

Score=0.0717999356363
alpha=[0.023405495570075385, -0.066793062401006867, 0.047618214739849327]
beta=[1.5749094329249285, 1.5136964736408567, 1.6, 1.501117395542444, 1.473632831746246, 1.4904151178057181]
gamma=[1, 1, 0.5365566475636732, 1, 0.992869765572425, 1]
[0.023405495570075385, -0.066793062401006867, 0.047618214739849327, 1.5749094329249285, 1.5136964736408567, 1.6, 1.501117395542444, 1.473632831746246, 1.4904151178057181, 1, 1, 0.5365566475636732, 1, 0.992869765572425, 1]

Score=0.0733158691445
alpha=[0.024619627598375916, -0.066793062401006867, 0.048420135039206821]
beta=[1.5860883730586397, 1.5328451182852825, 1.5875219802749352, 1.4890186309212401, 1.472245979918734, 1.4866579542922393]
gamma=[1, 1, 0.5365566475636732, 1, 0.992869765572425, 1]
[0.024619627598375916, -0.066793062401006867, 0.048420135039206821, 1.5860883730586397, 1.5328451182852825, 1.5875219802749352, 1.4890186309212401, 1.472245979918734, 1.4866579542922393, 1, 1, 0.5365566475636732, 1, 0.992869765572425, 1]

Score=0.0924228539431
alpha=[0.023405495570075385, -0.066793062401006867, 0.047618214739849327]
beta=[1.5749094329249285, 1.5136964736408567, 1.6, 1.4890186309212401, 1.473632831746246, 1.4798227813679792]
gamma=[1, 1, 0.5365566475636732, 1, 0.992869765572425, 1]
[0.023405495570075385, -0.066793062401006867, 0.047618214739849327, 1.5749094329249285, 1.5136964736408567, 1.6, 1.4890186309212401, 1.473632831746246, 1.4798227813679792, 1, 1, 0.5365566475636732, 1, 0.992869765572425, 1]

