Score=0.142387214321
[0.00340500381559089, -0.017337907217185557, 0.018713286860020349, 1.5805324171283881, 1.5942351476607624, 1.4925109023942154, 1.4451051667851531, 1.414657296902704, 1.4217116449742746, 0.398756603130764, 0.18074320217302586, 1, 1, 1, 1]

Score=0.0237629706557
[0.00340500381559089, -0.017337907217185557, 0.018713286860020349, 1.5805324171283881, 1.5942351476607624, 1.4925109023942154, 1.4451051667851531, 1.414657296902704, 1.4217116449742746, 0.398756603130764, 0.18074320217302586, 1, 1, 1, 1]

Score=0.0822929227133
[0.00340500381559089, -0.017337907217185557, 0.019709618808918417, 1.5856943324026969, 1.5942351476607624, 1.4925109023942154, 1.4351570010272947, 1.414657296902704, 1.4217116449742746, 0.398756603130764, 0.18074320217302586, 1, 1, 0.9656435376106981, 1]

Score=0.0217314218444
[0.00340500381559089, -0.017337907217185557, 0.019709618808918417, 1.5856943324026969, 1.5942351476607624, 1.4925109023942154, 1.4451051667851531, 1.414657296902704, 1.4217116449742746, 0.398756603130764, 0.18074320217302586, 1, 1, 0.9656435376106981, 1]

Score=0.184444788556
[0.00340500381559089, -0.017337907217185557, 0.019709618808918417, 1.5856943324026969, 1.5942351476607624, 1.4925109023942154, 1.4451051667851531, 1.414657296902704, 1.4217116449742746, 0.398756603130764, 0.18074320217302586, 1, 1, 0.9656435376106981, 1]

Score=0.0664153291363
[0.00340500381559089, -0.017337907217185557, 0.019709618808918417, 1.5856943324026969, 1.5942351476607624, 1.4925109023942154, 1.4312928174921837, 1.414657296902704, 1.4217116449742746, 0.398756603130764, 0.18074320217302586, 1, 1, 0.9656435376106981, 1]

Score=0.0209067292118
[0.00340500381559089, -0.017337907217185557, 0.019709618808918417, 1.5856943324026969, 1.5942351476607624, 1.4925109023942154, 1.4451051667851531, 1.414657296902704, 1.4217116449742746, 0.398756603130764, 0.18074320217302586, 1, 1, 0.9656435376106981, 1]

Score=0.129510283617
[0.00340500381559089, -0.017337907217185557, 0.019709618808918417, 1.5856943324026969, 1.5942351476607624, 1.4925109023942154, 1.4451051667851531, 1.4195951298900602, 1.4217116449742746, 0.398756603130764, 0.18074320217302586, 1, 1, 1, 1]

Score=0.0232794778834
[0.00340500381559089, -0.017337907217185557, 0.019709618808918417, 1.5856943324026969, 1.5942351476607624, 1.4925109023942154, 1.4451051667851531, 1.4352857605985412, 1.4217116449742746, 0.398756603130764, 0.18074320217302586, 1, 1, 0.9656435376106981, 1]

Score=0.0391981212251
[0.00340500381559089, -0.017337907217185557, 0.019709618808918417, 1.5856943324026969, 1.5942351476607624, 1.4925109023942154, 1.4451051667851531, 1.4352857605985412, 1.4217116449742746, 0.398756603130764, 0.18074320217302586, 1, 1, 0.9656435376106981, 1]

Score=0.139255388718
[0.00340500381559089, -0.017337907217185557, 0.019709618808918417, 1.5856943324026969, 1.5942351476607624, 1.4925109023942154, 1.4451051667851531, 1.4352857605985412, 1.4207744133005675, 0.398756603130764, 0.18074320217302586, 1, 1, 0.9656435376106981, 1]

Score=0.0406279972325
[0.00340500381559089, -0.017337907217185557, 0.019709618808918417, 1.5856943324026969, 1.5925181520696621, 1.5059381789229627, 1.4451051667851531, 1.4447023343728633, 1.4217116449742746, 0.398756603130764, 0.18074320217302586, 1, 1, 0.9656435376106981, 1]

Score=0.0965401872051
[0.00340500381559089, -0.017337907217185557, 0.019709618808918417, 1.5856943324026969, 1.5942351476607624, 1.5040629849505109, 1.4312928174921837, 1.4212731920963346, 1.4290611103528521, 0.398756603130764, 0.18074320217302586, 1, 1, 0.9656435376106981, 1]

Score=0.499934267799
[0.00340500381559089, -0.017337907217185557, 0.019709618808918417, 1.5856943324026969, 1.5754405628037185, 1.4925109023942154, 1.4385435578287442, 1.4212731920963346, 1.4207744133005675, 0.398756603130764, 1, 1, 1, 0.9656435376106981, 1]

Score=0.119812724903
[0.00340500381559089, -0.017337907217185557, 0.019709618808918417, 1.5856943324026969, 1.5956877318981348, 1.5059381789229627, 1.4312928174921837, 1.4212731920963346, 1.4008443892935531, 0.398756603130764, 0.18074320217302586, 1, 1, 1, 1]

Score=0.140088737243
[0.00340500381559089, -0.017337907217185557, 0.019709618808918417, 1.5856943324026969, 1.5754405628037185, 1.4925109023942154, 1.4312928174921837, 1.4447023343728633, 1.4207744133005675, 0.398756603130764, 0.18074320217302586, 1, 1, 0.9656435376106981, 1]

Score=0.0443302896226
[0.00340500381559089, -0.017608155917798036, 0.019709618808918417, 1.5856943324026969, 1.5925181520696621, 1.5059381789229627, 1.4451051667851531, 1.4212731920963346, 1.4207744133005675, 0.398756603130764, 0.18074320217302586, 1, 1, 1, 1]

Score=0.193764092517
[0.00340500381559089, -0.017337907217185557, 0.019709618808918417, 1.5856943324026969, 1.5956877318981348, 1.5059381789229627, 1.4385435578287442, 1.4212731920963346, 1.4008443892935531, 0.398756603130764, 0.18074320217302586, 1, 1, 1, 1]

Score=0.0237898293828
[0.00340500381559089, -0.017337907217185557, 0.019709618808918417, 1.5856943324026969, 1.5754405628037185, 1.4925109023942154, 1.4385435578287442, 1.4212731920963346, 1.4207744133005675, 0.398756603130764, 0.18074320217302586, 1, 1, 0.9656435376106981, 1]

Score=0.0322192025456
[0.00340500381559089, -0.017337907217185557, 0.019709618808918417, 1.5856943324026969, 1.5925181520696621, 1.5059381789229627, 1.4414442751518295, 1.4212731920963346, 1.4207744133005675, 0.398756603130764, 0.18074320217302586, 1, 1, 1, 1]

Score=0.0830865896649
[0.00340500381559089, -0.017337907217185557, 0.019709618808918417, 1.5856943324026969, 1.5956877318981348, 1.5059381789229627, 1.4414442751518295, 1.4212731920963346, 1.4008443892935531, 0.398756603130764, 0.18074320217302586, 1, 1, 1, 1]

Score=0.0242148845425
[0.00340500381559089, -0.017337907217185557, 0.019709618808918417, 1.5856943324026969, 1.5754405628037185, 1.4925109023942154, 1.4414442751518295, 1.4212731920963346, 1.4207744133005675, 0.398756603130764, 0.18074320217302586, 1, 1, 0.9656435376106981, 1]

Score=0.408981301566
[0.0025290105527111112, -0.017247613833865246, 0.018713286860020349, 1.5805324171283881, 1.5942351476607624, 1.4941795250450103, 1.4385435578287442, 1.4212731920963346, 1.4207744133005675, 0.398756603130764, 0.18074320217302586, 1, 1, 0.9656435376106981, 1]

Score=0.343451326355
[0.00340500381559089, -0.017337907217185557, 0.020756368650915416, 1.5856943324026969, 1.5754405628037185, 1.4925109023942154, 1.4451051667851531, 1.4195951298900602, 1.4207744133005675, 0.398756603130764, 0.18074320217302586, 1, 1, 0.9656435376106981, 1]

Score=0.181296633747
[0.00340500381559089, -0.017337907217185557, 0.019709618808918417, 1.5856943324026969, 1.5942351476607624, 1.4925109023942154, 1.4451051667851531, 1.4146232118635893, 1.4207744133005675, 0.398756603130764, 0.18074320217302586, 1, 1, 1, 1]

Score=0.0230631449427
[0.00340500381559089, -0.017247613833865246, 0.020756368650915416, 1.5856943324026969, 1.5754405628037185, 1.4925109023942154, 1.4451051667851531, 1.4212731920963346, 1.4207744133005675, 0.398756603130764, 0.18074320217302586, 1, 1, 1, 1]

Score=0.0264761495488
[0.00340500381559089, -0.017337907217185557, 0.018713286860020349, 1.5805324171283881, 1.5942351476607624, 1.4925109023942154, 1.4385435578287442, 1.4146232118635893, 1.4207744133005675, 0.398756603130764, 0.18074320217302586, 1, 1, 1, 1]

Score=0.0575121540813
[0.00340500381559089, -0.017337907217185557, 0.019709618808918417, 1.5856943324026969, 1.5942351476607624, 1.4925109023942154, 1.4451051667851531, 1.4146232118635893, 1.4217116449742746, 0.398756603130764, 0.18074320217302586, 1, 1, 1, 1]

Score=0.0407498959765
[0.00340500381559089, -0.01673607206566205, 0.019709618808918417, 1.5805324171283881, 1.5942351476607624, 1.4925109023942154, 1.4451051667851531, 1.4195951298900602, 1.4217116449742746, 0.398756603130764, 0.18074320217302586, 1, 1, 1, 1]

Score=0.240870301108
[0.00340500381559089, -0.017337907217185557, 0.019709618808918417, 1.5856943324026969, 1.5942351476607624, 1.4866688700932602, 1.4451051667851531, 1.414657296902704, 1.4217116449742746, 0.398756603130764, 0.18074320217302586, 1, 1, 1, 1]




Final Population
[0.00340500381559089, -0.017337907217185557, 0.018713286860020349, 1.5805324171283881, 1.5942351476607624, 1.4925109023942154, 1.4451051667851531, 1.414657296902704, 1.4217116449742746, 0.398756603130764, 0.18074320217302586, 1, 1, 1, 1]
[0.00340500381559089, -0.017337907217185557, 0.018713286860020349, 1.5805324171283881, 1.5942351476607624, 1.4925109023942154, 1.4451051667851531, 1.414657296902704, 1.4217116449742746, 0.398756603130764, 0.18074320217302586, 1, 1, 1, 1]
[0.00340500381559089, -0.017337907217185557, 0.019709618808918417, 1.5856943324026969, 1.5942351476607624, 1.4925109023942154, 1.4351570010272947, 1.414657296902704, 1.4217116449742746, 0.398756603130764, 0.18074320217302586, 1, 1, 0.9656435376106981, 1]
[0.00340500381559089, -0.017337907217185557, 0.019709618808918417, 1.5856943324026969, 1.5942351476607624, 1.4925109023942154, 1.4451051667851531, 1.414657296902704, 1.4217116449742746, 0.398756603130764, 0.18074320217302586, 1, 1, 0.9656435376106981, 1]
[0.00340500381559089, -0.017337907217185557, 0.019709618808918417, 1.5856943324026969, 1.5942351476607624, 1.4925109023942154, 1.4451051667851531, 1.414657296902704, 1.4217116449742746, 0.398756603130764, 0.18074320217302586, 1, 1, 0.9656435376106981, 1]
[0.00340500381559089, -0.017337907217185557, 0.019709618808918417, 1.5856943324026969, 1.5942351476607624, 1.4925109023942154, 1.4312928174921837, 1.414657296902704, 1.4217116449742746, 0.398756603130764, 0.18074320217302586, 1, 1, 0.9656435376106981, 1]
[0.00340500381559089, -0.017337907217185557, 0.019709618808918417, 1.5856943324026969, 1.5942351476607624, 1.4925109023942154, 1.4451051667851531, 1.414657296902704, 1.4217116449742746, 0.398756603130764, 0.18074320217302586, 1, 1, 0.9656435376106981, 1]
[0.00340500381559089, -0.017337907217185557, 0.019709618808918417, 1.5856943324026969, 1.5942351476607624, 1.4925109023942154, 1.4451051667851531, 1.4195951298900602, 1.4217116449742746, 0.398756603130764, 0.18074320217302586, 1, 1, 1, 1]
[0.00340500381559089, -0.017337907217185557, 0.019709618808918417, 1.5856943324026969, 1.5942351476607624, 1.4925109023942154, 1.4451051667851531, 1.4352857605985412, 1.4217116449742746, 0.398756603130764, 0.18074320217302586, 1, 1, 0.9656435376106981, 1]
[0.00340500381559089, -0.017337907217185557, 0.019709618808918417, 1.5856943324026969, 1.5942351476607624, 1.4925109023942154, 1.4451051667851531, 1.4352857605985412, 1.4217116449742746, 0.398756603130764, 0.18074320217302586, 1, 1, 0.9656435376106981, 1]
[0.00340500381559089, -0.017337907217185557, 0.019709618808918417, 1.5856943324026969, 1.5942351476607624, 1.4925109023942154, 1.4451051667851531, 1.4352857605985412, 1.4207744133005675, 0.398756603130764, 0.18074320217302586, 1, 1, 0.9656435376106981, 1]
[0.00340500381559089, -0.017337907217185557, 0.019709618808918417, 1.5856943324026969, 1.5925181520696621, 1.5059381789229627, 1.4451051667851531, 1.4447023343728633, 1.4217116449742746, 0.398756603130764, 0.18074320217302586, 1, 1, 0.9656435376106981, 1]
[0.00340500381559089, -0.017337907217185557, 0.019709618808918417, 1.5856943324026969, 1.5942351476607624, 1.5040629849505109, 1.4312928174921837, 1.4212731920963346, 1.4290611103528521, 0.398756603130764, 0.18074320217302586, 1, 1, 0.9656435376106981, 1]
[0.00340500381559089, -0.017337907217185557, 0.019709618808918417, 1.5856943324026969, 1.5754405628037185, 1.4925109023942154, 1.4385435578287442, 1.4212731920963346, 1.4207744133005675, 0.398756603130764, 1, 1, 1, 0.9656435376106981, 1]
[0.00340500381559089, -0.017337907217185557, 0.019709618808918417, 1.5856943324026969, 1.5956877318981348, 1.5059381789229627, 1.4312928174921837, 1.4212731920963346, 1.4008443892935531, 0.398756603130764, 0.18074320217302586, 1, 1, 1, 1]
[0.00340500381559089, -0.017337907217185557, 0.019709618808918417, 1.5856943324026969, 1.5754405628037185, 1.4925109023942154, 1.4312928174921837, 1.4447023343728633, 1.4207744133005675, 0.398756603130764, 0.18074320217302586, 1, 1, 0.9656435376106981, 1]
[0.00340500381559089, -0.017608155917798036, 0.019709618808918417, 1.5856943324026969, 1.5925181520696621, 1.5059381789229627, 1.4451051667851531, 1.4212731920963346, 1.4207744133005675, 0.398756603130764, 0.18074320217302586, 1, 1, 1, 1]
[0.00340500381559089, -0.017337907217185557, 0.019709618808918417, 1.5856943324026969, 1.5956877318981348, 1.5059381789229627, 1.4385435578287442, 1.4212731920963346, 1.4008443892935531, 0.398756603130764, 0.18074320217302586, 1, 1, 1, 1]
[0.00340500381559089, -0.017337907217185557, 0.019709618808918417, 1.5856943324026969, 1.5754405628037185, 1.4925109023942154, 1.4385435578287442, 1.4212731920963346, 1.4207744133005675, 0.398756603130764, 0.18074320217302586, 1, 1, 0.9656435376106981, 1]
[0.00340500381559089, -0.017337907217185557, 0.019709618808918417, 1.5856943324026969, 1.5925181520696621, 1.5059381789229627, 1.4414442751518295, 1.4212731920963346, 1.4207744133005675, 0.398756603130764, 0.18074320217302586, 1, 1, 1, 1]
[0.00340500381559089, -0.017337907217185557, 0.019709618808918417, 1.5856943324026969, 1.5956877318981348, 1.5059381789229627, 1.4414442751518295, 1.4212731920963346, 1.4008443892935531, 0.398756603130764, 0.18074320217302586, 1, 1, 1, 1]
[0.00340500381559089, -0.017337907217185557, 0.019709618808918417, 1.5856943324026969, 1.5754405628037185, 1.4925109023942154, 1.4414442751518295, 1.4212731920963346, 1.4207744133005675, 0.398756603130764, 0.18074320217302586, 1, 1, 0.9656435376106981, 1]
[0.0025290105527111112, -0.017247613833865246, 0.018713286860020349, 1.5805324171283881, 1.5942351476607624, 1.4941795250450103, 1.4385435578287442, 1.4212731920963346, 1.4207744133005675, 0.398756603130764, 0.18074320217302586, 1, 1, 0.9656435376106981, 1]
[0.00340500381559089, -0.017337907217185557, 0.020756368650915416, 1.5856943324026969, 1.5754405628037185, 1.4925109023942154, 1.4451051667851531, 1.4195951298900602, 1.4207744133005675, 0.398756603130764, 0.18074320217302586, 1, 1, 0.9656435376106981, 1]
[0.00340500381559089, -0.017337907217185557, 0.019709618808918417, 1.5856943324026969, 1.5942351476607624, 1.4925109023942154, 1.4451051667851531, 1.4146232118635893, 1.4207744133005675, 0.398756603130764, 0.18074320217302586, 1, 1, 1, 1]
[0.00340500381559089, -0.017247613833865246, 0.020756368650915416, 1.5856943324026969, 1.5754405628037185, 1.4925109023942154, 1.4451051667851531, 1.4212731920963346, 1.4207744133005675, 0.398756603130764, 0.18074320217302586, 1, 1, 1, 1]
[0.00340500381559089, -0.017337907217185557, 0.018713286860020349, 1.5805324171283881, 1.5942351476607624, 1.4925109023942154, 1.4385435578287442, 1.4146232118635893, 1.4207744133005675, 0.398756603130764, 0.18074320217302586, 1, 1, 1, 1]
[0.00340500381559089, -0.017337907217185557, 0.019709618808918417, 1.5856943324026969, 1.5942351476607624, 1.4925109023942154, 1.4451051667851531, 1.4146232118635893, 1.4217116449742746, 0.398756603130764, 0.18074320217302586, 1, 1, 1, 1]
[0.00340500381559089, -0.01673607206566205, 0.019709618808918417, 1.5805324171283881, 1.5942351476607624, 1.4925109023942154, 1.4451051667851531, 1.4195951298900602, 1.4217116449742746, 0.398756603130764, 0.18074320217302586, 1, 1, 1, 1]
[0.00340500381559089, -0.017337907217185557, 0.019709618808918417, 1.5856943324026969, 1.5942351476607624, 1.4866688700932602, 1.4451051667851531, 1.414657296902704, 1.4217116449742746, 0.398756603130764, 0.18074320217302586, 1, 1, 1, 1]
