Score=0.236818581244
[-0.032613155071446284, -0.05050279996650754, -0.067868576732830713, 1.5810932391420853, 1.5211822583578498, 1.4639197942431676, 1.6, 1.4475406051658992, 1.4573615321005444, 1, 0.2716468713648085, 0.7703991581599873, 1, 0.14120022212029748, 1]

Score=0.25400478385
[-0.032613155071446284, -0.049852950430951559, -0.067868576732830713, 1.5810932391420853, 1.5511315274134907, 1.4639197942431676, 1.6, 1.4276309414172261, 1.4573615321005444, 1, 0.2716468713648085, 0.7703991581599873, 1, 0.14120022212029748, 1]

Score=0.239866284505
[-0.032613155071446284, -0.049852950430951559, -0.067868576732830713, 1.5810932391420853, 1.5211822583578498, 1.4474203466285875, 1.6, 1.4276309414172261, 1.4573615321005444, 1, 0.2716468713648085, 0.7703991581599873, 1, 0.14120022212029748, 1]

Score=0.245435462195
[-0.032613155071446284, -0.051108768453660768, -0.067868576732830713, 1.5810932391420853, 1.5211822583578498, 1.4674608100964879, 1.6, 1.4276309414172261, 1.4573615321005444, 1, 0.2716468713648085, 1, 1, 0.14120022212029748, 1]

Score=0.177841481316
[-0.032613155071446284, -0.051108768453660768, -0.067868576732830713, 1.5810932391420853, 1.5511315274134907, 1.4639197942431676, 1.6, 1.4276309414172261, 1.4713929438599367, 1, 0.2716468713648085, 0.7703991581599873, 1, 0.14120022212029748, 1]

Score=0.219769019107
[-0.032613155071446284, -0.049852950430951559, -0.067868576732830713, 1.5810932391420853, 1.5427916890812043, 1.4474203466285875, 1.6, 1.4276309414172261, 1.4573615321005444, 1, 0.2716468713648085, 0.7703991581599873, 1, 0.14120022212029748, 1]

Score=0.142453745797
[-0.032613155071446284, -0.049621668462882594, -0.067868576732830713, 1.6, 1.5427916890812043, 1.4674608100964879, 1.6, 1.4276309414172261, 1.4713929438599367, 1, 0.2716468713648085, 1, 1, 0.14120022212029748, 1]

Score=0.284588871623
[-0.032613155071446284, -0.049966413319838678, -0.067868576732830713, 1.5735525802093908, 1.5427916890812043, 1.4674608100964879, 1.6, 1.4276309414172261, 1.4573615321005444, 1, 0.2716468713648085, 1, 1, 1, 1]

Score=0.256049195625
[-0.031517839935207674, -0.05102652622362365, -0.067868576732830713, 1.5810932391420853, 1.5511315274134907, 1.4639197942431676, 1.6, 1.4276309414172261, 1.4713929438599367, 1, 0.2716468713648085, 0.7703991581599873, 1, 1, 1]

Score=0.206364563138
[-0.031517839935207674, -0.049621668462882594, -0.067868576732830713, 1.6, 1.5427916890812043, 1.4674608100964879, 1.6, 1.4276309414172261, 1.4713929438599367, 1, 0.2716468713648085, 1, 1, 0.14120022212029748, 1]

Score=0.260856530896
[-0.032613155071446284, -0.049966413319838678, -0.067868576732830713, 1.5735525802093908, 1.5662532897090111, 1.4639197942431676, 1.5980891259654613, 1.4276309414172261, 1.4573615321005444, 1, 0.2716468713648085, 0.7703991581599873, 1, 1, 1]

Score=0.195825975047
[-0.031517839935207674, -0.049966413319838678, -0.067868576732830713, 1.6, 1.5427916890812043, 1.4674608100964879, 1.6, 1.4276309414172261, 1.4713929438599367, 1, 0.2716468713648085, 0.7703991581599873, 1, 0.14120022212029748, 1]

Score=0.245890130056
[-0.032613155071446284, -0.05102652622362365, -0.067868576732830713, 1.5735525802093908, 1.5662532897090111, 1.4639197942431676, 1.6, 1.4276309414172261, 1.4713929438599367, 1, 0.2716468713648085, 0.7703991581599873, 1, 1, 1]

Score=0.226189303757
[-0.031517839935207674, -0.049966413319838678, -0.069293788034054157, 1.6, 1.5427916890812043, 1.4639197942431676, 1.6, 1.4276309414172261, 1.4713929438599367, 1, 0.2716468713648085, 0.7703991581599873, 1, 0.14120022212029748, 1]

Score=0.127685768719
[-0.032613155071446284, -0.049966413319838678, -0.069293788034054157, 1.5735525802093908, 1.5662532897090111, 1.4639197942431676, 1.6, 1.4276309414172261, 1.4573615321005444, 1, 0.2716468713648085, 0.7703991581599873, 1, 0.14120022212029748, 1]

Score=0.195722138605
[-0.032613155071446284, -0.049966413319838678, -0.069293788034054157, 1.5810932391420853, 1.5007164742822643, 1.4639197942431676, 1.5980891259654613, 1.4276309414172261, 1.4573615321005444, 1, 0.2716468713648085, 0.7703991581599873, 1, 0.14120022212029748, 1]

Score=0.276612930378
[-0.032613155071446284, -0.05050279996650754, -0.069293788034054157, 1.5735525802093908, 1.5662532897090111, 1.4639197942431676, 1.6, 1.4276309414172261, 1.4713929438599367, 1, 0.2716468713648085, 0.7703991581599873, 1, 0.14120022212029748, 1]

Score=0.218107871757
[0.033542937619181763, -0.049966413319838678, -0.067868576732830713, 1.5810932391420853, 1.5007164742822643, 1.4639197942431676, 1.5980891259654613, 1.4276309414172261, 1.4573615321005444, 1, 0.2716468713648085, 0.7703991581599873, 1, 0.14120022212029748, 1]

Score=0.251235351709
[-0.032613155071446284, -0.05050279996650754, -0.06956589524587499, 1.5810932391420853, 1.5007164742822643, 1.4639197942431676, 1.5980891259654613, 1.4276309414172261, 1.4573615321005444, 1, 0.2716468713648085, 0.7703991581599873, 1, 0.14120022212029748, 1]

Score=0.192840410734
[-0.032613155071446284, -0.050411421365616466, -0.067868576732830713, 1.5810932391420853, 1.5511315274134907, 1.4639197942431676, 1.6, 1.4276309414172261, 1.4573615321005444, 1, 0.2716468713648085, 0.7703991581599873, 1, 0.14120022212029748, 1]

Score=0.290557266725
[0.033542937619181763, -0.049966413319838678, -0.067868576732830713, 1.5810932391420853, 1.5007164742822643, 1.4639197942431676, 1.5740246560656721, 1.4276309414172261, 1.4573615321005444, 1, 0.2716468713648085, 1, 1, 0.14120022212029748, 1]

Score=0.187901931873
[-0.032613155071446284, -0.05050279996650754, -0.067868576732830713, 1.5810932391420853, 1.5511315274134907, 1.4639197942431676, 1.6, 1.4475406051658992, 1.4713929438599367, 1, 0.2716468713648085, 0.7703991581599873, 1, 0.14120022212029748, 1]

Score=0.257315320845
[-0.033809954347955619, -0.050411421365616466, -0.067868576732830713, 1.5810932391420853, 1.5511315274134907, 1.4639197942431676, 1.6, 1.4276309414172261, 1.4573615321005444, 1, 0.2716468713648085, 0.7703991581599873, 1, 0.14120022212029748, 1]

Score=0.189051834795
[-0.032613155071446284, -0.050411421365616466, -0.067868576732830713, 1.5810932391420853, 1.5511315274134907, 1.4639197942431676, 1.6, 1.4475406051658992, 1.4573615321005444, 1, 0.2716468713648085, 0.7703991581599873, 1, 0.14120022212029748, 1]

Score=0.232669609648
[-0.032613155071446284, -0.05050279996650754, -0.067868576732830713, 1.5810932391420853, 1.5211822583578498, 1.4639197942431676, 1.6, 1.4276309414172261, 1.4573615321005444, 1, 0.2716468713648085, 0.7703991581599873, 1, 0.14120022212029748, 1]

Score=0.122520321875
[-0.032613155071446284, -0.05050279996650754, -0.067868576732830713, 1.5810932391420853, 1.5211822583578498, 1.4742369064243188, 1.6, 1.4475406051658992, 1.4573615321005444, 1, 0.2716468713648085, 0.7703991581599873, 1, 0.14120022212029748, 1]

Score=0.276706627566
[-0.032613155071446284, -0.05050279996650754, -0.067868576732830713, 1.5810932391420853, 1.5511315274134907, 1.4639197942431676, 1.6, 1.4475406051658992, 1.4474006596140325, 1, 0.2716468713648085, 1, 1, 0.14120022212029748, 1]

Score=0.167984741895
[-0.032613155071446284, -0.05050279996650754, -0.067868576732830713, 1.5810932391420853, 1.5211822583578498, 1.4639197942431676, 1.6, 1.4276309414172261, 1.4573615321005444, 1, 0.2716468713648085, 0.7703991581599873, 1, 0.14120022212029748, 1]

Score=0.192099995309
[-0.032613155071446284, -0.050411421365616466, -0.067868576732830713, 1.5810932391420853, 1.5511315274134907, 1.4716608442377994, 1.6, 1.4475406051658992, 1.4573615321005444, 1, 0.2716468713648085, 0.7703991581599873, 1, 0.14120022212029748, 1]

Score=0.291547890306
[-0.032613155071446284, -0.05050279996650754, -0.067868576732830713, 1.5810932391420853, 1.5211822583578498, 1.4639197942431676, 1.6, 1.4276309414172261, 1.4573615321005444, 1, 0.2716468713648085, 0.7703991581599873, 1, 0.14120022212029748, 1]




Final Population
[-0.032613155071446284, -0.05050279996650754, -0.067868576732830713, 1.5810932391420853, 1.5211822583578498, 1.4639197942431676, 1.6, 1.4475406051658992, 1.4573615321005444, 1, 0.2716468713648085, 0.7703991581599873, 1, 0.14120022212029748, 1]
[-0.032613155071446284, -0.049852950430951559, -0.067868576732830713, 1.5810932391420853, 1.5511315274134907, 1.4639197942431676, 1.6, 1.4276309414172261, 1.4573615321005444, 1, 0.2716468713648085, 0.7703991581599873, 1, 0.14120022212029748, 1]
[-0.032613155071446284, -0.049852950430951559, -0.067868576732830713, 1.5810932391420853, 1.5211822583578498, 1.4474203466285875, 1.6, 1.4276309414172261, 1.4573615321005444, 1, 0.2716468713648085, 0.7703991581599873, 1, 0.14120022212029748, 1]
[-0.032613155071446284, -0.051108768453660768, -0.067868576732830713, 1.5810932391420853, 1.5211822583578498, 1.4674608100964879, 1.6, 1.4276309414172261, 1.4573615321005444, 1, 0.2716468713648085, 1, 1, 0.14120022212029748, 1]
[-0.032613155071446284, -0.051108768453660768, -0.067868576732830713, 1.5810932391420853, 1.5511315274134907, 1.4639197942431676, 1.6, 1.4276309414172261, 1.4713929438599367, 1, 0.2716468713648085, 0.7703991581599873, 1, 0.14120022212029748, 1]
[-0.032613155071446284, -0.049852950430951559, -0.067868576732830713, 1.5810932391420853, 1.5427916890812043, 1.4474203466285875, 1.6, 1.4276309414172261, 1.4573615321005444, 1, 0.2716468713648085, 0.7703991581599873, 1, 0.14120022212029748, 1]
[-0.032613155071446284, -0.049621668462882594, -0.067868576732830713, 1.6, 1.5427916890812043, 1.4674608100964879, 1.6, 1.4276309414172261, 1.4713929438599367, 1, 0.2716468713648085, 1, 1, 0.14120022212029748, 1]
[-0.032613155071446284, -0.049966413319838678, -0.067868576732830713, 1.5735525802093908, 1.5427916890812043, 1.4674608100964879, 1.6, 1.4276309414172261, 1.4573615321005444, 1, 0.2716468713648085, 1, 1, 1, 1]
[-0.031517839935207674, -0.05102652622362365, -0.067868576732830713, 1.5810932391420853, 1.5511315274134907, 1.4639197942431676, 1.6, 1.4276309414172261, 1.4713929438599367, 1, 0.2716468713648085, 0.7703991581599873, 1, 1, 1]
[-0.031517839935207674, -0.049621668462882594, -0.067868576732830713, 1.6, 1.5427916890812043, 1.4674608100964879, 1.6, 1.4276309414172261, 1.4713929438599367, 1, 0.2716468713648085, 1, 1, 0.14120022212029748, 1]
[-0.032613155071446284, -0.049966413319838678, -0.067868576732830713, 1.5735525802093908, 1.5662532897090111, 1.4639197942431676, 1.5980891259654613, 1.4276309414172261, 1.4573615321005444, 1, 0.2716468713648085, 0.7703991581599873, 1, 1, 1]
[-0.031517839935207674, -0.049966413319838678, -0.067868576732830713, 1.6, 1.5427916890812043, 1.4674608100964879, 1.6, 1.4276309414172261, 1.4713929438599367, 1, 0.2716468713648085, 0.7703991581599873, 1, 0.14120022212029748, 1]
[-0.032613155071446284, -0.05102652622362365, -0.067868576732830713, 1.5735525802093908, 1.5662532897090111, 1.4639197942431676, 1.6, 1.4276309414172261, 1.4713929438599367, 1, 0.2716468713648085, 0.7703991581599873, 1, 1, 1]
[-0.031517839935207674, -0.049966413319838678, -0.069293788034054157, 1.6, 1.5427916890812043, 1.4639197942431676, 1.6, 1.4276309414172261, 1.4713929438599367, 1, 0.2716468713648085, 0.7703991581599873, 1, 0.14120022212029748, 1]
[-0.032613155071446284, -0.049966413319838678, -0.069293788034054157, 1.5735525802093908, 1.5662532897090111, 1.4639197942431676, 1.6, 1.4276309414172261, 1.4573615321005444, 1, 0.2716468713648085, 0.7703991581599873, 1, 0.14120022212029748, 1]
[-0.032613155071446284, -0.049966413319838678, -0.069293788034054157, 1.5810932391420853, 1.5007164742822643, 1.4639197942431676, 1.5980891259654613, 1.4276309414172261, 1.4573615321005444, 1, 0.2716468713648085, 0.7703991581599873, 1, 0.14120022212029748, 1]
[-0.032613155071446284, -0.05050279996650754, -0.069293788034054157, 1.5735525802093908, 1.5662532897090111, 1.4639197942431676, 1.6, 1.4276309414172261, 1.4713929438599367, 1, 0.2716468713648085, 0.7703991581599873, 1, 0.14120022212029748, 1]
[0.033542937619181763, -0.049966413319838678, -0.067868576732830713, 1.5810932391420853, 1.5007164742822643, 1.4639197942431676, 1.5980891259654613, 1.4276309414172261, 1.4573615321005444, 1, 0.2716468713648085, 0.7703991581599873, 1, 0.14120022212029748, 1]
[-0.032613155071446284, -0.05050279996650754, -0.06956589524587499, 1.5810932391420853, 1.5007164742822643, 1.4639197942431676, 1.5980891259654613, 1.4276309414172261, 1.4573615321005444, 1, 0.2716468713648085, 0.7703991581599873, 1, 0.14120022212029748, 1]
[-0.032613155071446284, -0.050411421365616466, -0.067868576732830713, 1.5810932391420853, 1.5511315274134907, 1.4639197942431676, 1.6, 1.4276309414172261, 1.4573615321005444, 1, 0.2716468713648085, 0.7703991581599873, 1, 0.14120022212029748, 1]
[0.033542937619181763, -0.049966413319838678, -0.067868576732830713, 1.5810932391420853, 1.5007164742822643, 1.4639197942431676, 1.5740246560656721, 1.4276309414172261, 1.4573615321005444, 1, 0.2716468713648085, 1, 1, 0.14120022212029748, 1]
[-0.032613155071446284, -0.05050279996650754, -0.067868576732830713, 1.5810932391420853, 1.5511315274134907, 1.4639197942431676, 1.6, 1.4475406051658992, 1.4713929438599367, 1, 0.2716468713648085, 0.7703991581599873, 1, 0.14120022212029748, 1]
[-0.033809954347955619, -0.050411421365616466, -0.067868576732830713, 1.5810932391420853, 1.5511315274134907, 1.4639197942431676, 1.6, 1.4276309414172261, 1.4573615321005444, 1, 0.2716468713648085, 0.7703991581599873, 1, 0.14120022212029748, 1]
[-0.032613155071446284, -0.050411421365616466, -0.067868576732830713, 1.5810932391420853, 1.5511315274134907, 1.4639197942431676, 1.6, 1.4475406051658992, 1.4573615321005444, 1, 0.2716468713648085, 0.7703991581599873, 1, 0.14120022212029748, 1]
[-0.032613155071446284, -0.05050279996650754, -0.067868576732830713, 1.5810932391420853, 1.5211822583578498, 1.4639197942431676, 1.6, 1.4276309414172261, 1.4573615321005444, 1, 0.2716468713648085, 0.7703991581599873, 1, 0.14120022212029748, 1]
[-0.032613155071446284, -0.05050279996650754, -0.067868576732830713, 1.5810932391420853, 1.5211822583578498, 1.4742369064243188, 1.6, 1.4475406051658992, 1.4573615321005444, 1, 0.2716468713648085, 0.7703991581599873, 1, 0.14120022212029748, 1]
[-0.032613155071446284, -0.05050279996650754, -0.067868576732830713, 1.5810932391420853, 1.5511315274134907, 1.4639197942431676, 1.6, 1.4475406051658992, 1.4474006596140325, 1, 0.2716468713648085, 1, 1, 0.14120022212029748, 1]
[-0.032613155071446284, -0.05050279996650754, -0.067868576732830713, 1.5810932391420853, 1.5211822583578498, 1.4639197942431676, 1.6, 1.4276309414172261, 1.4573615321005444, 1, 0.2716468713648085, 0.7703991581599873, 1, 0.14120022212029748, 1]
[-0.032613155071446284, -0.050411421365616466, -0.067868576732830713, 1.5810932391420853, 1.5511315274134907, 1.4716608442377994, 1.6, 1.4475406051658992, 1.4573615321005444, 1, 0.2716468713648085, 0.7703991581599873, 1, 0.14120022212029748, 1]
[-0.032613155071446284, -0.05050279996650754, -0.067868576732830713, 1.5810932391420853, 1.5211822583578498, 1.4639197942431676, 1.6, 1.4276309414172261, 1.4573615321005444, 1, 0.2716468713648085, 0.7703991581599873, 1, 0.14120022212029748, 1]
