Score=0.00419188466886
[0.02960923884779279, -0.0028077361171927207, 0.063520569448686059, 1.4478720152863687, 1.4035025354059882, 1.4975360177507786, 1.5473951504425036, 1.4120283752265579, 1.4493473630228524, 1, 1, 0.03194373262285033, 0.045910967529936064, 1, 0.3597728706594857]

Score=0.101292888647
[0.02960923884779279, -0.0030794474599547808, 0.064600911383910109, 1.4478720152863687, 1.4035025354059882, 1.4809430176880409, 1.5473951504425036, 1.4203973094104994, 1.4493473630228524, 1, 1, 0.03194373262285033, 0.045910967529936064, 1, 0.3597728706594857]

Score=0.00953022879216
[0.02960923884779279, -0.0030794474599547808, 0.064600911383910109, 1.4478720152863687, 1.4076098897250855, 1.4809430176880409, 1.5473951504425036, 1.4203973094104994, 1.4493473630228524, 1, 1, 0.03194373262285033, 0.045910967529936064, 1, 0.3597728706594857]

Score=0.00964947712667
[0.02960923884779279, -0.0030794474599547808, 0.064600911383910109, 1.4478720152863687, 1.4076098897250855, 1.4809430176880409, 1.5473951504425036, 1.4, 1.4493473630228524, 1, 1, 0.03194373262285033, 0.045910967529936064, 1, 0.3597728706594857]

Score=0.499996187892
[0.02949167370372173, -0.0026047271664517702, 0.063520569448686059, 1.4478720152863687, 1.4035025354059882, 1.4809430176880409, 1.5473951504425036, 1.4120283752265579, 1.4493473630228524, 1, 1, 1, 0.045910967529936064, 1, 0.3597728706594857]

Score=0.0935598546224
[0.031041395347854814, -0.0030794474599547808, 0.064600911383910109, 1.4509076635056748, 1.4035025354059882, 1.4809430176880409, 1.549357287454141, 1.4009964787891755, 1.4493473630228524, 1, 1, 0.03194373262285033, 0.045910967529936064, 1, 0.3597728706594857]

Score=0.0151447492673
[0.02960923884779279, -0.0030794474599547808, 0.06413445457235846, 1.4509076635056748, 1.4020057114185354, 1.4975360177507786, 1.5473951504425036, 1.4, 1.4493473630228524, 1, 1, 0.03194373262285033, 0.045910967529936064, 1, 0.3597728706594857]

Score=0.00617556082497
[0.031041395347854814, -0.0030794474599547808, 0.065068457053809731, 1.4509076635056748, 1.4035025354059882, 1.4975360177507786, 1.5473951504425036, 1.4203973094104994, 1.4493473630228524, 1, 1, 0.03194373262285033, 0.045910967529936064, 1, 0.3597728706594857]

Score=0.00677178875952
[0.031041395347854814, -0.0030794474599547808, 0.06413445457235846, 1.4509076635056748, 1.4035025354059882, 1.4809430176880409, 1.5473951504425036, 1.4, 1.4493473630228524, 1, 1, 0.03194373262285033, 0.045910967529936064, 1, 0.3597728706594857]

Score=0.00379084079612
[0.02949167370372173, -0.0028077361171927207, 0.06413445457235846, 1.4509076635056748, 1.4035025354059882, 1.4809430176880409, 1.549357287454141, 1.4, 1.4493473630228524, 1, 1, 0.03194373262285033, 0.045910967529936064, 1, 0.3597728706594857]

Score=0.00430999355284
[0.02949167370372173, -0.0028077361171927207, 0.06413445457235846, 1.4509076635056748, 1.4035025354059882, 1.4975360177507786, 1.5473951504425036, 1.4025815044848085, 1.4493473630228524, 1, 1, 0.03194373262285033, 0.045910967529936064, 1, 0.3597728706594857]

Score=0.00467004309717
[0.02949167370372173, -0.0026047271664517702, 0.06413445457235846, 1.4509076635056748, 1.4035025354059882, 1.4728543841784505, 1.549357287454141, 1.4025815044848085, 1.4493473630228524, 1, 1, 0.03194373262285033, 0.045910967529936064, 1, 0.3597728706594857]

Score=0.00798248628722
[0.02949167370372173, -0.0026047271664517702, 0.06413445457235846, 1.4509076635056748, 1.4, 1.4975360177507786, 1.5342069261909284, 1.4, 1.4493473630228524, 1, 1, 0.03194373262285033, 0.045910967529936064, 1, 0.3597728706594857]

Score=0.00220400046919
[0.031041395347854814, -0.0028077361171927207, 0.06413445457235846, 1.4509076635056748, 1.4035025354059882, 1.4975360177507786, 1.5473951504425036, 1.4025815044848085, 1.4493473630228524, 1, 1, 0.03194373262285033, 0.045910967529936064, 1, 0.3597728706594857]

Score=0.00490773285693
[0.031041395347854814, -0.0028197212754035058, 0.06413445457235846, 1.4509076635056748, 1.4035025354059882, 1.4975360177507786, 1.5473951504425036, 1.4025815044848085, 1.4493473630228524, 1, 1, 0.03194373262285033, 0.045910967529936064, 1, 0.3597728706594857]

Score=0.00397362947115
[0.029219956691175743, -0.0026047271664517702, 0.06413445457235846, 1.4509076635056748, 1.4035025354059882, 1.4975360177507786, 1.5473951504425036, 1.4025815044848085, 1.4493473630228524, 1, 1, 0.03194373262285033, 0.045910967529936064, 1, 0.3597728706594857]

Score=0.0178238394472
[0.031041395347854814, -0.0026047271664517702, 0.062639995774618609, 1.4478720152863687, 1.4035025354059882, 1.4975360177507786, 1.5426189783275501, 1.4025815044848085, 1.4493473630228524, 1, 1, 0.03194373262285033, 0.045910967529936064, 1, 0.3597728706594857]

Score=0.00380405434354
[0.031041395347854814, -0.0026047271664517702, 0.06413445457235846, 1.4509076635056748, 1.4035025354059882, 1.4975360177507786, 1.5473951504425036, 1.4025815044848085, 1.4493473630228524, 1, 1, 0.03194373262285033, 0.045910967529936064, 1, 0.3597728706594857]

Score=0.00781268320414
[0.029219956691175743, -0.0028077361171927207, 0.06413445457235846, 1.4509076635056748, 1.4035025354059882, 1.4975360177507786, 1.5473951504425036, 1.4025815044848085, 1.4493473630228524, 1, 1, 0.03194373262285033, 0.045910967529936064, 1, 0.3597728706594857]

Score=0.0314929053652
[0.029219956691175743, -0.0026047271664517702, 0.06413445457235846, 1.4478720152863687, 1.4035025354059882, 1.4975360177507786, 1.5618373898159417, 1.4025815044848085, 1.4493473630228524, 1, 1, 0.03194373262285033, 0.045910967529936064, 1, 0.3597728706594857]

Score=0.0193417104925
[0.029219956691175743, -0.0026047271664517702, 0.06413445457235846, 1.4478720152863687, 1.4035025354059882, 1.4728543841784505, 1.5618373898159417, 1.4120283752265579, 1.4493473630228524, 1, 1, 0.03194373262285033, 0.045910967529936064, 1, 0.3597728706594857]

Score=0.00334868198438
[0.02949167370372173, -0.0028197212754035058, 0.06413445457235846, 1.4509076635056748, 1.4035025354059882, 1.4728543841784505, 1.5473951504425036, 1.4025815044848085, 1.4493473630228524, 1, 1, 0.03194373262285033, 0.045910967529936064, 1, 0.3597728706594857]

Score=0.100849226499
[0.029219956691175743, -0.0028197212754035058, 0.06413445457235846, 1.4478720152863687, 1.4035025354059882, 1.4728543841784505, 1.5559020217024357, 1.4120283752265579, 1.4493473630228524, 1, 1, 0.03194373262285033, 0.045910967529936064, 1, 0.3597728706594857]

Score=0.0151685216478
[0.029219956691175743, -0.0028197212754035058, 0.063520569448686059, 1.4478720152863687, 1.4035025354059882, 1.4728543841784505, 1.5559020217024357, 1.4120283752265579, 1.4493473630228524, 1, 1, 0.03194373262285033, 0.045910967529936064, 1, 0.3597728706594857]

Score=0.0161258608522
[0.02960923884779279, -0.0028197212754035058, 0.063258342921921479, 1.4478720152863687, 1.4035025354059882, 1.4728543841784505, 1.5473951504425036, 1.4120283752265579, 1.4493473630228524, 1, 1, 0.03194373262285033, 0.045910967529936064, 1, 0.3597728706594857]

Score=0.00462306944663
[0.029804262873895655, -0.0026047271664517702, 0.063520569448686059, 1.4478720152863687, 1.4035025354059882, 1.4728543841784505, 1.5473951504425036, 1.4120283752265579, 1.4493473630228524, 1, 1, 0.03194373262285033, 0.045910967529936064, 1, 0.3597728706594857]

Score=0.116166925146
[0.029219956691175743, -0.0028197212754035058, 0.063520569448686059, 1.4478720152863687, 1.4035025354059882, 1.4728543841784505, 1.5473951504425036, 1.4120283752265579, 1.4493473630228524, 1, 1, 0.03194373262285033, 0.045910967529936064, 1, 1]

Score=0.0130166374465
[0.02960923884779279, -0.0028077361171927207, 0.063520569448686059, 1.4478720152863687, 1.4035025354059882, 1.4975360177507786, 1.5473951504425036, 1.4120283752265579, 1.4493473630228524, 1, 1, 0.03194373262285033, 0.045910967529936064, 1, 0.3597728706594857]

Score=0.00448715304691
[0.02960923884779279, -0.0028077361171927207, 0.063520569448686059, 1.4478720152863687, 1.4035025354059882, 1.4809430176880409, 1.5473951504425036, 1.4120283752265579, 1.4493473630228524, 1, 1, 0.03194373262285033, 0.045910967529936064, 1, 0.3597728706594857]

Score=0.00784686026176
[0.029804262873895655, -0.0026047271664517702, 0.064600911383910109, 1.4478720152863687, 1.4035025354059882, 1.4809430176880409, 1.5473951504425036, 1.4120283752265579, 1.4493473630228524, 1, 1, 0.03194373262285033, 0.045910967529936064, 1, 0.3597728706594857]




Final Population
[0.02960923884779279, -0.0028077361171927207, 0.063520569448686059, 1.4478720152863687, 1.4035025354059882, 1.4975360177507786, 1.5473951504425036, 1.4120283752265579, 1.4493473630228524, 1, 1, 0.03194373262285033, 0.045910967529936064, 1, 0.3597728706594857]
[0.02960923884779279, -0.0030794474599547808, 0.064600911383910109, 1.4478720152863687, 1.4035025354059882, 1.4809430176880409, 1.5473951504425036, 1.4203973094104994, 1.4493473630228524, 1, 1, 0.03194373262285033, 0.045910967529936064, 1, 0.3597728706594857]
[0.02960923884779279, -0.0030794474599547808, 0.064600911383910109, 1.4478720152863687, 1.4076098897250855, 1.4809430176880409, 1.5473951504425036, 1.4203973094104994, 1.4493473630228524, 1, 1, 0.03194373262285033, 0.045910967529936064, 1, 0.3597728706594857]
[0.02960923884779279, -0.0030794474599547808, 0.064600911383910109, 1.4478720152863687, 1.4076098897250855, 1.4809430176880409, 1.5473951504425036, 1.4, 1.4493473630228524, 1, 1, 0.03194373262285033, 0.045910967529936064, 1, 0.3597728706594857]
[0.02949167370372173, -0.0026047271664517702, 0.063520569448686059, 1.4478720152863687, 1.4035025354059882, 1.4809430176880409, 1.5473951504425036, 1.4120283752265579, 1.4493473630228524, 1, 1, 1, 0.045910967529936064, 1, 0.3597728706594857]
[0.031041395347854814, -0.0030794474599547808, 0.064600911383910109, 1.4509076635056748, 1.4035025354059882, 1.4809430176880409, 1.549357287454141, 1.4009964787891755, 1.4493473630228524, 1, 1, 0.03194373262285033, 0.045910967529936064, 1, 0.3597728706594857]
[0.02960923884779279, -0.0030794474599547808, 0.06413445457235846, 1.4509076635056748, 1.4020057114185354, 1.4975360177507786, 1.5473951504425036, 1.4, 1.4493473630228524, 1, 1, 0.03194373262285033, 0.045910967529936064, 1, 0.3597728706594857]
[0.031041395347854814, -0.0030794474599547808, 0.065068457053809731, 1.4509076635056748, 1.4035025354059882, 1.4975360177507786, 1.5473951504425036, 1.4203973094104994, 1.4493473630228524, 1, 1, 0.03194373262285033, 0.045910967529936064, 1, 0.3597728706594857]
[0.031041395347854814, -0.0030794474599547808, 0.06413445457235846, 1.4509076635056748, 1.4035025354059882, 1.4809430176880409, 1.5473951504425036, 1.4, 1.4493473630228524, 1, 1, 0.03194373262285033, 0.045910967529936064, 1, 0.3597728706594857]
[0.02949167370372173, -0.0028077361171927207, 0.06413445457235846, 1.4509076635056748, 1.4035025354059882, 1.4809430176880409, 1.549357287454141, 1.4, 1.4493473630228524, 1, 1, 0.03194373262285033, 0.045910967529936064, 1, 0.3597728706594857]
[0.02949167370372173, -0.0028077361171927207, 0.06413445457235846, 1.4509076635056748, 1.4035025354059882, 1.4975360177507786, 1.5473951504425036, 1.4025815044848085, 1.4493473630228524, 1, 1, 0.03194373262285033, 0.045910967529936064, 1, 0.3597728706594857]
[0.02949167370372173, -0.0026047271664517702, 0.06413445457235846, 1.4509076635056748, 1.4035025354059882, 1.4728543841784505, 1.549357287454141, 1.4025815044848085, 1.4493473630228524, 1, 1, 0.03194373262285033, 0.045910967529936064, 1, 0.3597728706594857]
[0.02949167370372173, -0.0026047271664517702, 0.06413445457235846, 1.4509076635056748, 1.4, 1.4975360177507786, 1.5342069261909284, 1.4, 1.4493473630228524, 1, 1, 0.03194373262285033, 0.045910967529936064, 1, 0.3597728706594857]
[0.031041395347854814, -0.0028077361171927207, 0.06413445457235846, 1.4509076635056748, 1.4035025354059882, 1.4975360177507786, 1.5473951504425036, 1.4025815044848085, 1.4493473630228524, 1, 1, 0.03194373262285033, 0.045910967529936064, 1, 0.3597728706594857]
[0.031041395347854814, -0.0028197212754035058, 0.06413445457235846, 1.4509076635056748, 1.4035025354059882, 1.4975360177507786, 1.5473951504425036, 1.4025815044848085, 1.4493473630228524, 1, 1, 0.03194373262285033, 0.045910967529936064, 1, 0.3597728706594857]
[0.029219956691175743, -0.0026047271664517702, 0.06413445457235846, 1.4509076635056748, 1.4035025354059882, 1.4975360177507786, 1.5473951504425036, 1.4025815044848085, 1.4493473630228524, 1, 1, 0.03194373262285033, 0.045910967529936064, 1, 0.3597728706594857]
[0.031041395347854814, -0.0026047271664517702, 0.062639995774618609, 1.4478720152863687, 1.4035025354059882, 1.4975360177507786, 1.5426189783275501, 1.4025815044848085, 1.4493473630228524, 1, 1, 0.03194373262285033, 0.045910967529936064, 1, 0.3597728706594857]
[0.031041395347854814, -0.0026047271664517702, 0.06413445457235846, 1.4509076635056748, 1.4035025354059882, 1.4975360177507786, 1.5473951504425036, 1.4025815044848085, 1.4493473630228524, 1, 1, 0.03194373262285033, 0.045910967529936064, 1, 0.3597728706594857]
[0.029219956691175743, -0.0028077361171927207, 0.06413445457235846, 1.4509076635056748, 1.4035025354059882, 1.4975360177507786, 1.5473951504425036, 1.4025815044848085, 1.4493473630228524, 1, 1, 0.03194373262285033, 0.045910967529936064, 1, 0.3597728706594857]
[0.029219956691175743, -0.0026047271664517702, 0.06413445457235846, 1.4478720152863687, 1.4035025354059882, 1.4975360177507786, 1.5618373898159417, 1.4025815044848085, 1.4493473630228524, 1, 1, 0.03194373262285033, 0.045910967529936064, 1, 0.3597728706594857]
[0.029219956691175743, -0.0026047271664517702, 0.06413445457235846, 1.4478720152863687, 1.4035025354059882, 1.4728543841784505, 1.5618373898159417, 1.4120283752265579, 1.4493473630228524, 1, 1, 0.03194373262285033, 0.045910967529936064, 1, 0.3597728706594857]
[0.02949167370372173, -0.0028197212754035058, 0.06413445457235846, 1.4509076635056748, 1.4035025354059882, 1.4728543841784505, 1.5473951504425036, 1.4025815044848085, 1.4493473630228524, 1, 1, 0.03194373262285033, 0.045910967529936064, 1, 0.3597728706594857]
[0.029219956691175743, -0.0028197212754035058, 0.06413445457235846, 1.4478720152863687, 1.4035025354059882, 1.4728543841784505, 1.5559020217024357, 1.4120283752265579, 1.4493473630228524, 1, 1, 0.03194373262285033, 0.045910967529936064, 1, 0.3597728706594857]
[0.029219956691175743, -0.0028197212754035058, 0.063520569448686059, 1.4478720152863687, 1.4035025354059882, 1.4728543841784505, 1.5559020217024357, 1.4120283752265579, 1.4493473630228524, 1, 1, 0.03194373262285033, 0.045910967529936064, 1, 0.3597728706594857]
[0.02960923884779279, -0.0028197212754035058, 0.063258342921921479, 1.4478720152863687, 1.4035025354059882, 1.4728543841784505, 1.5473951504425036, 1.4120283752265579, 1.4493473630228524, 1, 1, 0.03194373262285033, 0.045910967529936064, 1, 0.3597728706594857]
[0.029804262873895655, -0.0026047271664517702, 0.063520569448686059, 1.4478720152863687, 1.4035025354059882, 1.4728543841784505, 1.5473951504425036, 1.4120283752265579, 1.4493473630228524, 1, 1, 0.03194373262285033, 0.045910967529936064, 1, 0.3597728706594857]
[0.029219956691175743, -0.0028197212754035058, 0.063520569448686059, 1.4478720152863687, 1.4035025354059882, 1.4728543841784505, 1.5473951504425036, 1.4120283752265579, 1.4493473630228524, 1, 1, 0.03194373262285033, 0.045910967529936064, 1, 1]
[0.02960923884779279, -0.0028077361171927207, 0.063520569448686059, 1.4478720152863687, 1.4035025354059882, 1.4975360177507786, 1.5473951504425036, 1.4120283752265579, 1.4493473630228524, 1, 1, 0.03194373262285033, 0.045910967529936064, 1, 0.3597728706594857]
[0.02960923884779279, -0.0028077361171927207, 0.063520569448686059, 1.4478720152863687, 1.4035025354059882, 1.4809430176880409, 1.5473951504425036, 1.4120283752265579, 1.4493473630228524, 1, 1, 0.03194373262285033, 0.045910967529936064, 1, 0.3597728706594857]
[0.029804262873895655, -0.0026047271664517702, 0.064600911383910109, 1.4478720152863687, 1.4035025354059882, 1.4809430176880409, 1.5473951504425036, 1.4120283752265579, 1.4493473630228524, 1, 1, 0.03194373262285033, 0.045910967529936064, 1, 0.3597728706594857]
