Score=0.147922722691
[0.01777250947231333, -0.01097290478727962, 0.034456905353037796, 1.4295453763886019, 1.4078175500211318, 1.4746331752805599, 1.4, 1.4831301737361273, 1.4354149282690478, 1, 1, 0.07764132748490216, 0.13343844593164333, 0.7659083882691656, 1]

Score=0.388732651126
[0.01777250947231333, -0.01097290478727962, 0.034456905353037796, 1.433506134775127, 1.4181203683072043, 1.4725671426052793, 1.4, 1.4831301737361273, 1.4528518432768998, 1, 1, 0.07764132748490216, 0.13343844593164333, 0.7659083882691656, 1]

Score=0.0671615472816
[0.018818532711211141, -0.013130490171057992, 0.034456905353037796, 1.433506134775127, 1.4078175500211318, 1.4746331752805599, 1.4109607101289896, 1.4879693702359225, 1.4528518432768998, 1, 1, 0.07764132748490216, 0.13343844593164333, 1, 1]

Score=0.0885533469043
[0.018818532711211141, -0.01097290478727962, 0.034456905353037796, 1.4295453763886019, 1.4078175500211318, 1.4746331752805599, 1.4, 1.4831301737361273, 1.4417371945378694, 1, 1, 0.07764132748490216, 0.13343844593164333, 0.7659083882691656, 1]

Score=0.0712580406124
[0.01777250947231333, -0.01097290478727962, 0.034499594127093018, 1.433506134775127, 1.4122373928886243, 1.4877416712445009, 1.4, 1.4831301737361273, 1.4319934011685762, 1, 1, 0.07764132748490216, 0.13343844593164333, 0.7659083882691656, 1]

Score=0.151042208302
[0.01777250947231333, -0.01097290478727962, 0.034456905353037796, 1.433506134775127, 1.4078175500211318, 1.4746331752805599, 1.4109607101289896, 1.4831301737361273, 1.4417371945378694, 1, 1, 0.07764132748490216, 0.13343844593164333, 1, 1]

Score=0.101303757966
[0.01777250947231333, -0.01097290478727962, 0.034456905353037796, 1.433506134775127, 1.4078175500211318, 1.4746331752805599, 1.4109607101289896, 1.4831301737361273, 1.4417371945378694, 1, 1, 0.07764132748490216, 0.13343844593164333, 0.7659083882691656, 1]

Score=0.279030382706
[0.01777250947231333, -0.01097290478727962, 0.033484953932726665, 1.4295453763886019, 1.4078175500211318, 1.4746331752805599, 1.4, 1.4831301737361273, 1.4417371945378694, 1, 1, 0.07764132748490216, 0.13343844593164333, 0.7659083882691656, 1]

Score=0.16152574456
[0.01777250947231333, -0.01097290478727962, 0.034456905353037796, 1.433506134775127, 1.4078175500211318, 1.4746331752805599, 1.4109607101289896, 1.4831301737361273, 1.4417371945378694, 1, 1, 0.07764132748490216, 0.13343844593164333, 1, 1]

Score=0.179738023605
[0.01777250947231333, -0.013130490171057992, 0.034499594127093018, 1.4295453763886019, 1.4122373928886243, 1.4746331752805599, 1.4, 1.4831301737361273, 1.4319934011685762, 1, 1, 0.07764132748490216, 0.13343844593164333, 1, 1]

Score=0.196361585144
[0.01777250947231333, -0.013130490171057992, 0.034765051809152514, 1.433506134775127, 1.4078175500211318, 1.4903339064002445, 1.4, 1.4831301737361273, 1.4417371945378694, 1, 1, 0.07764132748490216, 0.13343844593164333, 0.7659083882691656, 1]

Score=0.120453632051
[0.01777250947231333, -0.013130490171057992, 0.034456905353037796, 1.433506134775127, 1.4078175500211318, 1.4903339064002445, 1.4109607101289896, 1.4831301737361273, 1.4319934011685762, 1, 1, 0.07764132748490216, 0.13343844593164333, 1, 1]

Score=0.270326332047
[0.01777250947231333, -0.013130490171057992, 0.034499594127093018, 1.4425127854112463, 1.4078175500211318, 1.4877416712445009, 1.4109607101289896, 1.4831301737361273, 1.4223112046741897, 1, 1, 0.07764132748490216, 0.13343844593164333, 1, 1]

Score=0.0311687849255
[0.017188947491330455, -0.013130490171057992, 0.034456905353037796, 1.433506134775127, 1.4078175500211318, 1.4877416712445009, 1.4109607101289896, 1.4831301737361273, 1.4417371945378694, 1, 1, 0.07764132748490216, 0.13343844593164333, 1, 1]

Score=0.113574154228
[0.01777250947231333, -0.01097290478727962, 0.034456905353037796, 1.4425127854112463, 1.4078175500211318, 1.4903339064002445, 1.4, 1.4831301737361273, 1.4319934011685762, 1, 1, 0.07764132748490216, 0.13343844593164333, 0.7659083882691656, 1]

Score=0.138314320799
[0.01777250947231333, -0.013130490171057992, 0.034765051809152514, 1.433506134775127, 1.4078175500211318, 1.4903339064002445, 1.4, 1.4831301737361273, 1.4319934011685762, 1, 1, 0.07764132748490216, 0.13343844593164333, 0.7659083882691656, 1]

Score=0.188917994398
[0.01777250947231333, -0.013130490171057992, 0.034456905353037796, 1.433506134775127, 1.4078175500211318, 1.4903339064002445, 1.4, 1.4831301737361273, 1.4528518432768998, 1, 1, 0.07764132748490216, 0.13343844593164333, 0.7659083882691656, 1]

Score=0.24155154214
[0.01777250947231333, -0.013130490171057992, 0.034499594127093018, 1.4425127854112463, 1.4078175500211318, 1.4877416712445009, 1.4, 1.4831301737361273, 1.4319934011685762, 1, 1, 0.07764132748490216, 0.13343844593164333, 0.7659083882691656, 1]

Score=0.1751210336
[0.01777250947231333, -0.013130490171057992, 0.034499594127093018, 1.433506134775127, 1.4078175500211318, 1.4877416712445009, 1.4, 1.4831301737361273, 1.4319934011685762, 1, 1, 0.07764132748490216, 0.13343844593164333, 0.7659083882691656, 1]

Score=0.102892318026
[0.01777250947231333, -0.01097290478727962, 0.034499594127093018, 1.433506134775127, 1.4078175500211318, 1.4903339064002445, 1.4, 1.4831301737361273, 1.4319934011685762, 1, 1, 0.07764132748490216, 0.13343844593164333, 0.7659083882691656, 1]

Score=0.314376253048
[0.01777250947231333, -0.013130490171057992, 0.033484953932726665, 1.433506134775127, 1.4078175500211318, 1.4905973222430828, 1.4, 1.4831301737361273, 1.4528518432768998, 1, 1, 0.07764132748490216, 0.13343844593164333, 0.7659083882691656, 1]

Score=0.0181260037447
[0.01777250947231333, -0.012721216521996986, 0.034917748254359587, 1.433506134775127, 1.4078175500211318, 1.4877416712445009, 1.4109607101289896, 1.4831301737361273, 1.4319934011685762, 1, 1, 0.07764132748490216, 0.13343844593164333, 0.7659083882691656, 1]

Score=0.146979185186
[0.01777250947231333, -0.013130490171057992, 0.034499594127093018, 1.433506134775127, 1.4078175500211318, 1.4877416712445009, 1.4, 1.4831301737361273, 1.4528518432768998, 1, 1, 0.07764132748490216, 0.13343844593164333, 0.7659083882691656, 1]

Score=0.183128630004
[0.01777250947231333, -0.013130490171057992, 0.034917748254359587, 1.433506134775127, 1.4079104434507153, 1.4903339064002445, 1.4, 1.4879693702359225, 1.4487418619136823, 1, 1, 0.07764132748490216, 0.13343844593164333, 0.7659083882691656, 1]

Score=0.0619506424348
[0.01777250947231333, -0.013130490171057992, 0.033484953932726665, 1.433506134775127, 1.4181203683072043, 1.4905973222430828, 1.4, 1.4831301737361273, 1.4528518432768998, 1, 1, 0.07764132748490216, 0.13343844593164333, 0.7659083882691656, 1]

Score=0.192342853711
[0.01777250947231333, -0.012721216521996986, 0.034917748254359587, 1.433506134775127, 1.4201504283052973, 1.4877416712445009, 1.4109607101289896, 1.4831301737361273, 1.4319934011685762, 1, 1, 0.07764132748490216, 0.13343844593164333, 0.7659083882691656, 1]

Score=0.306934296337
[0.01777250947231333, -0.011293063645028308, 0.034456905353037796, 1.433506134775127, 1.4078175500211318, 1.4877416712445009, 1.4, 1.4831301737361273, 1.4528518432768998, 1, 1, 0.07764132748490216, 0.13343844593164333, 0.7659083882691656, 1]

Score=0.19877490346
[0.01777250947231333, -0.013130490171057992, 0.034917748254359587, 1.433506134775127, 1.4201504283052973, 1.4877416712445009, 1.4, 1.4831301737361273, 1.4528518432768998, 1, 1, 0.07764132748490216, 0.13343844593164333, 0.7659083882691656, 1]

Score=0.226496902965
[0.01777250947231333, -0.01097290478727962, 0.034917748254359587, 1.4295453763886019, 1.4078175500211318, 1.4877416712445009, 1.4, 1.4831301737361273, 1.4528518432768998, 1, 1, 0.07764132748490216, 0.13343844593164333, 0.7659083882691656, 1]

Score=0.250600659599
[0.01777250947231333, -0.01097290478727962, 0.034917748254359587, 1.433506134775127, 1.4201504283052973, 1.4877416712445009, 1.4, 1.4831301737361273, 1.4417371945378694, 1, 1, 0.07764132748490216, 0.13343844593164333, 0.7659083882691656, 1]




Final Population
[0.01777250947231333, -0.01097290478727962, 0.034456905353037796, 1.4295453763886019, 1.4078175500211318, 1.4746331752805599, 1.4, 1.4831301737361273, 1.4354149282690478, 1, 1, 0.07764132748490216, 0.13343844593164333, 0.7659083882691656, 1]
[0.01777250947231333, -0.01097290478727962, 0.034456905353037796, 1.433506134775127, 1.4181203683072043, 1.4725671426052793, 1.4, 1.4831301737361273, 1.4528518432768998, 1, 1, 0.07764132748490216, 0.13343844593164333, 0.7659083882691656, 1]
[0.018818532711211141, -0.013130490171057992, 0.034456905353037796, 1.433506134775127, 1.4078175500211318, 1.4746331752805599, 1.4109607101289896, 1.4879693702359225, 1.4528518432768998, 1, 1, 0.07764132748490216, 0.13343844593164333, 1, 1]
[0.018818532711211141, -0.01097290478727962, 0.034456905353037796, 1.4295453763886019, 1.4078175500211318, 1.4746331752805599, 1.4, 1.4831301737361273, 1.4417371945378694, 1, 1, 0.07764132748490216, 0.13343844593164333, 0.7659083882691656, 1]
[0.01777250947231333, -0.01097290478727962, 0.034499594127093018, 1.433506134775127, 1.4122373928886243, 1.4877416712445009, 1.4, 1.4831301737361273, 1.4319934011685762, 1, 1, 0.07764132748490216, 0.13343844593164333, 0.7659083882691656, 1]
[0.01777250947231333, -0.01097290478727962, 0.034456905353037796, 1.433506134775127, 1.4078175500211318, 1.4746331752805599, 1.4109607101289896, 1.4831301737361273, 1.4417371945378694, 1, 1, 0.07764132748490216, 0.13343844593164333, 1, 1]
[0.01777250947231333, -0.01097290478727962, 0.034456905353037796, 1.433506134775127, 1.4078175500211318, 1.4746331752805599, 1.4109607101289896, 1.4831301737361273, 1.4417371945378694, 1, 1, 0.07764132748490216, 0.13343844593164333, 0.7659083882691656, 1]
[0.01777250947231333, -0.01097290478727962, 0.033484953932726665, 1.4295453763886019, 1.4078175500211318, 1.4746331752805599, 1.4, 1.4831301737361273, 1.4417371945378694, 1, 1, 0.07764132748490216, 0.13343844593164333, 0.7659083882691656, 1]
[0.01777250947231333, -0.01097290478727962, 0.034456905353037796, 1.433506134775127, 1.4078175500211318, 1.4746331752805599, 1.4109607101289896, 1.4831301737361273, 1.4417371945378694, 1, 1, 0.07764132748490216, 0.13343844593164333, 1, 1]
[0.01777250947231333, -0.013130490171057992, 0.034499594127093018, 1.4295453763886019, 1.4122373928886243, 1.4746331752805599, 1.4, 1.4831301737361273, 1.4319934011685762, 1, 1, 0.07764132748490216, 0.13343844593164333, 1, 1]
[0.01777250947231333, -0.013130490171057992, 0.034765051809152514, 1.433506134775127, 1.4078175500211318, 1.4903339064002445, 1.4, 1.4831301737361273, 1.4417371945378694, 1, 1, 0.07764132748490216, 0.13343844593164333, 0.7659083882691656, 1]
[0.01777250947231333, -0.013130490171057992, 0.034456905353037796, 1.433506134775127, 1.4078175500211318, 1.4903339064002445, 1.4109607101289896, 1.4831301737361273, 1.4319934011685762, 1, 1, 0.07764132748490216, 0.13343844593164333, 1, 1]
[0.01777250947231333, -0.013130490171057992, 0.034499594127093018, 1.4425127854112463, 1.4078175500211318, 1.4877416712445009, 1.4109607101289896, 1.4831301737361273, 1.4223112046741897, 1, 1, 0.07764132748490216, 0.13343844593164333, 1, 1]
[0.017188947491330455, -0.013130490171057992, 0.034456905353037796, 1.433506134775127, 1.4078175500211318, 1.4877416712445009, 1.4109607101289896, 1.4831301737361273, 1.4417371945378694, 1, 1, 0.07764132748490216, 0.13343844593164333, 1, 1]
[0.01777250947231333, -0.01097290478727962, 0.034456905353037796, 1.4425127854112463, 1.4078175500211318, 1.4903339064002445, 1.4, 1.4831301737361273, 1.4319934011685762, 1, 1, 0.07764132748490216, 0.13343844593164333, 0.7659083882691656, 1]
[0.01777250947231333, -0.013130490171057992, 0.034765051809152514, 1.433506134775127, 1.4078175500211318, 1.4903339064002445, 1.4, 1.4831301737361273, 1.4319934011685762, 1, 1, 0.07764132748490216, 0.13343844593164333, 0.7659083882691656, 1]
[0.01777250947231333, -0.013130490171057992, 0.034456905353037796, 1.433506134775127, 1.4078175500211318, 1.4903339064002445, 1.4, 1.4831301737361273, 1.4528518432768998, 1, 1, 0.07764132748490216, 0.13343844593164333, 0.7659083882691656, 1]
[0.01777250947231333, -0.013130490171057992, 0.034499594127093018, 1.4425127854112463, 1.4078175500211318, 1.4877416712445009, 1.4, 1.4831301737361273, 1.4319934011685762, 1, 1, 0.07764132748490216, 0.13343844593164333, 0.7659083882691656, 1]
[0.01777250947231333, -0.013130490171057992, 0.034499594127093018, 1.433506134775127, 1.4078175500211318, 1.4877416712445009, 1.4, 1.4831301737361273, 1.4319934011685762, 1, 1, 0.07764132748490216, 0.13343844593164333, 0.7659083882691656, 1]
[0.01777250947231333, -0.01097290478727962, 0.034499594127093018, 1.433506134775127, 1.4078175500211318, 1.4903339064002445, 1.4, 1.4831301737361273, 1.4319934011685762, 1, 1, 0.07764132748490216, 0.13343844593164333, 0.7659083882691656, 1]
[0.01777250947231333, -0.013130490171057992, 0.033484953932726665, 1.433506134775127, 1.4078175500211318, 1.4905973222430828, 1.4, 1.4831301737361273, 1.4528518432768998, 1, 1, 0.07764132748490216, 0.13343844593164333, 0.7659083882691656, 1]
[0.01777250947231333, -0.012721216521996986, 0.034917748254359587, 1.433506134775127, 1.4078175500211318, 1.4877416712445009, 1.4109607101289896, 1.4831301737361273, 1.4319934011685762, 1, 1, 0.07764132748490216, 0.13343844593164333, 0.7659083882691656, 1]
[0.01777250947231333, -0.013130490171057992, 0.034499594127093018, 1.433506134775127, 1.4078175500211318, 1.4877416712445009, 1.4, 1.4831301737361273, 1.4528518432768998, 1, 1, 0.07764132748490216, 0.13343844593164333, 0.7659083882691656, 1]
[0.01777250947231333, -0.013130490171057992, 0.034917748254359587, 1.433506134775127, 1.4079104434507153, 1.4903339064002445, 1.4, 1.4879693702359225, 1.4487418619136823, 1, 1, 0.07764132748490216, 0.13343844593164333, 0.7659083882691656, 1]
[0.01777250947231333, -0.013130490171057992, 0.033484953932726665, 1.433506134775127, 1.4181203683072043, 1.4905973222430828, 1.4, 1.4831301737361273, 1.4528518432768998, 1, 1, 0.07764132748490216, 0.13343844593164333, 0.7659083882691656, 1]
[0.01777250947231333, -0.012721216521996986, 0.034917748254359587, 1.433506134775127, 1.4201504283052973, 1.4877416712445009, 1.4109607101289896, 1.4831301737361273, 1.4319934011685762, 1, 1, 0.07764132748490216, 0.13343844593164333, 0.7659083882691656, 1]
[0.01777250947231333, -0.011293063645028308, 0.034456905353037796, 1.433506134775127, 1.4078175500211318, 1.4877416712445009, 1.4, 1.4831301737361273, 1.4528518432768998, 1, 1, 0.07764132748490216, 0.13343844593164333, 0.7659083882691656, 1]
[0.01777250947231333, -0.013130490171057992, 0.034917748254359587, 1.433506134775127, 1.4201504283052973, 1.4877416712445009, 1.4, 1.4831301737361273, 1.4528518432768998, 1, 1, 0.07764132748490216, 0.13343844593164333, 0.7659083882691656, 1]
[0.01777250947231333, -0.01097290478727962, 0.034917748254359587, 1.4295453763886019, 1.4078175500211318, 1.4877416712445009, 1.4, 1.4831301737361273, 1.4528518432768998, 1, 1, 0.07764132748490216, 0.13343844593164333, 0.7659083882691656, 1]
[0.01777250947231333, -0.01097290478727962, 0.034917748254359587, 1.433506134775127, 1.4201504283052973, 1.4877416712445009, 1.4, 1.4831301737361273, 1.4417371945378694, 1, 1, 0.07764132748490216, 0.13343844593164333, 0.7659083882691656, 1]
