Score=0.00285220165516
[0.075451082573960479, -0.018818060023849635, 0.0021410984932912552, 1.57960055133021, 1.4738563142403713, 1.4321586276397791, 1.4526478746492297, 1.4887073693842749, 1.5326730063936418, 0.603062735365892, 0.3772974241113932, 1, 1, 0.16632402638012944, 0.08457805224627513]

Score=0.00435133248114
[0.074730682218205821, -0.018818060023849635, 0.00065498875242877837, 1.5940699848261872, 1.478083140910554, 1.4321586276397791, 1.459829094155911, 1.4887073693842749, 1.5208386713777113, 0.603062735365892, 0.3772974241113932, 1, 1, 0.16632402638012944, 0.08457805224627513]

Score=0.00416913943
[0.075451082573960479, -0.018818060023849635, 0.0007046563993522215, 1.57960055133021, 1.4738563142403713, 1.4321586276397791, 1.4526478746492297, 1.4887073693842749, 1.5326730063936418, 0.603062735365892, 0.3772974241113932, 1, 1, 0.16632402638012944, 0.08457805224627513]

Score=0.00284603053676
[0.074730682218205821, -0.018818060023849635, 0.0007046563993522215, 1.57960055133021, 1.4716656479788752, 1.4321586276397791, 1.459829094155911, 1.4887073693842749, 1.5326730063936418, 0.603062735365892, 0.3772974241113932, 1, 1, 0.16632402638012944, 0.08457805224627513]

Score=0.0607194357036
[0.074730682218205821, -0.018818060023849635, 0.00065498875242877837, 1.5876377958241337, 1.4713368979838102, 1.4321586276397791, 1.459829094155911, 1.4887073693842749, 1.5208386713777113, 0.603062735365892, 0.3772974241113932, 1, 1, 0.16632402638012944, 0.08457805224627513]

Score=0.153977636874
[0.075451082573960479, -0.018818060023849635, 0.0021410984932912552, 1.57960055133021, 1.4738563142403713, 1.4321586276397791, 1.4526478746492297, 1.4887073693842749, 1.5326730063936418, 0.603062735365892, 0.3772974241113932, 1, 1, 0.16632402638012944, 0.08457805224627513]

Score=0.00225779853174
[0.075710774108692841, -0.018818060023849635, 0.0007046563993522215, 1.57960055133021, 1.4713368979838102, 1.4321586276397791, 1.4526021684634811, 1.4887073693842749, 1.5208386713777113, 0.603062735365892, 0.3772974241113932, 1, 1, 0.16632402638012944, 0.08457805224627513]

Score=0.00337348402498
[0.075451082573960479, -0.018818060023849635, 0.0021410984932912552, 1.5712797960521174, 1.4713368979838102, 1.4321586276397791, 1.4526478746492297, 1.4887073693842749, 1.5326730063936418, 0.603062735365892, 0.3772974241113932, 1, 1, 0.16632402638012944, 0.08457805224627513]

Score=0.00958768441842
[0.077188688645436876, -0.018818060023849635, 0.0007046563993522215, 1.5712797960521174, 1.4716656479788752, 1.4321586276397791, 1.459829094155911, 1.4887073693842749, 1.5216060948544026, 0.603062735365892, 0.3772974241113932, 1, 1, 0.16632402638012944, 0.08457805224627513]

Score=0.0136986119636
[0.075710774108692841, -0.018818060023849635, 0.00065498875242877837, 1.5712797960521174, 1.4716656479788752, 1.4321586276397791, 1.459829094155911, 1.4887073693842749, 1.5216060948544026, 0.603062735365892, 0.3772974241113932, 1, 1, 0.16632402638012944, 0.08457805224627513]

Score=0.00550105969706
[0.075451082573960479, -0.018818060023849635, 0.0023114857506292296, 1.5940699848261872, 1.4716656479788752, 1.4321586276397791, 1.4526021684634811, 1.4887073693842749, 1.5216060948544026, 0.603062735365892, 0.3772974241113932, 1, 1, 0.16632402638012944, 0.08457805224627513]

Score=0.00244057756979
[0.075451082573960479, -0.018818060023849635, 0.001495259774184216, 1.5940699848261872, 1.4713368979838102, 1.4321586276397791, 1.4526021684634811, 1.4887073693842749, 1.5216060948544026, 0.603062735365892, 0.3772974241113932, 1, 1, 0.16632402638012944, 0.08457805224627513]

Score=0.0141173811132
[0.075451082573960479, -0.018818060023849635, 0.0007046563993522215, 1.5712797960521174, 1.4716656479788752, 1.4321586276397791, 1.459829094155911, 1.4887073693842749, 1.5208386713777113, 0.603062735365892, 0.3772974241113932, 1, 1, 0.16632402638012944, 0.08457805224627513]

Score=0.0821931653251
[0.075637720990695323, -0.018818060023849635, 0.0007046563993522215, 1.5940699848261872, 1.4814965232467867, 1.4321586276397791, 1.4526021684634811, 1.4887073693842749, 1.519543976404899, 0.603062735365892, 0.3772974241113932, 1, 1, 0.16632402638012944, 0.08457805224627513]

Score=0.0495929206129
[0.075710774108692841, -0.018818060023849635, 0.0022966085537555756, 1.5940699848261872, 1.4738563142403713, 1.4321586276397791, 1.4526021684634811, 1.4887073693842749, 1.5216060948544026, 0.603062735365892, 0.3772974241113932, 1, 1, 0.16632402638012944, 0.08457805224627513]

Score=0.080737848469
[0.075710774108692841, -0.018818060023849635, 0.0007046563993522215, 1.5940699848261872, 1.4738563142403713, 1.4321586276397791, 1.4602755331568917, 1.4887073693842749, 1.5326730063936418, 0.603062735365892, 0.3772974241113932, 1, 1, 0.16632402638012944, 0.08457805224627513]

Score=0.105364789724
[0.075710774108692841, -0.018818060023849635, 0.0007046563993522215, 1.57960055133021, 1.4814965232467867, 1.4321586276397791, 1.4526021684634811, 1.4887073693842749, 1.5139144188236038, 0.603062735365892, 1, 1, 1, 0.16632402638012944, 0.08457805224627513]

Score=0.0026984104491
[0.075637720990695323, -0.018818060023849635, 0.00046734517641854902, 1.57960055133021, 1.478083140910554, 1.4321586276397791, 1.459829094155911, 1.4887073693842749, 1.5326730063936418, 0.603062735365892, 0.3772974241113932, 1, 1, 0.16632402638012944, 0.08457805224627513]

Score=0.00259835636024
[0.075710774108692841, -0.018818060023849635, 0.0022966085537555756, 1.5940699848261872, 1.4738563142403713, 1.4321586276397791, 1.4526021684634811, 1.4887073693842749, 1.5326730063936418, 0.603062735365892, 0.3772974241113932, 1, 1, 0.16632402638012944, 0.08457805224627513]

Score=0.00314726347876
[0.075451082573960479, -0.018818060023849635, 0.0022966085537555756, 1.57960055133021, 1.4814965232467867, 1.4321586276397791, 1.4526021684634811, 1.4870950375135403, 1.5208386713777113, 0.603062735365892, 0.3772974241113932, 1, 1, 0.16632402638012944, 0.08457805224627513]

Score=0.00249728439887
[0.075637720990695323, -0.018818060023849635, 0.0007046563993522215, 1.57960055133021, 1.4738563142403713, 1.4321586276397791, 1.459829094155911, 1.4986774058299994, 1.5326730063936418, 0.603062735365892, 0.3772974241113932, 1, 1, 0.16632402638012944, 0.08457805224627513]

Score=0.00242394703023
[0.075637720990695323, -0.018818060023849635, 0.001495259774184216, 1.5930667201572315, 1.478083140910554, 1.4321586276397791, 1.459829094155911, 1.4827431871431223, 1.5326730063936418, 0.603062735365892, 0.3772974241113932, 1, 1, 0.16632402638012944, 0.08457805224627513]

Score=0.00420092967658
[0.075451082573960479, -0.018818060023849635, 0.0007046563993522215, 1.57960055133021, 1.4814965232467867, 1.4321586276397791, 1.4526021684634811, 1.4827431871431223, 1.5326730063936418, 0.603062735365892, 0.3772974241113932, 1, 1, 0.16632402638012944, 0.08457805224627513]

Score=0.383448064747
[0.075637720990695323, -0.018818060023849635, 0.0007046563993522215, 1.57960055133021, 1.4814965232467867, 1.4321586276397791, 1.459829094155911, 1.4887073693842749, 1.4905474797471088, 0.603062735365892, 0.3772974241113932, 1, 1, 0.16632402638012944, 1]

Score=0.00216163870429
[0.075451082573960479, -0.018818060023849635, 0.0007046563993522215, 1.57960055133021, 1.4738563142403713, 1.4321586276397791, 1.4526021684634811, 1.4986774058299994, 1.5326730063936418, 0.603062735365892, 0.3772974241113932, 1, 1, 0.16632402638012944, 0.08457805224627513]

Score=0.00241782401269
[0.075451082573960479, -0.018818060023849635, 0.0007046563993522215, 1.57960055133021, 1.4738563142403713, 1.4321586276397791, 1.459829094155911, 1.4986774058299994, 1.5326730063936418, 0.603062735365892, 0.3772974241113932, 1, 1, 0.16632402638012944, 0.08457805224627513]

Score=0.490583665368
[0.075451082573960479, -0.018818060023849635, 0.0007046563993522215, 1.5940699848261872, 1.4738563142403713, 1.4321586276397791, 1.459829094155911, 1.4986774058299994, 1.529963896109451, 0.603062735365892, 0.3772974241113932, 1, 1, 1, 0.08457805224627513]

Score=0.00952337724066
[0.075451082573960479, -0.018818060023849635, 0.0007046563993522215, 1.57960055133021, 1.4738563142403713, 1.4321586276397791, 1.4526021684634811, 1.4887073693842749, 1.5326730063936418, 0.603062735365892, 0.3772974241113932, 1, 1, 0.16632402638012944, 0.08457805224627513]

Score=0.0234903597483
[0.075451082573960479, -0.018818060023849635, 0.0007046563993522215, 1.57960055133021, 1.4738563142403713, 1.4321586276397791, 1.459829094155911, 1.4887073693842749, 1.5326730063936418, 0.603062735365892, 0.3772974241113932, 1, 1, 0.16632402638012944, 0.08457805224627513]

Score=0.136382102111
[0.075451082573960479, -0.018818060023849635, 0.00065498875242877837, 1.5940699848261872, 1.4716656479788752, 1.4321586276397791, 1.459829094155911, 1.4887073693842749, 1.5208386713777113, 0.603062735365892, 0.3772974241113932, 1, 1, 0.16632402638012944, 0.08457805224627513]




Final Population
[0.075451082573960479, -0.018818060023849635, 0.0021410984932912552, 1.57960055133021, 1.4738563142403713, 1.4321586276397791, 1.4526478746492297, 1.4887073693842749, 1.5326730063936418, 0.603062735365892, 0.3772974241113932, 1, 1, 0.16632402638012944, 0.08457805224627513]
[0.074730682218205821, -0.018818060023849635, 0.00065498875242877837, 1.5940699848261872, 1.478083140910554, 1.4321586276397791, 1.459829094155911, 1.4887073693842749, 1.5208386713777113, 0.603062735365892, 0.3772974241113932, 1, 1, 0.16632402638012944, 0.08457805224627513]
[0.075451082573960479, -0.018818060023849635, 0.0007046563993522215, 1.57960055133021, 1.4738563142403713, 1.4321586276397791, 1.4526478746492297, 1.4887073693842749, 1.5326730063936418, 0.603062735365892, 0.3772974241113932, 1, 1, 0.16632402638012944, 0.08457805224627513]
[0.074730682218205821, -0.018818060023849635, 0.0007046563993522215, 1.57960055133021, 1.4716656479788752, 1.4321586276397791, 1.459829094155911, 1.4887073693842749, 1.5326730063936418, 0.603062735365892, 0.3772974241113932, 1, 1, 0.16632402638012944, 0.08457805224627513]
[0.074730682218205821, -0.018818060023849635, 0.00065498875242877837, 1.5876377958241337, 1.4713368979838102, 1.4321586276397791, 1.459829094155911, 1.4887073693842749, 1.5208386713777113, 0.603062735365892, 0.3772974241113932, 1, 1, 0.16632402638012944, 0.08457805224627513]
[0.075451082573960479, -0.018818060023849635, 0.0021410984932912552, 1.57960055133021, 1.4738563142403713, 1.4321586276397791, 1.4526478746492297, 1.4887073693842749, 1.5326730063936418, 0.603062735365892, 0.3772974241113932, 1, 1, 0.16632402638012944, 0.08457805224627513]
[0.075710774108692841, -0.018818060023849635, 0.0007046563993522215, 1.57960055133021, 1.4713368979838102, 1.4321586276397791, 1.4526021684634811, 1.4887073693842749, 1.5208386713777113, 0.603062735365892, 0.3772974241113932, 1, 1, 0.16632402638012944, 0.08457805224627513]
[0.075451082573960479, -0.018818060023849635, 0.0021410984932912552, 1.5712797960521174, 1.4713368979838102, 1.4321586276397791, 1.4526478746492297, 1.4887073693842749, 1.5326730063936418, 0.603062735365892, 0.3772974241113932, 1, 1, 0.16632402638012944, 0.08457805224627513]
[0.077188688645436876, -0.018818060023849635, 0.0007046563993522215, 1.5712797960521174, 1.4716656479788752, 1.4321586276397791, 1.459829094155911, 1.4887073693842749, 1.5216060948544026, 0.603062735365892, 0.3772974241113932, 1, 1, 0.16632402638012944, 0.08457805224627513]
[0.075710774108692841, -0.018818060023849635, 0.00065498875242877837, 1.5712797960521174, 1.4716656479788752, 1.4321586276397791, 1.459829094155911, 1.4887073693842749, 1.5216060948544026, 0.603062735365892, 0.3772974241113932, 1, 1, 0.16632402638012944, 0.08457805224627513]
[0.075451082573960479, -0.018818060023849635, 0.0023114857506292296, 1.5940699848261872, 1.4716656479788752, 1.4321586276397791, 1.4526021684634811, 1.4887073693842749, 1.5216060948544026, 0.603062735365892, 0.3772974241113932, 1, 1, 0.16632402638012944, 0.08457805224627513]
[0.075451082573960479, -0.018818060023849635, 0.001495259774184216, 1.5940699848261872, 1.4713368979838102, 1.4321586276397791, 1.4526021684634811, 1.4887073693842749, 1.5216060948544026, 0.603062735365892, 0.3772974241113932, 1, 1, 0.16632402638012944, 0.08457805224627513]
[0.075451082573960479, -0.018818060023849635, 0.0007046563993522215, 1.5712797960521174, 1.4716656479788752, 1.4321586276397791, 1.459829094155911, 1.4887073693842749, 1.5208386713777113, 0.603062735365892, 0.3772974241113932, 1, 1, 0.16632402638012944, 0.08457805224627513]
[0.075637720990695323, -0.018818060023849635, 0.0007046563993522215, 1.5940699848261872, 1.4814965232467867, 1.4321586276397791, 1.4526021684634811, 1.4887073693842749, 1.519543976404899, 0.603062735365892, 0.3772974241113932, 1, 1, 0.16632402638012944, 0.08457805224627513]
[0.075710774108692841, -0.018818060023849635, 0.0022966085537555756, 1.5940699848261872, 1.4738563142403713, 1.4321586276397791, 1.4526021684634811, 1.4887073693842749, 1.5216060948544026, 0.603062735365892, 0.3772974241113932, 1, 1, 0.16632402638012944, 0.08457805224627513]
[0.075710774108692841, -0.018818060023849635, 0.0007046563993522215, 1.5940699848261872, 1.4738563142403713, 1.4321586276397791, 1.4602755331568917, 1.4887073693842749, 1.5326730063936418, 0.603062735365892, 0.3772974241113932, 1, 1, 0.16632402638012944, 0.08457805224627513]
[0.075710774108692841, -0.018818060023849635, 0.0007046563993522215, 1.57960055133021, 1.4814965232467867, 1.4321586276397791, 1.4526021684634811, 1.4887073693842749, 1.5139144188236038, 0.603062735365892, 1, 1, 1, 0.16632402638012944, 0.08457805224627513]
[0.075637720990695323, -0.018818060023849635, 0.00046734517641854902, 1.57960055133021, 1.478083140910554, 1.4321586276397791, 1.459829094155911, 1.4887073693842749, 1.5326730063936418, 0.603062735365892, 0.3772974241113932, 1, 1, 0.16632402638012944, 0.08457805224627513]
[0.075710774108692841, -0.018818060023849635, 0.0022966085537555756, 1.5940699848261872, 1.4738563142403713, 1.4321586276397791, 1.4526021684634811, 1.4887073693842749, 1.5326730063936418, 0.603062735365892, 0.3772974241113932, 1, 1, 0.16632402638012944, 0.08457805224627513]
[0.075451082573960479, -0.018818060023849635, 0.0022966085537555756, 1.57960055133021, 1.4814965232467867, 1.4321586276397791, 1.4526021684634811, 1.4870950375135403, 1.5208386713777113, 0.603062735365892, 0.3772974241113932, 1, 1, 0.16632402638012944, 0.08457805224627513]
[0.075637720990695323, -0.018818060023849635, 0.0007046563993522215, 1.57960055133021, 1.4738563142403713, 1.4321586276397791, 1.459829094155911, 1.4986774058299994, 1.5326730063936418, 0.603062735365892, 0.3772974241113932, 1, 1, 0.16632402638012944, 0.08457805224627513]
[0.075637720990695323, -0.018818060023849635, 0.001495259774184216, 1.5930667201572315, 1.478083140910554, 1.4321586276397791, 1.459829094155911, 1.4827431871431223, 1.5326730063936418, 0.603062735365892, 0.3772974241113932, 1, 1, 0.16632402638012944, 0.08457805224627513]
[0.075451082573960479, -0.018818060023849635, 0.0007046563993522215, 1.57960055133021, 1.4814965232467867, 1.4321586276397791, 1.4526021684634811, 1.4827431871431223, 1.5326730063936418, 0.603062735365892, 0.3772974241113932, 1, 1, 0.16632402638012944, 0.08457805224627513]
[0.075637720990695323, -0.018818060023849635, 0.0007046563993522215, 1.57960055133021, 1.4814965232467867, 1.4321586276397791, 1.459829094155911, 1.4887073693842749, 1.4905474797471088, 0.603062735365892, 0.3772974241113932, 1, 1, 0.16632402638012944, 1]
[0.075451082573960479, -0.018818060023849635, 0.0007046563993522215, 1.57960055133021, 1.4738563142403713, 1.4321586276397791, 1.4526021684634811, 1.4986774058299994, 1.5326730063936418, 0.603062735365892, 0.3772974241113932, 1, 1, 0.16632402638012944, 0.08457805224627513]
[0.075451082573960479, -0.018818060023849635, 0.0007046563993522215, 1.57960055133021, 1.4738563142403713, 1.4321586276397791, 1.459829094155911, 1.4986774058299994, 1.5326730063936418, 0.603062735365892, 0.3772974241113932, 1, 1, 0.16632402638012944, 0.08457805224627513]
[0.075451082573960479, -0.018818060023849635, 0.0007046563993522215, 1.5940699848261872, 1.4738563142403713, 1.4321586276397791, 1.459829094155911, 1.4986774058299994, 1.529963896109451, 0.603062735365892, 0.3772974241113932, 1, 1, 1, 0.08457805224627513]
[0.075451082573960479, -0.018818060023849635, 0.0007046563993522215, 1.57960055133021, 1.4738563142403713, 1.4321586276397791, 1.4526021684634811, 1.4887073693842749, 1.5326730063936418, 0.603062735365892, 0.3772974241113932, 1, 1, 0.16632402638012944, 0.08457805224627513]
[0.075451082573960479, -0.018818060023849635, 0.0007046563993522215, 1.57960055133021, 1.4738563142403713, 1.4321586276397791, 1.459829094155911, 1.4887073693842749, 1.5326730063936418, 0.603062735365892, 0.3772974241113932, 1, 1, 0.16632402638012944, 0.08457805224627513]
[0.075451082573960479, -0.018818060023849635, 0.00065498875242877837, 1.5940699848261872, 1.4716656479788752, 1.4321586276397791, 1.459829094155911, 1.4887073693842749, 1.5208386713777113, 0.603062735365892, 0.3772974241113932, 1, 1, 0.16632402638012944, 0.08457805224627513]
