Score=0.0567773430491
[0.05956485249602117, -0.020105125838286622, 0.041470127578087615, 1.5799637665593009, 1.5346647783966545, 1.5585844097970145, 1.5279765829148606, 1.5496393419039651, 1.4657781789178053, 0.017878585709140693, 0.8286210960888115, 0.5944626559114959, 1, 1, 0.4667086495730072]

Score=0.123937498038
[0.05956485249602117, -0.020105125838286622, 0.041470127578087615, 1.5799637665593009, 1.5369899485078899, 1.55273810001585, 1.5279765829148606, 1.5496393419039651, 1.4657781789178053, 0.017878585709140693, 0.8286210960888115, 1, 1, 1, 0.4667086495730072]

Score=0.0369511197771
[0.05956485249602117, -0.020105125838286622, 0.041470127578087615, 1.5799637665593009, 1.5346647783966545, 1.55273810001585, 1.5279765829148606, 1.5476279513809572, 1.4657781789178053, 0.017878585709140693, 0.8286210960888115, 0.5944626559114959, 1, 1, 0.4667086495730072]

Score=0.0387814982049
[0.05956485249602117, -0.020105125838286622, 0.041470127578087615, 1.5799637665593009, 1.5346647783966545, 1.55273810001585, 1.532692964673815, 1.5476279513809572, 1.4657781789178053, 0.017878585709140693, 0.8286210960888115, 0.5944626559114959, 1, 1, 0.4667086495730072]

Score=0.0483146744599
[0.05956485249602117, -0.020105125838286622, 0.041470127578087615, 1.5799637665593009, 1.5353792237630686, 1.55273810001585, 1.5279765829148606, 1.5496393419039651, 1.4657781789178053, 0.017878585709140693, 0.8286210960888115, 0.5944626559114959, 1, 1, 0.4667086495730072]

Score=0.0421348690319
[0.05956485249602117, -0.020105125838286622, 0.041470127578087615, 1.5799637665593009, 1.5353792237630686, 1.5585844097970145, 1.5279765829148606, 1.5496393419039651, 1.4657781789178053, 0.017878585709140693, 0.8286210960888115, 0.5944626559114959, 1, 1, 0.4667086495730072]

Score=0.0378814531445
[0.05956485249602117, -0.020105125838286622, 0.041470127578087615, 1.5799637665593009, 1.5346647783966545, 1.55273810001585, 1.532692964673815, 1.5476279513809572, 1.4657781789178053, 0.017878585709140693, 0.8286210960888115, 0.5944626559114959, 1, 1, 0.4667086495730072]

Score=0.133718594681
[0.05956485249602117, -0.019409993089017846, 0.041470127578087615, 1.5799637665593009, 1.5346647783966545, 1.55273810001585, 1.532692964673815, 1.5404400488751659, 1.4657781789178053, 0.017878585709140693, 0.8286210960888115, 0.5944626559114959, 1, 1, 0.4667086495730072]

Score=0.0603534292558
[0.05956485249602117, -0.020105125838286622, 0.041470127578087615, 1.5641477966674162, 1.5353792237630686, 1.55273810001585, 1.532692964673815, 1.5476279513809572, 1.4657781789178053, 0.017878585709140693, 0.8286210960888115, 0.5944626559114959, 1, 1, 0.4667086495730072]

Score=0.0490986618304
[0.05924796033338803, -0.019409993089017846, 0.041470127578087615, 1.5799637665593009, 1.5353792237630686, 1.55273810001585, 1.532692964673815, 1.5476279513809572, 1.4657781789178053, 0.017878585709140693, 0.8286210960888115, 0.5944626559114959, 1, 1, 0.4667086495730072]

Score=0.0434168450765
[0.05956485249602117, -0.019990576956939114, 0.041470127578087615, 1.56315686305155, 1.5260642658874433, 1.5604222286045035, 1.532692964673815, 1.5509755680230177, 1.4657781789178053, 0.017878585709140693, 0.8286210960888115, 0.5944626559114959, 1, 1, 0.4667086495730072]

Score=0.0634742457482
[0.05924796033338803, -0.019409993089017846, 0.041470127578087615, 1.5799637665593009, 1.5353792237630686, 1.5604222286045035, 1.532692964673815, 1.5476279513809572, 1.4657781789178053, 0.017878585709140693, 0.8286210960888115, 0.5944626559114959, 1, 1, 0.4667086495730072]

Score=0.140196756955
[0.05956485249602117, -0.020105125838286622, 0.041470127578087615, 1.5799637665593009, 1.5331583259398824, 1.5604222286045035, 1.532692964673815, 1.5496393419039651, 1.4610167464692265, 0.017878585709140693, 0.8286210960888115, 0.5944626559114959, 1, 1, 0.4667086495730072]

Score=0.0414051921466
[0.05924796033338803, -0.020105125838286622, 0.041470127578087615, 1.5799637665593009, 1.5331583259398824, 1.55273810001585, 1.532692964673815, 1.5496393419039651, 1.4657781789178053, 0.017878585709140693, 0.8286210960888115, 0.5944626559114959, 1, 1, 0.4667086495730072]

Score=0.0771829582805
[0.05924796033338803, -0.020105125838286622, 0.041470127578087615, 1.5799637665593009, 1.5331583259398824, 1.5604222286045035, 1.532692964673815, 1.5496393419039651, 1.4657781789178053, 0.017878585709140693, 0.8286210960888115, 0.5944626559114959, 1, 1, 0.4667086495730072]

Score=0.0552328773119
[0.05956485249602117, -0.019990576956939114, 0.041470127578087615, 1.56315686305155, 1.5260642658874433, 1.5604222286045035, 1.5279765829148606, 1.5496393419039651, 1.4657781789178053, 0.017878585709140693, 0.8286210960888115, 0.5944626559114959, 1, 1, 0.4667086495730072]

Score=0.0423206456071
[0.05956485249602117, -0.019990576956939114, 0.041470127578087615, 1.56315686305155, 1.5409837491898275, 1.5604222286045035, 1.532692964673815, 1.5476279513809572, 1.4657781789178053, 0.017878585709140693, 0.8286210960888115, 0.5944626559114959, 1, 1, 0.4667086495730072]

Score=0.0571941175441
[0.05956485249602117, -0.019990576956939114, 0.0404034938445497, 1.5807761373174065, 1.5369899485078899, 1.5749283160486633, 1.532692964673815, 1.5476279513809572, 1.4657781789178053, 0.017878585709140693, 0.8286210960888115, 0.5944626559114959, 1, 1, 0.4667086495730072]

Score=0.0522594004465
[0.05956485249602117, -0.019990576956939114, 0.0404034938445497, 1.56315686305155, 1.5447799879178203, 1.5706107834093235, 1.5279765829148606, 1.5496393419039651, 1.4657781789178053, 0.017878585709140693, 0.8286210960888115, 0.5944626559114959, 1, 1, 0.4667086495730072]

Score=0.0603225929744
[0.05956485249602117, -0.019990576956939114, 0.041470127578087615, 1.5807761373174065, 1.5369899485078899, 1.5749283160486633, 1.532692964673815, 1.5496393419039651, 1.4657781789178053, 0.017878585709140693, 0.8286210960888115, 0.5944626559114959, 1, 1, 0.4667086495730072]

Score=0.0321404545181
[0.05956485249602117, -0.019990576956939114, 0.041470127578087615, 1.56315686305155, 1.5447799879178203, 1.5604222286045035, 1.5279765829148606, 1.5496393419039651, 1.4657781789178053, 0.017878585709140693, 0.8286210960888115, 0.5944626559114959, 1, 1, 0.4667086495730072]

Score=0.166943009824
[0.060425605986419599, -0.019990576956939114, 0.041470127578087615, 1.56315686305155, 1.5260642658874433, 1.5585844097970145, 1.532692964673815, 1.5496393419039651, 1.4657781789178053, 0.017878585709140693, 0.8286210960888115, 1, 1, 1, 0.4667086495730072]

Score=0.118861354817
[0.05956485249602117, -0.019990576956939114, 0.041470127578087615, 1.5799637665593009, 1.5369899485078899, 1.5585844097970145, 1.5279765829148606, 1.5496393419039651, 1.4657781789178053, 0.017878585709140693, 0.8286210960888115, 0.5944626559114959, 1, 1, 0.4667086495730072]

Score=0.0689824167221
[0.05956485249602117, -0.019990576956939114, 0.041470127578087615, 1.56315686305155, 1.5369899485078899, 1.5585844097970145, 1.5279765829148606, 1.5496393419039651, 1.4657781789178053, 0.017878585709140693, 0.8286210960888115, 0.5944626559114959, 1, 1, 0.4667086495730072]

Score=0.0612175717308
[0.05956485249602117, -0.020105125838286622, 0.041470127578087615, 1.56315686305155, 1.5369899485078899, 1.5604222286045035, 1.5279765829148606, 1.5496393419039651, 1.4657781789178053, 0.017878585709140693, 0.8286210960888115, 0.5944626559114959, 1, 1, 0.4667086495730072]

Score=0.144057391185
[0.05956485249602117, -0.020105125838286622, 0.041470127578087615, 1.5799637665593009, 1.5365632193885883, 1.5585844097970145, 1.5279765829148606, 1.5496393419039651, 1.4657781789178053, 0.017878585709140693, 0.8286210960888115, 0.5944626559114959, 1, 1, 0.4667086495730072]

Score=0.0528808795002
[0.05956485249602117, -0.020105125838286622, 0.0404034938445497, 1.5799637665593009, 1.5260642658874433, 1.5585844097970145, 1.532692964673815, 1.5496393419039651, 1.4657781789178053, 0.017878585709140693, 1, 1, 1, 1, 0.4667086495730072]

Score=0.0380867230068
[0.05956485249602117, -0.020105125838286622, 0.041470127578087615, 1.5799637665593009, 1.5369899485078899, 1.5585844097970145, 1.5279765829148606, 1.5496393419039651, 1.4657781789178053, 0.017878585709140693, 0.8286210960888115, 0.5944626559114959, 1, 1, 0.4667086495730072]

Score=0.052650793173
[0.05956485249602117, -0.020105125838286622, 0.041470127578087615, 1.5799637665593009, 1.5346647783966545, 1.5585844097970145, 1.5279765829148606, 1.5496393419039651, 1.4610356429262232, 0.017878585709140693, 0.8286210960888115, 0.5944626559114959, 1, 1, 0.4667086495730072]

Score=0.0491041182922
[0.059609010011392571, -0.020105125838286622, 0.041470127578087615, 1.5799637665593009, 1.5369899485078899, 1.5656036721983104, 1.5279765829148606, 1.5476279513809572, 1.4533850301506699, 0.017878585709140693, 0.8286210960888115, 0.5944626559114959, 1, 1, 0.4667086495730072]




Final Population
[0.05956485249602117, -0.020105125838286622, 0.041470127578087615, 1.5799637665593009, 1.5346647783966545, 1.5585844097970145, 1.5279765829148606, 1.5496393419039651, 1.4657781789178053, 0.017878585709140693, 0.8286210960888115, 0.5944626559114959, 1, 1, 0.4667086495730072]
[0.05956485249602117, -0.020105125838286622, 0.041470127578087615, 1.5799637665593009, 1.5369899485078899, 1.55273810001585, 1.5279765829148606, 1.5496393419039651, 1.4657781789178053, 0.017878585709140693, 0.8286210960888115, 1, 1, 1, 0.4667086495730072]
[0.05956485249602117, -0.020105125838286622, 0.041470127578087615, 1.5799637665593009, 1.5346647783966545, 1.55273810001585, 1.5279765829148606, 1.5476279513809572, 1.4657781789178053, 0.017878585709140693, 0.8286210960888115, 0.5944626559114959, 1, 1, 0.4667086495730072]
[0.05956485249602117, -0.020105125838286622, 0.041470127578087615, 1.5799637665593009, 1.5346647783966545, 1.55273810001585, 1.532692964673815, 1.5476279513809572, 1.4657781789178053, 0.017878585709140693, 0.8286210960888115, 0.5944626559114959, 1, 1, 0.4667086495730072]
[0.05956485249602117, -0.020105125838286622, 0.041470127578087615, 1.5799637665593009, 1.5353792237630686, 1.55273810001585, 1.5279765829148606, 1.5496393419039651, 1.4657781789178053, 0.017878585709140693, 0.8286210960888115, 0.5944626559114959, 1, 1, 0.4667086495730072]
[0.05956485249602117, -0.020105125838286622, 0.041470127578087615, 1.5799637665593009, 1.5353792237630686, 1.5585844097970145, 1.5279765829148606, 1.5496393419039651, 1.4657781789178053, 0.017878585709140693, 0.8286210960888115, 0.5944626559114959, 1, 1, 0.4667086495730072]
[0.05956485249602117, -0.020105125838286622, 0.041470127578087615, 1.5799637665593009, 1.5346647783966545, 1.55273810001585, 1.532692964673815, 1.5476279513809572, 1.4657781789178053, 0.017878585709140693, 0.8286210960888115, 0.5944626559114959, 1, 1, 0.4667086495730072]
[0.05956485249602117, -0.019409993089017846, 0.041470127578087615, 1.5799637665593009, 1.5346647783966545, 1.55273810001585, 1.532692964673815, 1.5404400488751659, 1.4657781789178053, 0.017878585709140693, 0.8286210960888115, 0.5944626559114959, 1, 1, 0.4667086495730072]
[0.05956485249602117, -0.020105125838286622, 0.041470127578087615, 1.5641477966674162, 1.5353792237630686, 1.55273810001585, 1.532692964673815, 1.5476279513809572, 1.4657781789178053, 0.017878585709140693, 0.8286210960888115, 0.5944626559114959, 1, 1, 0.4667086495730072]
[0.05924796033338803, -0.019409993089017846, 0.041470127578087615, 1.5799637665593009, 1.5353792237630686, 1.55273810001585, 1.532692964673815, 1.5476279513809572, 1.4657781789178053, 0.017878585709140693, 0.8286210960888115, 0.5944626559114959, 1, 1, 0.4667086495730072]
[0.05956485249602117, -0.019990576956939114, 0.041470127578087615, 1.56315686305155, 1.5260642658874433, 1.5604222286045035, 1.532692964673815, 1.5509755680230177, 1.4657781789178053, 0.017878585709140693, 0.8286210960888115, 0.5944626559114959, 1, 1, 0.4667086495730072]
[0.05924796033338803, -0.019409993089017846, 0.041470127578087615, 1.5799637665593009, 1.5353792237630686, 1.5604222286045035, 1.532692964673815, 1.5476279513809572, 1.4657781789178053, 0.017878585709140693, 0.8286210960888115, 0.5944626559114959, 1, 1, 0.4667086495730072]
[0.05956485249602117, -0.020105125838286622, 0.041470127578087615, 1.5799637665593009, 1.5331583259398824, 1.5604222286045035, 1.532692964673815, 1.5496393419039651, 1.4610167464692265, 0.017878585709140693, 0.8286210960888115, 0.5944626559114959, 1, 1, 0.4667086495730072]
[0.05924796033338803, -0.020105125838286622, 0.041470127578087615, 1.5799637665593009, 1.5331583259398824, 1.55273810001585, 1.532692964673815, 1.5496393419039651, 1.4657781789178053, 0.017878585709140693, 0.8286210960888115, 0.5944626559114959, 1, 1, 0.4667086495730072]
[0.05924796033338803, -0.020105125838286622, 0.041470127578087615, 1.5799637665593009, 1.5331583259398824, 1.5604222286045035, 1.532692964673815, 1.5496393419039651, 1.4657781789178053, 0.017878585709140693, 0.8286210960888115, 0.5944626559114959, 1, 1, 0.4667086495730072]
[0.05956485249602117, -0.019990576956939114, 0.041470127578087615, 1.56315686305155, 1.5260642658874433, 1.5604222286045035, 1.5279765829148606, 1.5496393419039651, 1.4657781789178053, 0.017878585709140693, 0.8286210960888115, 0.5944626559114959, 1, 1, 0.4667086495730072]
[0.05956485249602117, -0.019990576956939114, 0.041470127578087615, 1.56315686305155, 1.5409837491898275, 1.5604222286045035, 1.532692964673815, 1.5476279513809572, 1.4657781789178053, 0.017878585709140693, 0.8286210960888115, 0.5944626559114959, 1, 1, 0.4667086495730072]
[0.05956485249602117, -0.019990576956939114, 0.0404034938445497, 1.5807761373174065, 1.5369899485078899, 1.5749283160486633, 1.532692964673815, 1.5476279513809572, 1.4657781789178053, 0.017878585709140693, 0.8286210960888115, 0.5944626559114959, 1, 1, 0.4667086495730072]
[0.05956485249602117, -0.019990576956939114, 0.0404034938445497, 1.56315686305155, 1.5447799879178203, 1.5706107834093235, 1.5279765829148606, 1.5496393419039651, 1.4657781789178053, 0.017878585709140693, 0.8286210960888115, 0.5944626559114959, 1, 1, 0.4667086495730072]
[0.05956485249602117, -0.019990576956939114, 0.041470127578087615, 1.5807761373174065, 1.5369899485078899, 1.5749283160486633, 1.532692964673815, 1.5496393419039651, 1.4657781789178053, 0.017878585709140693, 0.8286210960888115, 0.5944626559114959, 1, 1, 0.4667086495730072]
[0.05956485249602117, -0.019990576956939114, 0.041470127578087615, 1.56315686305155, 1.5447799879178203, 1.5604222286045035, 1.5279765829148606, 1.5496393419039651, 1.4657781789178053, 0.017878585709140693, 0.8286210960888115, 0.5944626559114959, 1, 1, 0.4667086495730072]
[0.060425605986419599, -0.019990576956939114, 0.041470127578087615, 1.56315686305155, 1.5260642658874433, 1.5585844097970145, 1.532692964673815, 1.5496393419039651, 1.4657781789178053, 0.017878585709140693, 0.8286210960888115, 1, 1, 1, 0.4667086495730072]
[0.05956485249602117, -0.019990576956939114, 0.041470127578087615, 1.5799637665593009, 1.5369899485078899, 1.5585844097970145, 1.5279765829148606, 1.5496393419039651, 1.4657781789178053, 0.017878585709140693, 0.8286210960888115, 0.5944626559114959, 1, 1, 0.4667086495730072]
[0.05956485249602117, -0.019990576956939114, 0.041470127578087615, 1.56315686305155, 1.5369899485078899, 1.5585844097970145, 1.5279765829148606, 1.5496393419039651, 1.4657781789178053, 0.017878585709140693, 0.8286210960888115, 0.5944626559114959, 1, 1, 0.4667086495730072]
[0.05956485249602117, -0.020105125838286622, 0.041470127578087615, 1.56315686305155, 1.5369899485078899, 1.5604222286045035, 1.5279765829148606, 1.5496393419039651, 1.4657781789178053, 0.017878585709140693, 0.8286210960888115, 0.5944626559114959, 1, 1, 0.4667086495730072]
[0.05956485249602117, -0.020105125838286622, 0.041470127578087615, 1.5799637665593009, 1.5365632193885883, 1.5585844097970145, 1.5279765829148606, 1.5496393419039651, 1.4657781789178053, 0.017878585709140693, 0.8286210960888115, 0.5944626559114959, 1, 1, 0.4667086495730072]
[0.05956485249602117, -0.020105125838286622, 0.0404034938445497, 1.5799637665593009, 1.5260642658874433, 1.5585844097970145, 1.532692964673815, 1.5496393419039651, 1.4657781789178053, 0.017878585709140693, 1, 1, 1, 1, 0.4667086495730072]
[0.05956485249602117, -0.020105125838286622, 0.041470127578087615, 1.5799637665593009, 1.5369899485078899, 1.5585844097970145, 1.5279765829148606, 1.5496393419039651, 1.4657781789178053, 0.017878585709140693, 0.8286210960888115, 0.5944626559114959, 1, 1, 0.4667086495730072]
[0.05956485249602117, -0.020105125838286622, 0.041470127578087615, 1.5799637665593009, 1.5346647783966545, 1.5585844097970145, 1.5279765829148606, 1.5496393419039651, 1.4610356429262232, 0.017878585709140693, 0.8286210960888115, 0.5944626559114959, 1, 1, 0.4667086495730072]
[0.059609010011392571, -0.020105125838286622, 0.041470127578087615, 1.5799637665593009, 1.5369899485078899, 1.5656036721983104, 1.5279765829148606, 1.5476279513809572, 1.4533850301506699, 0.017878585709140693, 0.8286210960888115, 0.5944626559114959, 1, 1, 0.4667086495730072]
