Score=0.0548285456536
[0.00015747327116250211, -0.017361529039704674, -0.005036354437927308, 1.5979956221648508, 1.5154629072973118, 1.5585524890166165, 1.5341811096847311, 1.4651825119575324, 1.5731063267455188, 0.12066275345302824, 0.3727485125369788, 1, 1, 0.9293846255854106, 0.45461089104254093]

Score=0.0783758909186
[0.00026742271804808276, -0.017361529039704674, -0.005036354437927308, 1.6, 1.5226837853516471, 1.5752331353949276, 1.5341811096847311, 1.4651825119575324, 1.5590052663203298, 0.12066275345302824, 0.3727485125369788, 1, 1, 0.9293846255854106, 0.45461089104254093]

Score=0.0358788523255
[-1.2297011296667629e-05, -0.017361529039704674, -0.005036354437927308, 1.5979956221648508, 1.507960891202597, 1.5585524890166165, 1.5341811096847311, 1.4651825119575324, 1.5731063267455188, 0.12066275345302824, 0.3727485125369788, 1, 1, 0.9293846255854106, 0.45461089104254093]

Score=0.114773540006
[0.00015747327116250211, -0.017361529039704674, -0.005036354437927308, 1.5979956221648508, 1.507960891202597, 1.5812048444022582, 1.5341811096847311, 1.4651825119575324, 1.5731063267455188, 0.12066275345302824, 0.3727485125369788, 1, 1, 0.9293846255854106, 0.45461089104254093]

Score=0.055996260632
[0.00015747327116250211, -0.017361529039704674, -0.005036354437927308, 1.6, 1.5154629072973118, 1.5585524890166165, 1.5341811096847311, 1.4784237176381907, 1.5731063267455188, 0.12066275345302824, 0.3727485125369788, 1, 1, 0.9293846255854106, 0.45461089104254093]

Score=0.0953179029592
[0.00015747327116250211, -0.017361529039704674, -0.005036354437927308, 1.5887201784508933, 1.5226837853516471, 1.5585524890166165, 1.5341811096847311, 1.4362847062125725, 1.5847118808032452, 0.12066275345302824, 0.3727485125369788, 1, 1, 0.9293846255854106, 0.45461089104254093]

Score=0.0248948914466
[0.00015747327116250211, -0.017361529039704674, -0.005036354437927308, 1.6, 1.5154629072973118, 1.5585524890166165, 1.5341811096847311, 1.4651825119575324, 1.5731063267455188, 0.12066275345302824, 0.3727485125369788, 1, 1, 0.9293846255854106, 0.45461089104254093]

Score=0.0233948498065
[0.00015747327116250211, -0.017361529039704674, -0.005036354437927308, 1.5979956221648508, 1.5154629072973118, 1.5585524890166165, 1.5341811096847311, 1.4651825119575324, 1.5731063267455188, 0.12066275345302824, 0.3727485125369788, 1, 1, 0.9293846255854106, 0.45461089104254093]

Score=0.024878989662
[0.00015747327116250211, -0.017361529039704674, -0.005036354437927308, 1.6, 1.5252350261719529, 1.5585524890166165, 1.5341811096847311, 1.4651825119575324, 1.5731063267455188, 0.12066275345302824, 0.3727485125369788, 1, 1, 0.9293846255854106, 0.45461089104254093]

Score=0.08248184731
[0.00015747327116250211, -0.017361529039704674, -0.005036354437927308, 1.6, 1.5226837853516471, 1.5585524890166165, 1.5341811096847311, 1.4651825119575324, 1.5847118808032452, 0.12066275345302824, 0.3727485125369788, 1, 1, 0.9293846255854106, 0.45461089104254093]

Score=0.438826531775
[0.00015747327116250211, -0.017361529039704674, -0.005036354437927308, 1.6, 1.5226837853516471, 1.5585524890166165, 1.5341811096847311, 1.4618182233212458, 1.5731063267455188, 1, 0.3727485125369788, 1, 1, 0.9293846255854106, 0.45461089104254093]

Score=0.0251178051613
[0.00015747327116250211, -0.019942053688980683, -0.005036354437927308, 1.6, 1.5226837853516471, 1.5752331353949276, 1.5341811096847311, 1.4642854217868941, 1.5731063267455188, 0.12066275345302824, 0.3727485125369788, 1, 1, 0.9293846255854106, 0.45461089104254093]

Score=0.141752916707
[0.00033944476437694081, -0.019942053688980683, -0.005036354437927308, 1.6, 1.5226837853516471, 1.5752331353949276, 1.5341811096847311, 1.4651825119575324, 1.5793757240799511, 0.12066275345302824, 0.3727485125369788, 1, 1, 0.9293846255854106, 0.45461089104254093]

Score=0.0536206497396
[0.00015747327116250211, -0.017361529039704674, -0.005036354437927308, 1.6, 1.5252350261719529, 1.5585524890166165, 1.5341811096847311, 1.4651825119575324, 1.5793757240799511, 0.12066275345302824, 0.3727485125369788, 1, 1, 0.9293846255854106, 0.45461089104254093]

Score=0.0237999711467
[0.00015747327116250211, -0.019942053688980683, -0.005036354437927308, 1.5979956221648508, 1.5226837853516471, 1.5752331353949276, 1.5341811096847311, 1.4651825119575324, 1.5731063267455188, 0.12066275345302824, 0.3727485125369788, 1, 1, 0.9293846255854106, 0.45461089104254093]

Score=0.113109038559
[0.00015747327116250211, -0.017361529039704674, -0.005036354437927308, 1.6, 1.5226837853516471, 1.5752331353949276, 1.5341811096847311, 1.4642854217868941, 1.5793757240799511, 0.12066275345302824, 0.3727485125369788, 1, 1, 0.9293846255854106, 0.45461089104254093]

Score=0.116229864237
[0.00015747327116250211, -0.019942053688980683, -0.005036354437927308, 1.5979956221648508, 1.5226837853516471, 1.5752331353949276, 1.5341811096847311, 1.4651825119575324, 1.5793757240799511, 0.12066275345302824, 0.3727485125369788, 1, 1, 0.9293846255854106, 0.45461089104254093]

Score=0.103415002991
[0.00015747327116250211, -0.017361529039704674, -0.005036354437927308, 1.6, 1.5252350261719529, 1.5585524890166165, 1.5341811096847311, 1.4651825119575324, 1.5731063267455188, 0.12066275345302824, 0.3727485125369788, 1, 1, 0.9293846255854106, 0.45461089104254093]

Score=0.101266921986
[0.00015747327116250211, -0.017361529039704674, -0.005036354437927308, 1.5979956221648508, 1.5226837853516471, 1.5585524890166165, 1.5341811096847311, 1.4651825119575324, 1.5731063267455188, 0.12066275345302824, 0.3727485125369788, 1, 1, 0.9293846255854106, 0.45461089104254093]

Score=0.113513100157
[0.00015747327116250211, -0.019942053688980683, -0.005036354437927308, 1.6, 1.5252350261719529, 1.5585524890166165, 1.5341811096847311, 1.4651825119575324, 1.5731063267455188, 0.12066275345302824, 0.3727485125369788, 1, 1, 0.9293846255854106, 0.45461089104254093]

Score=0.024839160097
[0.00015747327116250211, -0.017361529039704674, -0.005036354437927308, 1.5979956221648508, 1.515697552521057, 1.5585524890166165, 1.5341811096847311, 1.4651825119575324, 1.5731063267455188, 0.12066275345302824, 0.3727485125369788, 1, 1, 0.9293846255854106, 0.45461089104254093]

Score=0.0249951156109
[0.00015747327116250211, -0.017361529039704674, -0.005036354437927308, 1.5979956221648508, 1.515697552521057, 1.5585524890166165, 1.5341811096847311, 1.4651825119575324, 1.5731063267455188, 0.12066275345302824, 0.3727485125369788, 1, 1, 0.9293846255854106, 0.45461089104254093]

Score=0.452569644035
[0.00015747327116250211, -0.017361529039704674, -0.005036354437927308, 1.5979956221648508, 1.524835123430891, 1.5585524890166165, 1.5341811096847311, 1.4651825119575324, 1.5793757240799511, 1, 0.3727485125369788, 1, 1, 1, 0.45461089104254093]

Score=0.0235553191037
[0.00015747327116250211, -0.017361529039704674, -0.005036354437927308, 1.5979956221648508, 1.5226837853516471, 1.5752331353949276, 1.5341811096847311, 1.4651825119575324, 1.5793757240799511, 0.12066275345302824, 0.3727485125369788, 1, 1, 0.9293846255854106, 0.45461089104254093]

Score=0.0229500601686
[0.00015747327116250211, -0.017361529039704674, -0.005036354437927308, 1.6, 1.5226837853516471, 1.5585524890166165, 1.5341811096847311, 1.4651825119575324, 1.5731063267455188, 0.12066275345302824, 0.3727485125369788, 1, 1, 0.9293846255854106, 0.45461089104254093]

Score=0.123547682392
[0.00015747327116250211, -0.017361529039704674, -0.005036354437927308, 1.6, 1.5226837853516471, 1.5752331353949276, 1.5341811096847311, 1.4651825119575324, 1.5731063267455188, 0.12066275345302824, 0.3727485125369788, 1, 1, 0.9293846255854106, 0.45461089104254093]

Score=0.0541213083374
[0.00015747327116250211, -0.017361529039704674, -0.005036354437927308, 1.6, 1.5226837853516471, 1.5752331353949276, 1.5341811096847311, 1.4651825119575324, 1.5590052663203298, 0.12066275345302824, 0.3727485125369788, 1, 1, 0.9293846255854106, 0.45461089104254093]

Score=0.0480911166163
[-1.2297011296667629e-05, -0.017361529039704674, -0.005036354437927308, 1.6, 1.5017158627783649, 1.5752331353949276, 1.5341811096847311, 1.4651825119575324, 1.5793757240799511, 0.12066275345302824, 0.3727485125369788, 1, 1, 0.9293846255854106, 0.45461089104254093]

Score=0.212903716183
[-1.2297011296667629e-05, -0.017361529039704674, -0.005036354437927308, 1.5979956221648508, 1.5154629072973118, 1.5585524890166165, 1.5341811096847311, 1.4651825119575324, 1.5731063267455188, 0.12066275345302824, 0.3727485125369788, 1, 1, 0.9293846255854106, 0.45461089104254093]

Score=0.0170848411933
[-1.2297011296667629e-05, -0.017361529039704674, -0.005036354437927308, 1.6, 1.5154629072973118, 1.568332611809671, 1.5341811096847311, 1.4651825119575324, 1.5731063267455188, 0.12066275345302824, 0.3727485125369788, 1, 1, 0.9293846255854106, 0.45461089104254093]




Final Population
[0.00015747327116250211, -0.017361529039704674, -0.005036354437927308, 1.5979956221648508, 1.5154629072973118, 1.5585524890166165, 1.5341811096847311, 1.4651825119575324, 1.5731063267455188, 0.12066275345302824, 0.3727485125369788, 1, 1, 0.9293846255854106, 0.45461089104254093]
[0.00026742271804808276, -0.017361529039704674, -0.005036354437927308, 1.6, 1.5226837853516471, 1.5752331353949276, 1.5341811096847311, 1.4651825119575324, 1.5590052663203298, 0.12066275345302824, 0.3727485125369788, 1, 1, 0.9293846255854106, 0.45461089104254093]
[-1.2297011296667629e-05, -0.017361529039704674, -0.005036354437927308, 1.5979956221648508, 1.507960891202597, 1.5585524890166165, 1.5341811096847311, 1.4651825119575324, 1.5731063267455188, 0.12066275345302824, 0.3727485125369788, 1, 1, 0.9293846255854106, 0.45461089104254093]
[0.00015747327116250211, -0.017361529039704674, -0.005036354437927308, 1.5979956221648508, 1.507960891202597, 1.5812048444022582, 1.5341811096847311, 1.4651825119575324, 1.5731063267455188, 0.12066275345302824, 0.3727485125369788, 1, 1, 0.9293846255854106, 0.45461089104254093]
[0.00015747327116250211, -0.017361529039704674, -0.005036354437927308, 1.6, 1.5154629072973118, 1.5585524890166165, 1.5341811096847311, 1.4784237176381907, 1.5731063267455188, 0.12066275345302824, 0.3727485125369788, 1, 1, 0.9293846255854106, 0.45461089104254093]
[0.00015747327116250211, -0.017361529039704674, -0.005036354437927308, 1.5887201784508933, 1.5226837853516471, 1.5585524890166165, 1.5341811096847311, 1.4362847062125725, 1.5847118808032452, 0.12066275345302824, 0.3727485125369788, 1, 1, 0.9293846255854106, 0.45461089104254093]
[0.00015747327116250211, -0.017361529039704674, -0.005036354437927308, 1.6, 1.5154629072973118, 1.5585524890166165, 1.5341811096847311, 1.4651825119575324, 1.5731063267455188, 0.12066275345302824, 0.3727485125369788, 1, 1, 0.9293846255854106, 0.45461089104254093]
[0.00015747327116250211, -0.017361529039704674, -0.005036354437927308, 1.5979956221648508, 1.5154629072973118, 1.5585524890166165, 1.5341811096847311, 1.4651825119575324, 1.5731063267455188, 0.12066275345302824, 0.3727485125369788, 1, 1, 0.9293846255854106, 0.45461089104254093]
[0.00015747327116250211, -0.017361529039704674, -0.005036354437927308, 1.6, 1.5252350261719529, 1.5585524890166165, 1.5341811096847311, 1.4651825119575324, 1.5731063267455188, 0.12066275345302824, 0.3727485125369788, 1, 1, 0.9293846255854106, 0.45461089104254093]
[0.00015747327116250211, -0.017361529039704674, -0.005036354437927308, 1.6, 1.5226837853516471, 1.5585524890166165, 1.5341811096847311, 1.4651825119575324, 1.5847118808032452, 0.12066275345302824, 0.3727485125369788, 1, 1, 0.9293846255854106, 0.45461089104254093]
[0.00015747327116250211, -0.017361529039704674, -0.005036354437927308, 1.6, 1.5226837853516471, 1.5585524890166165, 1.5341811096847311, 1.4618182233212458, 1.5731063267455188, 1, 0.3727485125369788, 1, 1, 0.9293846255854106, 0.45461089104254093]
[0.00015747327116250211, -0.019942053688980683, -0.005036354437927308, 1.6, 1.5226837853516471, 1.5752331353949276, 1.5341811096847311, 1.4642854217868941, 1.5731063267455188, 0.12066275345302824, 0.3727485125369788, 1, 1, 0.9293846255854106, 0.45461089104254093]
[0.00033944476437694081, -0.019942053688980683, -0.005036354437927308, 1.6, 1.5226837853516471, 1.5752331353949276, 1.5341811096847311, 1.4651825119575324, 1.5793757240799511, 0.12066275345302824, 0.3727485125369788, 1, 1, 0.9293846255854106, 0.45461089104254093]
[0.00015747327116250211, -0.017361529039704674, -0.005036354437927308, 1.6, 1.5252350261719529, 1.5585524890166165, 1.5341811096847311, 1.4651825119575324, 1.5793757240799511, 0.12066275345302824, 0.3727485125369788, 1, 1, 0.9293846255854106, 0.45461089104254093]
[0.00015747327116250211, -0.019942053688980683, -0.005036354437927308, 1.5979956221648508, 1.5226837853516471, 1.5752331353949276, 1.5341811096847311, 1.4651825119575324, 1.5731063267455188, 0.12066275345302824, 0.3727485125369788, 1, 1, 0.9293846255854106, 0.45461089104254093]
[0.00015747327116250211, -0.017361529039704674, -0.005036354437927308, 1.6, 1.5226837853516471, 1.5752331353949276, 1.5341811096847311, 1.4642854217868941, 1.5793757240799511, 0.12066275345302824, 0.3727485125369788, 1, 1, 0.9293846255854106, 0.45461089104254093]
[0.00015747327116250211, -0.019942053688980683, -0.005036354437927308, 1.5979956221648508, 1.5226837853516471, 1.5752331353949276, 1.5341811096847311, 1.4651825119575324, 1.5793757240799511, 0.12066275345302824, 0.3727485125369788, 1, 1, 0.9293846255854106, 0.45461089104254093]
[0.00015747327116250211, -0.017361529039704674, -0.005036354437927308, 1.6, 1.5252350261719529, 1.5585524890166165, 1.5341811096847311, 1.4651825119575324, 1.5731063267455188, 0.12066275345302824, 0.3727485125369788, 1, 1, 0.9293846255854106, 0.45461089104254093]
[0.00015747327116250211, -0.017361529039704674, -0.005036354437927308, 1.5979956221648508, 1.5226837853516471, 1.5585524890166165, 1.5341811096847311, 1.4651825119575324, 1.5731063267455188, 0.12066275345302824, 0.3727485125369788, 1, 1, 0.9293846255854106, 0.45461089104254093]
[0.00015747327116250211, -0.019942053688980683, -0.005036354437927308, 1.6, 1.5252350261719529, 1.5585524890166165, 1.5341811096847311, 1.4651825119575324, 1.5731063267455188, 0.12066275345302824, 0.3727485125369788, 1, 1, 0.9293846255854106, 0.45461089104254093]
[0.00015747327116250211, -0.017361529039704674, -0.005036354437927308, 1.5979956221648508, 1.515697552521057, 1.5585524890166165, 1.5341811096847311, 1.4651825119575324, 1.5731063267455188, 0.12066275345302824, 0.3727485125369788, 1, 1, 0.9293846255854106, 0.45461089104254093]
[0.00015747327116250211, -0.017361529039704674, -0.005036354437927308, 1.5979956221648508, 1.515697552521057, 1.5585524890166165, 1.5341811096847311, 1.4651825119575324, 1.5731063267455188, 0.12066275345302824, 0.3727485125369788, 1, 1, 0.9293846255854106, 0.45461089104254093]
[0.00015747327116250211, -0.017361529039704674, -0.005036354437927308, 1.5979956221648508, 1.524835123430891, 1.5585524890166165, 1.5341811096847311, 1.4651825119575324, 1.5793757240799511, 1, 0.3727485125369788, 1, 1, 1, 0.45461089104254093]
[0.00015747327116250211, -0.017361529039704674, -0.005036354437927308, 1.5979956221648508, 1.5226837853516471, 1.5752331353949276, 1.5341811096847311, 1.4651825119575324, 1.5793757240799511, 0.12066275345302824, 0.3727485125369788, 1, 1, 0.9293846255854106, 0.45461089104254093]
[0.00015747327116250211, -0.017361529039704674, -0.005036354437927308, 1.6, 1.5226837853516471, 1.5585524890166165, 1.5341811096847311, 1.4651825119575324, 1.5731063267455188, 0.12066275345302824, 0.3727485125369788, 1, 1, 0.9293846255854106, 0.45461089104254093]
[0.00015747327116250211, -0.017361529039704674, -0.005036354437927308, 1.6, 1.5226837853516471, 1.5752331353949276, 1.5341811096847311, 1.4651825119575324, 1.5731063267455188, 0.12066275345302824, 0.3727485125369788, 1, 1, 0.9293846255854106, 0.45461089104254093]
[0.00015747327116250211, -0.017361529039704674, -0.005036354437927308, 1.6, 1.5226837853516471, 1.5752331353949276, 1.5341811096847311, 1.4651825119575324, 1.5590052663203298, 0.12066275345302824, 0.3727485125369788, 1, 1, 0.9293846255854106, 0.45461089104254093]
[-1.2297011296667629e-05, -0.017361529039704674, -0.005036354437927308, 1.6, 1.5017158627783649, 1.5752331353949276, 1.5341811096847311, 1.4651825119575324, 1.5793757240799511, 0.12066275345302824, 0.3727485125369788, 1, 1, 0.9293846255854106, 0.45461089104254093]
[-1.2297011296667629e-05, -0.017361529039704674, -0.005036354437927308, 1.5979956221648508, 1.5154629072973118, 1.5585524890166165, 1.5341811096847311, 1.4651825119575324, 1.5731063267455188, 0.12066275345302824, 0.3727485125369788, 1, 1, 0.9293846255854106, 0.45461089104254093]
[-1.2297011296667629e-05, -0.017361529039704674, -0.005036354437927308, 1.6, 1.5154629072973118, 1.568332611809671, 1.5341811096847311, 1.4651825119575324, 1.5731063267455188, 0.12066275345302824, 0.3727485125369788, 1, 1, 0.9293846255854106, 0.45461089104254093]
