Score=0.110154624698
[0.0068144984796645672, -0.0030993258338583947, 0.010756407668899471, 1.6, 1.5822423952929765, 1.5797671796645507, 1.5258564046579226, 1.5567919952050757, 1.4887299169968553, 1, 0.9296480706083321, 0.155938412650236, 0.5939544425399065, 0.40304659201315796, 0.9075399536316294]

Score=0.0878240562744
[0.0046297121403656031, -0.0030993258338583947, 0.010756407668899471, 1.6, 1.5822423952929765, 1.5797671796645507, 1.5258564046579226, 1.5414958942901991, 1.4887299169968553, 1, 0.9296480706083321, 0.155938412650236, 0.5939544425399065, 0.40304659201315796, 0.9075399536316294]

Score=0.0625129891396
[0.0068144984796645672, -0.0030993258338583947, 0.010756407668899471, 1.6, 1.5822423952929765, 1.5797671796645507, 1.5258564046579226, 1.5567919952050757, 1.4887299169968553, 1, 0.9296480706083321, 0.155938412650236, 0.5939544425399065, 0.40304659201315796, 0.9075399536316294]

Score=0.0219581653056
[0.0068144984796645672, -0.0030993258338583947, 0.010756407668899471, 1.6, 1.5822423952929765, 1.5797671796645507, 1.5258564046579226, 1.5567919952050757, 1.4887299169968553, 1, 0.9296480706083321, 0.155938412650236, 0.5939544425399065, 0.40304659201315796, 0.9075399536316294]

Score=0.023689651795
[0.0046297121403656031, -0.0030993258338583947, 0.010756407668899471, 1.6, 1.5822423952929765, 1.5941654442031785, 1.5258564046579226, 1.5414958942901991, 1.4887299169968553, 1, 0.9296480706083321, 0.155938412650236, 0.5939544425399065, 0.40304659201315796, 0.9075399536316294]

Score=0.0237120749913
[0.0046297121403656031, -0.0030993258338583947, 0.010756407668899471, 1.6, 1.5822423952929765, 1.5797671796645507, 1.5258564046579226, 1.5414958942901991, 1.4887299169968553, 1, 0.9296480706083321, 0.155938412650236, 0.5939544425399065, 0.40304659201315796, 0.9075399536316294]

Score=0.0441832485015
[0.0058341120514452506, -0.0030993258338583947, 0.010756407668899471, 1.6, 1.5822423952929765, 1.5797671796645507, 1.5289118302604596, 1.5567919952050757, 1.4887299169968553, 1, 0.9296480706083321, 0.155938412650236, 0.5939544425399065, 0.40304659201315796, 0.9075399536316294]

Score=0.092558196873
[0.0068144984796645672, -0.0030993258338583947, 0.010756407668899471, 1.6, 1.5822423952929765, 1.5790181265675829, 1.5289118302604596, 1.5684881987386554, 1.4887299169968553, 1, 0.9296480706083321, 0.155938412650236, 0.5939544425399065, 0.40304659201315796, 0.9075399536316294]

Score=0.393507129559
[0.0068144984796645672, -0.0030993258338583947, 0.010756407668899471, 1.6, 1.5822423952929765, 1.5941654442031785, 1.5258564046579226, 1.5414958942901991, 1.4887299169968553, 1, 0.9296480706083321, 1, 0.5939544425399065, 0.40304659201315796, 0.9075399536316294]

Score=0.0206104609147
[0.0068144984796645672, -0.0030993258338583947, 0.010756407668899471, 1.6, 1.5822423952929765, 1.5797671796645507, 1.5289118302604596, 1.5684881987386554, 1.4887299169968553, 1, 0.9296480706083321, 0.155938412650236, 0.5939544425399065, 0.40304659201315796, 0.9075399536316294]

Score=0.120389536855
[0.0058341120514452506, -0.0030993258338583947, 0.010756407668899471, 1.6, 1.5822423952929765, 1.5797671796645507, 1.5289118302604596, 1.5684881987386554, 1.4887299169968553, 1, 0.9296480706083321, 0.155938412650236, 0.5939544425399065, 0.40304659201315796, 0.9075399536316294]

Score=0.0206936510925
[0.0068144984796645672, -0.0030993258338583947, 0.010756407668899471, 1.6, 1.564917909214403, 1.5790181265675829, 1.5289118302604596, 1.5567919952050757, 1.4887299169968553, 1, 0.9296480706083321, 0.155938412650236, 0.5939544425399065, 0.40304659201315796, 0.9075399536316294]

Score=0.0215481026897
[0.0068144984796645672, -0.0030993258338583947, 0.010756407668899471, 1.5926014164530038, 1.564917909214403, 1.5790181265675829, 1.5289118302604596, 1.5567919952050757, 1.4887299169968553, 1, 0.9296480706083321, 0.155938412650236, 0.5939544425399065, 0.40304659201315796, 0.9075399536316294]

Score=0.417155769529
[0.0068543552408645899, -0.0030993258338583947, 0.010756407668899471, 1.6, 1.564917909214403, 1.5797671796645507, 1.5289118302604596, 1.5567919952050757, 1.4887299169968553, 1, 1, 0.155938412650236, 1, 0.40304659201315796, 0.9075399536316294]

Score=0.0222617552827
[0.0068543552408645899, -0.0030993258338583947, 0.010756407668899471, 1.5926014164530038, 1.564917909214403, 1.5790181265675829, 1.5333767372550369, 1.5567919952050757, 1.4887299169968553, 1, 0.9296480706083321, 0.155938412650236, 0.5939544425399065, 0.40304659201315796, 0.9075399536316294]

Score=0.0205632663447
[0.0058341120514452506, -0.0030993258338583947, 0.010756407668899471, 1.6, 1.5822423952929765, 1.5790181265675829, 1.532489425673951, 1.5567919952050757, 1.4887299169968553, 1, 0.9296480706083321, 0.155938412650236, 0.5939544425399065, 0.40304659201315796, 0.9075399536316294]

Score=0.0199040699776
[0.0068543552408645899, -0.0030993258338583947, 0.010756407668899471, 1.6, 1.564917909214403, 1.5790181265675829, 1.532489425673951, 1.5567919952050757, 1.4887299169968553, 1, 0.9296480706083321, 0.155938412650236, 0.5939544425399065, 0.40304659201315796, 0.9075399536316294]

Score=0.455201492094
[0.0068543552408645899, -0.0030993258338583947, 0.010756407668899471, 1.6, 1.564917909214403, 1.5797671796645507, 1.5333767372550369, 1.5567919952050757, 1.4887299169968553, 1, 0.9296480706083321, 0.155938412650236, 0.5939544425399065, 1, 0.9075399536316294]

Score=0.0197909804284
[0.0068543552408645899, -0.0030993258338583947, 0.010756407668899471, 1.5926014164530038, 1.564917909214403, 1.5797671796645507, 1.5333767372550369, 1.5567919952050757, 1.4887299169968553, 1, 0.9296480706083321, 0.155938412650236, 0.5939544425399065, 0.40304659201315796, 0.9075399536316294]

Score=0.0371409873465
[0.0068144984796645672, -0.0030993258338583947, 0.010756407668899471, 1.5926014164530038, 1.564917909214403, 1.5797671796645507, 1.5333767372550369, 1.5567919952050757, 1.4887299169968553, 1, 0.9296480706083321, 0.155938412650236, 0.5939544425399065, 0.40304659201315796, 0.9075399536316294]

Score=0.0440670742648
[0.0068543552408645899, -0.0030993258338583947, 0.010756407668899471, 1.6, 1.564917909214403, 1.5837027708326987, 1.532489425673951, 1.5567919952050757, 1.4887299169968553, 1, 0.9296480706083321, 0.155938412650236, 0.5939544425399065, 0.40304659201315796, 0.9075399536316294]

Score=0.0404646575192
[0.0068144984796645672, -0.0030993258338583947, 0.010756407668899471, 1.6, 1.5793929395922519, 1.5797671796645507, 1.5333767372550369, 1.5567919952050757, 1.4887299169968553, 1, 0.9296480706083321, 0.155938412650236, 0.5939544425399065, 0.40304659201315796, 0.9075399536316294]

Score=0.0708278495361
[0.0068543552408645899, -0.0030993258338583947, 0.010756407668899471, 1.6, 1.564917909214403, 1.5797671796645507, 1.5333767372550369, 1.5567919952050757, 1.4887299169968553, 1, 0.9296480706083321, 0.155938412650236, 0.5939544425399065, 0.40304659201315796, 0.9075399536316294]

Score=0.0452861648031
[0.0068543552408645899, -0.0030993258338583947, 0.010756407668899471, 1.6, 1.564917909214403, 1.5837027708326987, 1.5333767372550369, 1.5567919952050757, 1.4887299169968553, 1, 0.9296480706083321, 0.155938412650236, 0.5939544425399065, 0.40304659201315796, 0.9075399536316294]

Score=0.169973308786
[0.0068543552408645899, -0.0035263324728734306, 0.010756407668899471, 1.6, 1.5822423952929765, 1.5797671796645507, 1.5258564046579226, 1.5567919952050757, 1.4887299169968553, 1, 0.9296480706083321, 0.155938412650236, 0.5939544425399065, 0.40304659201315796, 0.9075399536316294]

Score=0.108019589199
[0.0068543552408645899, -0.0030993258338583947, 0.010756407668899471, 1.6, 1.564917909214403, 1.5837027708326987, 1.5333767372550369, 1.5567919952050757, 1.4887299169968553, 1, 0.9296480706083321, 0.155938412650236, 0.5939544425399065, 0.40304659201315796, 0.9075399536316294]

Score=0.0562148183539
[0.0068543552408645899, -0.0030993258338583947, 0.010756407668899471, 1.6, 1.5738174750547, 1.5797671796645507, 1.5333767372550369, 1.5567919952050757, 1.4887299169968553, 1, 0.9296480706083321, 0.155938412650236, 0.5939544425399065, 0.40304659201315796, 0.9075399536316294]

Score=0.206950993713
[0.0068543552408645899, -0.0030993258338583947, 0.010756407668899471, 1.5926014164530038, 1.5822423952929765, 1.5797671796645507, 1.5258564046579226, 1.5567919952050757, 1.4887299169968553, 1, 0.9296480706083321, 0.155938412650236, 0.5939544425399065, 0.40304659201315796, 0.9075399536316294]

Score=0.122206665323
[0.0068543552408645899, -0.0035263324728734306, 0.010756407668899471, 1.6, 1.5822423952929765, 1.5797671796645507, 1.5258564046579226, 1.5567919952050757, 1.4887299169968553, 1, 0.9296480706083321, 0.155938412650236, 0.5939544425399065, 0.40304659201315796, 0.9075399536316294]

Score=0.0222480862484
[0.0068144984796645672, -0.0030993258338583947, 0.010756407668899471, 1.6, 1.5822423952929765, 1.5797671796645507, 1.5258564046579226, 1.5567919952050757, 1.4887299169968553, 1, 0.9296480706083321, 0.155938412650236, 0.5939544425399065, 0.40304659201315796, 0.9075399536316294]




Final Population
[0.0068144984796645672, -0.0030993258338583947, 0.010756407668899471, 1.6, 1.5822423952929765, 1.5797671796645507, 1.5258564046579226, 1.5567919952050757, 1.4887299169968553, 1, 0.9296480706083321, 0.155938412650236, 0.5939544425399065, 0.40304659201315796, 0.9075399536316294]
[0.0046297121403656031, -0.0030993258338583947, 0.010756407668899471, 1.6, 1.5822423952929765, 1.5797671796645507, 1.5258564046579226, 1.5414958942901991, 1.4887299169968553, 1, 0.9296480706083321, 0.155938412650236, 0.5939544425399065, 0.40304659201315796, 0.9075399536316294]
[0.0068144984796645672, -0.0030993258338583947, 0.010756407668899471, 1.6, 1.5822423952929765, 1.5797671796645507, 1.5258564046579226, 1.5567919952050757, 1.4887299169968553, 1, 0.9296480706083321, 0.155938412650236, 0.5939544425399065, 0.40304659201315796, 0.9075399536316294]
[0.0068144984796645672, -0.0030993258338583947, 0.010756407668899471, 1.6, 1.5822423952929765, 1.5797671796645507, 1.5258564046579226, 1.5567919952050757, 1.4887299169968553, 1, 0.9296480706083321, 0.155938412650236, 0.5939544425399065, 0.40304659201315796, 0.9075399536316294]
[0.0046297121403656031, -0.0030993258338583947, 0.010756407668899471, 1.6, 1.5822423952929765, 1.5941654442031785, 1.5258564046579226, 1.5414958942901991, 1.4887299169968553, 1, 0.9296480706083321, 0.155938412650236, 0.5939544425399065, 0.40304659201315796, 0.9075399536316294]
[0.0046297121403656031, -0.0030993258338583947, 0.010756407668899471, 1.6, 1.5822423952929765, 1.5797671796645507, 1.5258564046579226, 1.5414958942901991, 1.4887299169968553, 1, 0.9296480706083321, 0.155938412650236, 0.5939544425399065, 0.40304659201315796, 0.9075399536316294]
[0.0058341120514452506, -0.0030993258338583947, 0.010756407668899471, 1.6, 1.5822423952929765, 1.5797671796645507, 1.5289118302604596, 1.5567919952050757, 1.4887299169968553, 1, 0.9296480706083321, 0.155938412650236, 0.5939544425399065, 0.40304659201315796, 0.9075399536316294]
[0.0068144984796645672, -0.0030993258338583947, 0.010756407668899471, 1.6, 1.5822423952929765, 1.5790181265675829, 1.5289118302604596, 1.5684881987386554, 1.4887299169968553, 1, 0.9296480706083321, 0.155938412650236, 0.5939544425399065, 0.40304659201315796, 0.9075399536316294]
[0.0068144984796645672, -0.0030993258338583947, 0.010756407668899471, 1.6, 1.5822423952929765, 1.5941654442031785, 1.5258564046579226, 1.5414958942901991, 1.4887299169968553, 1, 0.9296480706083321, 1, 0.5939544425399065, 0.40304659201315796, 0.9075399536316294]
[0.0068144984796645672, -0.0030993258338583947, 0.010756407668899471, 1.6, 1.5822423952929765, 1.5797671796645507, 1.5289118302604596, 1.5684881987386554, 1.4887299169968553, 1, 0.9296480706083321, 0.155938412650236, 0.5939544425399065, 0.40304659201315796, 0.9075399536316294]
[0.0058341120514452506, -0.0030993258338583947, 0.010756407668899471, 1.6, 1.5822423952929765, 1.5797671796645507, 1.5289118302604596, 1.5684881987386554, 1.4887299169968553, 1, 0.9296480706083321, 0.155938412650236, 0.5939544425399065, 0.40304659201315796, 0.9075399536316294]
[0.0068144984796645672, -0.0030993258338583947, 0.010756407668899471, 1.6, 1.564917909214403, 1.5790181265675829, 1.5289118302604596, 1.5567919952050757, 1.4887299169968553, 1, 0.9296480706083321, 0.155938412650236, 0.5939544425399065, 0.40304659201315796, 0.9075399536316294]
[0.0068144984796645672, -0.0030993258338583947, 0.010756407668899471, 1.5926014164530038, 1.564917909214403, 1.5790181265675829, 1.5289118302604596, 1.5567919952050757, 1.4887299169968553, 1, 0.9296480706083321, 0.155938412650236, 0.5939544425399065, 0.40304659201315796, 0.9075399536316294]
[0.0068543552408645899, -0.0030993258338583947, 0.010756407668899471, 1.6, 1.564917909214403, 1.5797671796645507, 1.5289118302604596, 1.5567919952050757, 1.4887299169968553, 1, 1, 0.155938412650236, 1, 0.40304659201315796, 0.9075399536316294]
[0.0068543552408645899, -0.0030993258338583947, 0.010756407668899471, 1.5926014164530038, 1.564917909214403, 1.5790181265675829, 1.5333767372550369, 1.5567919952050757, 1.4887299169968553, 1, 0.9296480706083321, 0.155938412650236, 0.5939544425399065, 0.40304659201315796, 0.9075399536316294]
[0.0058341120514452506, -0.0030993258338583947, 0.010756407668899471, 1.6, 1.5822423952929765, 1.5790181265675829, 1.532489425673951, 1.5567919952050757, 1.4887299169968553, 1, 0.9296480706083321, 0.155938412650236, 0.5939544425399065, 0.40304659201315796, 0.9075399536316294]
[0.0068543552408645899, -0.0030993258338583947, 0.010756407668899471, 1.6, 1.564917909214403, 1.5790181265675829, 1.532489425673951, 1.5567919952050757, 1.4887299169968553, 1, 0.9296480706083321, 0.155938412650236, 0.5939544425399065, 0.40304659201315796, 0.9075399536316294]
[0.0068543552408645899, -0.0030993258338583947, 0.010756407668899471, 1.6, 1.564917909214403, 1.5797671796645507, 1.5333767372550369, 1.5567919952050757, 1.4887299169968553, 1, 0.9296480706083321, 0.155938412650236, 0.5939544425399065, 1, 0.9075399536316294]
[0.0068543552408645899, -0.0030993258338583947, 0.010756407668899471, 1.5926014164530038, 1.564917909214403, 1.5797671796645507, 1.5333767372550369, 1.5567919952050757, 1.4887299169968553, 1, 0.9296480706083321, 0.155938412650236, 0.5939544425399065, 0.40304659201315796, 0.9075399536316294]
[0.0068144984796645672, -0.0030993258338583947, 0.010756407668899471, 1.5926014164530038, 1.564917909214403, 1.5797671796645507, 1.5333767372550369, 1.5567919952050757, 1.4887299169968553, 1, 0.9296480706083321, 0.155938412650236, 0.5939544425399065, 0.40304659201315796, 0.9075399536316294]
[0.0068543552408645899, -0.0030993258338583947, 0.010756407668899471, 1.6, 1.564917909214403, 1.5837027708326987, 1.532489425673951, 1.5567919952050757, 1.4887299169968553, 1, 0.9296480706083321, 0.155938412650236, 0.5939544425399065, 0.40304659201315796, 0.9075399536316294]
[0.0068144984796645672, -0.0030993258338583947, 0.010756407668899471, 1.6, 1.5793929395922519, 1.5797671796645507, 1.5333767372550369, 1.5567919952050757, 1.4887299169968553, 1, 0.9296480706083321, 0.155938412650236, 0.5939544425399065, 0.40304659201315796, 0.9075399536316294]
[0.0068543552408645899, -0.0030993258338583947, 0.010756407668899471, 1.6, 1.564917909214403, 1.5797671796645507, 1.5333767372550369, 1.5567919952050757, 1.4887299169968553, 1, 0.9296480706083321, 0.155938412650236, 0.5939544425399065, 0.40304659201315796, 0.9075399536316294]
[0.0068543552408645899, -0.0030993258338583947, 0.010756407668899471, 1.6, 1.564917909214403, 1.5837027708326987, 1.5333767372550369, 1.5567919952050757, 1.4887299169968553, 1, 0.9296480706083321, 0.155938412650236, 0.5939544425399065, 0.40304659201315796, 0.9075399536316294]
[0.0068543552408645899, -0.0035263324728734306, 0.010756407668899471, 1.6, 1.5822423952929765, 1.5797671796645507, 1.5258564046579226, 1.5567919952050757, 1.4887299169968553, 1, 0.9296480706083321, 0.155938412650236, 0.5939544425399065, 0.40304659201315796, 0.9075399536316294]
[0.0068543552408645899, -0.0030993258338583947, 0.010756407668899471, 1.6, 1.564917909214403, 1.5837027708326987, 1.5333767372550369, 1.5567919952050757, 1.4887299169968553, 1, 0.9296480706083321, 0.155938412650236, 0.5939544425399065, 0.40304659201315796, 0.9075399536316294]
[0.0068543552408645899, -0.0030993258338583947, 0.010756407668899471, 1.6, 1.5738174750547, 1.5797671796645507, 1.5333767372550369, 1.5567919952050757, 1.4887299169968553, 1, 0.9296480706083321, 0.155938412650236, 0.5939544425399065, 0.40304659201315796, 0.9075399536316294]
[0.0068543552408645899, -0.0030993258338583947, 0.010756407668899471, 1.5926014164530038, 1.5822423952929765, 1.5797671796645507, 1.5258564046579226, 1.5567919952050757, 1.4887299169968553, 1, 0.9296480706083321, 0.155938412650236, 0.5939544425399065, 0.40304659201315796, 0.9075399536316294]
[0.0068543552408645899, -0.0035263324728734306, 0.010756407668899471, 1.6, 1.5822423952929765, 1.5797671796645507, 1.5258564046579226, 1.5567919952050757, 1.4887299169968553, 1, 0.9296480706083321, 0.155938412650236, 0.5939544425399065, 0.40304659201315796, 0.9075399536316294]
[0.0068144984796645672, -0.0030993258338583947, 0.010756407668899471, 1.6, 1.5822423952929765, 1.5797671796645507, 1.5258564046579226, 1.5567919952050757, 1.4887299169968553, 1, 0.9296480706083321, 0.155938412650236, 0.5939544425399065, 0.40304659201315796, 0.9075399536316294]
