Score=0.284873713814
[0.026365301258186404, -0.045665302351284714, -0.094825911326230028, 1.4529525710918951, 1.5484688155935948, 1.4326491885471133, 1.5918117143460342, 1.4516086619274686, 1.5979899600979675, 1, 1, 1, 1, 0.23353879609641504, 0.4341360437580396]

Score=0.186297885736
[-0.026124613977574145, -0.045665302351284714, -0.094825911326230028, 1.4631250643600604, 1.5484688155935948, 1.4326491885471133, 1.5918117143460342, 1.4516086619274686, 1.5979899600979675, 1, 1, 0.6421604021610948, 1, 0.23353879609641504, 1]

Score=0.0740830738963
[0.02643075151979031, -0.045665302351284714, -0.094825911326230028, 1.4529525710918951, 1.5484688155935948, 1.4326491885471133, 1.5918117143460342, 1.4516086619274686, 1.5979899600979675, 1, 1, 0.6421604021610948, 1, 0.23353879609641504, 0.4341360437580396]

Score=0.12719377363
[0.026365301258186404, -0.045665302351284714, -0.094825911326230028, 1.4529525710918951, 1.5484688155935948, 1.4326491885471133, 1.5918117143460342, 1.4516086619274686, 1.5979899600979675, 1, 1, 0.6421604021610948, 1, 0.23353879609641504, 0.4341360437580396]

Score=0.092449723353
[0.02643075151979031, -0.045665302351284714, -0.094825911326230028, 1.4529525710918951, 1.5484688155935948, 1.4326491885471133, 1.5918117143460342, 1.4516086619274686, 1.5979899600979675, 1, 1, 0.6421604021610948, 1, 0.23353879609641504, 0.4341360437580396]

Score=0.077732798646
[0.02643075151979031, -0.045665302351284714, -0.094825911326230028, 1.4529525710918951, 1.5484688155935948, 1.4326491885471133, 1.5918117143460342, 1.4516086619274686, 1.5979899600979675, 1, 1, 0.6421604021610948, 1, 0.23353879609641504, 0.4341360437580396]

Score=0.11917220456
[0.02643075151979031, -0.045665302351284714, -0.094825911326230028, 1.4529525710918951, 1.5982631398794274, 1.4326491885471133, 1.5918117143460342, 1.4516086619274686, 1.5979899600979675, 1, 1, 0.6421604021610948, 1, 0.23353879609641504, 1]

Score=0.0777400405798
[0.02643075151979031, -0.045665302351284714, -0.094825911326230028, 1.4529525710918951, 1.5484688155935948, 1.4326491885471133, 1.5918117143460342, 1.4516086619274686, 1.5979899600979675, 1, 1, 0.6421604021610948, 1, 0.23353879609641504, 0.4341360437580396]

Score=0.0759015069015
[0.02643075151979031, -0.045665302351284714, -0.094825911326230028, 1.4529525710918951, 1.5484688155935948, 1.4326491885471133, 1.5918117143460342, 1.4516086619274686, 1.5979899600979675, 1, 1, 0.6421604021610948, 1, 0.23353879609641504, 0.4341360437580396]

Score=0.190086184275
[0.02643075151979031, -0.045665302351284714, -0.094825911326230028, 1.4692322712835915, 1.5484688155935948, 1.4326491885471133, 1.5918117143460342, 1.4516086619274686, 1.5979899600979675, 1, 1, 1, 1, 0.23353879609641504, 0.4341360437580396]

Score=0.0872098022823
[-0.025104920538571978, -0.046087877718625068, -0.094825911326230028, 1.4529525710918951, 1.5996775597960977, 1.4326491885471133, 1.5918117143460342, 1.4516086619274686, 1.5979899600979675, 1, 1, 0.6421604021610948, 1, 0.23353879609641504, 0.4341360437580396]

Score=0.127378292945
[0.026639904484873911, -0.045665302351284714, -0.094825911326230028, 1.4529525710918951, 1.5484688155935948, 1.4326491885471133, 1.5918117143460342, 1.4516086619274686, 1.5979899600979675, 1, 1, 0.6421604021610948, 1, 0.23353879609641504, 0.4341360437580396]

Score=0.0700563360568
[0.02643075151979031, -0.045665302351284714, -0.094825911326230028, 1.4692322712835915, 1.5484688155935948, 1.4326491885471133, 1.5918117143460342, 1.4516086619274686, 1.5979899600979675, 1, 1, 0.6421604021610948, 1, 0.23353879609641504, 0.4341360437580396]

Score=0.0854089873941
[-0.025104920538571978, -0.046087877718625068, -0.094825911326230028, 1.4529525710918951, 1.5996775597960977, 1.4326491885471133, 1.5918117143460342, 1.4516086619274686, 1.5979899600979675, 1, 1, 0.6421604021610948, 1, 0.23353879609641504, 0.4341360437580396]

Score=0.0727494663184
[0.026639904484873911, -0.045665302351284714, -0.094825911326230028, 1.4529525710918951, 1.5484688155935948, 1.4326491885471133, 1.5918117143460342, 1.4516086619274686, 1.5979899600979675, 1, 1, 0.6421604021610948, 1, 0.23353879609641504, 0.4341360437580396]

Score=0.098560022496
[-0.024187765066047529, -0.045665302351284714, -0.094825911326230028, 1.4529525710918951, 1.5996775597960977, 1.441405373689471, 1.5918117143460342, 1.4516086619274686, 1.5979899600979675, 1, 1, 0.6421604021610948, 1, 0.23353879609641504, 0.4341360437580396]

Score=0.071233541773
[-0.025104920538571978, -0.045665302351284714, -0.094825911326230028, 1.4529525710918951, 1.5996775597960977, 1.4326491885471133, 1.5918117143460342, 1.4516086619274686, 1.5979899600979675, 1, 1, 0.6421604021610948, 1, 0.23353879609641504, 0.4341360437580396]

Score=0.134864892449
[-0.024187765066047529, -0.045665302351284714, -0.094825911326230028, 1.4692322712835915, 1.5996775597960977, 1.4326491885471133, 1.5918117143460342, 1.4516086619274686, 1.5979899600979675, 1, 1, 0.6421604021610948, 1, 0.23353879609641504, 0.4341360437580396]

Score=0.066017732782
[-0.024187765066047529, -0.045665302351284714, -0.094825911326230028, 1.4529525710918951, 1.5996775597960977, 1.4326491885471133, 1.5918117143460342, 1.4516086619274686, 1.5979899600979675, 1, 1, 0.6421604021610948, 1, 0.23353879609641504, 0.4341360437580396]

Score=0.0706432592093
[-0.024187765066047529, -0.045665302351284714, -0.094825911326230028, 1.4529525710918951, 1.5996775597960977, 1.441405373689471, 1.5918117143460342, 1.4516086619274686, 1.5979899600979675, 1, 1, 0.6421604021610948, 1, 0.23353879609641504, 0.4341360437580396]

Score=0.075590668232
[-0.026124613977574145, -0.045665302351284714, -0.094825911326230028, 1.4529525710918951, 1.5996775597960977, 1.4326491885471133, 1.5918117143460342, 1.4516086619274686, 1.6, 1, 1, 0.6421604021610948, 1, 0.23353879609641504, 0.4341360437580396]

Score=0.0809471915815
[-0.026124613977574145, -0.045665302351284714, -0.094825911326230028, 1.4598150519106581, 1.5996775597960977, 1.4326491885471133, 1.5918117143460342, 1.4516086619274686, 1.5979899600979675, 1, 1, 0.6421604021610948, 1, 0.23353879609641504, 0.4341360437580396]

Score=0.0677833246924
[-0.026124613977574145, -0.045665302351284714, -0.094825911326230028, 1.4598150519106581, 1.5996775597960977, 1.4326491885471133, 1.5918117143460342, 1.4516086619274686, 1.5979899600979675, 1, 1, 0.6421604021610948, 1, 0.23353879609641504, 0.4341360437580396]

Score=0.0796807551328
[-0.026124613977574145, -0.045665302351284714, -0.094825911326230028, 1.4529525710918951, 1.5996775597960977, 1.4326491885471133, 1.5918117143460342, 1.4516086619274686, 1.5979899600979675, 1, 1, 0.6421604021610948, 1, 0.23353879609641504, 0.4341360437580396]

Score=0.0714591310541
[0.02643075151979031, -0.045665302351284714, -0.094825911326230028, 1.4598150519106581, 1.5484688155935948, 1.4326491885471133, 1.5918117143460342, 1.4516086619274686, 1.5979899600979675, 1, 1, 0.6421604021610948, 1, 0.23353879609641504, 0.4341360437580396]

Score=0.0774182606936
[-0.026124613977574145, -0.045665302351284714, -0.094825911326230028, 1.4529525710918951, 1.5484688155935948, 1.4326491885471133, 1.5918117143460342, 1.4516086619274686, 1.5979899600979675, 1, 1, 0.6421604021610948, 1, 0.23353879609641504, 0.4341360437580396]

Score=0.0806809604892
[0.026365301258186404, -0.045665302351284714, -0.094825911326230028, 1.4598150519106581, 1.5484688155935948, 1.4326491885471133, 1.5918117143460342, 1.4516086619274686, 1.5979899600979675, 1, 1, 0.6421604021610948, 1, 0.23353879609641504, 0.4341360437580396]

Score=0.0694466127138
[-0.024187765066047529, -0.045665302351284714, -0.094825911326230028, 1.4598150519106581, 1.5484688155935948, 1.4326491885471133, 1.5918117143460342, 1.4516086619274686, 1.5979899600979675, 1, 1, 0.6421604021610948, 1, 0.23353879609641504, 0.4341360437580396]

Score=0.499986109742
[0.026365301258186404, -0.045665302351284714, 0.094380455021257012, 1.4598150519106581, 1.537010987101225, 1.4326491885471133, 1.5918117143460342, 1.4516086619274686, 1.5979899600979675, 1, 1, 0.6421604021610948, 1, 0.23353879609641504, 0.4341360437580396]

Score=0.0719309724713
[0.026365301258186404, -0.045665302351284714, -0.094825911326230028, 1.4529525710918951, 1.5484688155935948, 1.4326491885471133, 1.5918117143460342, 1.4516086619274686, 1.5979899600979675, 1, 1, 0.6421604021610948, 1, 0.23353879609641504, 0.4341360437580396]




Final Population
[0.026365301258186404, -0.045665302351284714, -0.094825911326230028, 1.4529525710918951, 1.5484688155935948, 1.4326491885471133, 1.5918117143460342, 1.4516086619274686, 1.5979899600979675, 1, 1, 1, 1, 0.23353879609641504, 0.4341360437580396]
[-0.026124613977574145, -0.045665302351284714, -0.094825911326230028, 1.4631250643600604, 1.5484688155935948, 1.4326491885471133, 1.5918117143460342, 1.4516086619274686, 1.5979899600979675, 1, 1, 0.6421604021610948, 1, 0.23353879609641504, 1]
[0.02643075151979031, -0.045665302351284714, -0.094825911326230028, 1.4529525710918951, 1.5484688155935948, 1.4326491885471133, 1.5918117143460342, 1.4516086619274686, 1.5979899600979675, 1, 1, 0.6421604021610948, 1, 0.23353879609641504, 0.4341360437580396]
[0.026365301258186404, -0.045665302351284714, -0.094825911326230028, 1.4529525710918951, 1.5484688155935948, 1.4326491885471133, 1.5918117143460342, 1.4516086619274686, 1.5979899600979675, 1, 1, 0.6421604021610948, 1, 0.23353879609641504, 0.4341360437580396]
[0.02643075151979031, -0.045665302351284714, -0.094825911326230028, 1.4529525710918951, 1.5484688155935948, 1.4326491885471133, 1.5918117143460342, 1.4516086619274686, 1.5979899600979675, 1, 1, 0.6421604021610948, 1, 0.23353879609641504, 0.4341360437580396]
[0.02643075151979031, -0.045665302351284714, -0.094825911326230028, 1.4529525710918951, 1.5484688155935948, 1.4326491885471133, 1.5918117143460342, 1.4516086619274686, 1.5979899600979675, 1, 1, 0.6421604021610948, 1, 0.23353879609641504, 0.4341360437580396]
[0.02643075151979031, -0.045665302351284714, -0.094825911326230028, 1.4529525710918951, 1.5982631398794274, 1.4326491885471133, 1.5918117143460342, 1.4516086619274686, 1.5979899600979675, 1, 1, 0.6421604021610948, 1, 0.23353879609641504, 1]
[0.02643075151979031, -0.045665302351284714, -0.094825911326230028, 1.4529525710918951, 1.5484688155935948, 1.4326491885471133, 1.5918117143460342, 1.4516086619274686, 1.5979899600979675, 1, 1, 0.6421604021610948, 1, 0.23353879609641504, 0.4341360437580396]
[0.02643075151979031, -0.045665302351284714, -0.094825911326230028, 1.4529525710918951, 1.5484688155935948, 1.4326491885471133, 1.5918117143460342, 1.4516086619274686, 1.5979899600979675, 1, 1, 0.6421604021610948, 1, 0.23353879609641504, 0.4341360437580396]
[0.02643075151979031, -0.045665302351284714, -0.094825911326230028, 1.4692322712835915, 1.5484688155935948, 1.4326491885471133, 1.5918117143460342, 1.4516086619274686, 1.5979899600979675, 1, 1, 1, 1, 0.23353879609641504, 0.4341360437580396]
[-0.025104920538571978, -0.046087877718625068, -0.094825911326230028, 1.4529525710918951, 1.5996775597960977, 1.4326491885471133, 1.5918117143460342, 1.4516086619274686, 1.5979899600979675, 1, 1, 0.6421604021610948, 1, 0.23353879609641504, 0.4341360437580396]
[0.026639904484873911, -0.045665302351284714, -0.094825911326230028, 1.4529525710918951, 1.5484688155935948, 1.4326491885471133, 1.5918117143460342, 1.4516086619274686, 1.5979899600979675, 1, 1, 0.6421604021610948, 1, 0.23353879609641504, 0.4341360437580396]
[0.02643075151979031, -0.045665302351284714, -0.094825911326230028, 1.4692322712835915, 1.5484688155935948, 1.4326491885471133, 1.5918117143460342, 1.4516086619274686, 1.5979899600979675, 1, 1, 0.6421604021610948, 1, 0.23353879609641504, 0.4341360437580396]
[-0.025104920538571978, -0.046087877718625068, -0.094825911326230028, 1.4529525710918951, 1.5996775597960977, 1.4326491885471133, 1.5918117143460342, 1.4516086619274686, 1.5979899600979675, 1, 1, 0.6421604021610948, 1, 0.23353879609641504, 0.4341360437580396]
[0.026639904484873911, -0.045665302351284714, -0.094825911326230028, 1.4529525710918951, 1.5484688155935948, 1.4326491885471133, 1.5918117143460342, 1.4516086619274686, 1.5979899600979675, 1, 1, 0.6421604021610948, 1, 0.23353879609641504, 0.4341360437580396]
[-0.024187765066047529, -0.045665302351284714, -0.094825911326230028, 1.4529525710918951, 1.5996775597960977, 1.441405373689471, 1.5918117143460342, 1.4516086619274686, 1.5979899600979675, 1, 1, 0.6421604021610948, 1, 0.23353879609641504, 0.4341360437580396]
[-0.025104920538571978, -0.045665302351284714, -0.094825911326230028, 1.4529525710918951, 1.5996775597960977, 1.4326491885471133, 1.5918117143460342, 1.4516086619274686, 1.5979899600979675, 1, 1, 0.6421604021610948, 1, 0.23353879609641504, 0.4341360437580396]
[-0.024187765066047529, -0.045665302351284714, -0.094825911326230028, 1.4692322712835915, 1.5996775597960977, 1.4326491885471133, 1.5918117143460342, 1.4516086619274686, 1.5979899600979675, 1, 1, 0.6421604021610948, 1, 0.23353879609641504, 0.4341360437580396]
[-0.024187765066047529, -0.045665302351284714, -0.094825911326230028, 1.4529525710918951, 1.5996775597960977, 1.4326491885471133, 1.5918117143460342, 1.4516086619274686, 1.5979899600979675, 1, 1, 0.6421604021610948, 1, 0.23353879609641504, 0.4341360437580396]
[-0.024187765066047529, -0.045665302351284714, -0.094825911326230028, 1.4529525710918951, 1.5996775597960977, 1.441405373689471, 1.5918117143460342, 1.4516086619274686, 1.5979899600979675, 1, 1, 0.6421604021610948, 1, 0.23353879609641504, 0.4341360437580396]
[-0.026124613977574145, -0.045665302351284714, -0.094825911326230028, 1.4529525710918951, 1.5996775597960977, 1.4326491885471133, 1.5918117143460342, 1.4516086619274686, 1.6, 1, 1, 0.6421604021610948, 1, 0.23353879609641504, 0.4341360437580396]
[-0.026124613977574145, -0.045665302351284714, -0.094825911326230028, 1.4598150519106581, 1.5996775597960977, 1.4326491885471133, 1.5918117143460342, 1.4516086619274686, 1.5979899600979675, 1, 1, 0.6421604021610948, 1, 0.23353879609641504, 0.4341360437580396]
[-0.026124613977574145, -0.045665302351284714, -0.094825911326230028, 1.4598150519106581, 1.5996775597960977, 1.4326491885471133, 1.5918117143460342, 1.4516086619274686, 1.5979899600979675, 1, 1, 0.6421604021610948, 1, 0.23353879609641504, 0.4341360437580396]
[-0.026124613977574145, -0.045665302351284714, -0.094825911326230028, 1.4529525710918951, 1.5996775597960977, 1.4326491885471133, 1.5918117143460342, 1.4516086619274686, 1.5979899600979675, 1, 1, 0.6421604021610948, 1, 0.23353879609641504, 0.4341360437580396]
[0.02643075151979031, -0.045665302351284714, -0.094825911326230028, 1.4598150519106581, 1.5484688155935948, 1.4326491885471133, 1.5918117143460342, 1.4516086619274686, 1.5979899600979675, 1, 1, 0.6421604021610948, 1, 0.23353879609641504, 0.4341360437580396]
[-0.026124613977574145, -0.045665302351284714, -0.094825911326230028, 1.4529525710918951, 1.5484688155935948, 1.4326491885471133, 1.5918117143460342, 1.4516086619274686, 1.5979899600979675, 1, 1, 0.6421604021610948, 1, 0.23353879609641504, 0.4341360437580396]
[0.026365301258186404, -0.045665302351284714, -0.094825911326230028, 1.4598150519106581, 1.5484688155935948, 1.4326491885471133, 1.5918117143460342, 1.4516086619274686, 1.5979899600979675, 1, 1, 0.6421604021610948, 1, 0.23353879609641504, 0.4341360437580396]
[-0.024187765066047529, -0.045665302351284714, -0.094825911326230028, 1.4598150519106581, 1.5484688155935948, 1.4326491885471133, 1.5918117143460342, 1.4516086619274686, 1.5979899600979675, 1, 1, 0.6421604021610948, 1, 0.23353879609641504, 0.4341360437580396]
[0.026365301258186404, -0.045665302351284714, 0.094380455021257012, 1.4598150519106581, 1.537010987101225, 1.4326491885471133, 1.5918117143460342, 1.4516086619274686, 1.5979899600979675, 1, 1, 0.6421604021610948, 1, 0.23353879609641504, 0.4341360437580396]
[0.026365301258186404, -0.045665302351284714, -0.094825911326230028, 1.4529525710918951, 1.5484688155935948, 1.4326491885471133, 1.5918117143460342, 1.4516086619274686, 1.5979899600979675, 1, 1, 0.6421604021610948, 1, 0.23353879609641504, 0.4341360437580396]
