Score=0.0449822269018
[0.092459281883569208, -0.017029428196043583, 0.0017965988096109143, 1.4284961457073417, 1.5745515684644102, 1.4671267225772981, 1.4378776965243807, 1.4727919244765262, 1.6, 1, 1, 0.38862670660589693, 0.9180872516543485, 0.04260208887487105, 0.4413306044741375]

Score=0.0867208317088
[0.091506265137633214, -0.017331352250828606, 0.0017965988096109143, 1.4284961457073417, 1.5745515684644102, 1.4671267225772981, 1.444136683055915, 1.4727919244765262, 1.6, 1, 1, 0.38862670660589693, 0.9180872516543485, 0.04260208887487105, 0.4413306044741375]

Score=0.116994644765
[0.092459281883569208, -0.017331352250828606, 0.0017965988096109143, 1.4284961457073417, 1.5745515684644102, 1.4671267225772981, 1.444136683055915, 1.4727919244765262, 1.6, 1, 1, 0.38862670660589693, 1, 0.04260208887487105, 0.4413306044741375]

Score=0.0979722158053
[0.091506265137633214, -0.017331352250828606, 0.0017965988096109143, 1.4284961457073417, 1.5745515684644102, 1.4671267225772981, 1.444136683055915, 1.4727919244765262, 1.6, 1, 1, 0.38862670660589693, 0.9180872516543485, 0.04260208887487105, 0.4413306044741375]

Score=0.125505290628
[0.091506265137633214, -0.017331352250828606, 0.0017965988096109143, 1.4284961457073417, 1.5745515684644102, 1.4671267225772981, 1.444136683055915, 1.5007526622416665, 1.6, 1, 1, 0.38862670660589693, 0.9180872516543485, 0.04260208887487105, 0.4413306044741375]

Score=0.0377700767913
[0.091506265137633214, -0.017029428196043583, 0.0017965988096109143, 1.4284961457073417, 1.5745515684644102, 1.4671267225772981, 1.444136683055915, 1.4897149158444893, 1.599176277124043, 1, 1, 0.38862670660589693, 0.9180872516543485, 0.04260208887487105, 0.4413306044741375]

Score=0.0879941608884
[0.091506265137633214, -0.017029428196043583, 0.0017965988096109143, 1.4284961457073417, 1.5745515684644102, 1.4671267225772981, 1.444136683055915, 1.4897149158444893, 1.6, 1, 1, 0.38862670660589693, 0.9180872516543485, 0.04260208887487105, 0.4413306044741375]

Score=0.0377285756823
[0.091506265137633214, -0.017029428196043583, 0.0017965988096109143, 1.4284961457073417, 1.5745515684644102, 1.4671267225772981, 1.444136683055915, 1.4897149158444893, 1.6, 1, 1, 0.38862670660589693, 0.9180872516543485, 0.04260208887487105, 0.4413306044741375]

Score=0.258515723202
[0.091506265137633214, -0.017578998290839566, 0.0017965988096109143, 1.4284961457073417, 1.5745515684644102, 1.4640664316263268, 1.444136683055915, 1.4897149158444893, 1.6, 1, 1, 0.38862670660589693, 0.9180872516543485, 0.04260208887487105, 0.4413306044741375]

Score=0.19988169935
[0.091506265137633214, -0.017029428196043583, 0.0017965988096109143, 1.4284961457073417, 1.5745515684644102, 1.4671267225772981, 1.4277954163143001, 1.5007526622416665, 1.599176277124043, 1, 1, 0.38862670660589693, 0.9180872516543485, 0.04260208887487105, 0.4413306044741375]

Score=0.0388153365284
[0.092459281883569208, -0.017029428196043583, 0.0017965988096109143, 1.4284961457073417, 1.5745515684644102, 1.4671267225772981, 1.444136683055915, 1.4897149158444893, 1.599176277124043, 1, 1, 0.38862670660589693, 0.9180872516543485, 0.04260208887487105, 0.4413306044741375]

Score=0.0668640226258
[0.091506265137633214, -0.017029428196043583, 0.0017965988096109143, 1.4284961457073417, 1.5745515684644102, 1.4671267225772981, 1.444136683055915, 1.4897149158444893, 1.6, 1, 1, 0.38862670660589693, 0.9180872516543485, 0.04260208887487105, 0.4413306044741375]

Score=0.1687174029
[0.091506265137633214, -0.017029428196043583, 0.0017965988096109143, 1.4427962854433283, 1.5745515684644102, 1.4671267225772981, 1.444136683055915, 1.4727919244765262, 1.6, 1, 1, 0.38862670660589693, 0.9180872516543485, 0.04260208887487105, 0.4413306044741375]

Score=0.0874259106383
[0.092459281883569208, -0.017029428196043583, 0.0017965988096109143, 1.4284961457073417, 1.5745515684644102, 1.4671267225772981, 1.444136683055915, 1.4897149158444893, 1.6, 1, 1, 0.38862670660589693, 0.9180872516543485, 0.04260208887487105, 0.4413306044741375]

Score=0.0377510933504
[0.092459281883569208, -0.017029428196043583, 0.0017965988096109143, 1.4284961457073417, 1.5745515684644102, 1.4671267225772981, 1.444136683055915, 1.4897149158444893, 1.599176277124043, 1, 1, 0.38862670660589693, 0.9180872516543485, 0.04260208887487105, 0.4413306044741375]

Score=0.0377523812425
[0.092459281883569208, -0.017029428196043583, 0.0017965988096109143, 1.4284961457073417, 1.5745515684644102, 1.4671267225772981, 1.444136683055915, 1.4727919244765262, 1.6, 1, 1, 0.38862670660589693, 0.9180872516543485, 0.04260208887487105, 0.4413306044741375]

Score=0.499966925832
[0.092459281883569208, -0.017029428196043583, 0.0017965988096109143, 1.4284961457073417, 1.5745515684644102, 1.4671267225772981, 1.444136683055915, 1.4897149158444893, 1.599176277124043, 1, 1, 0.38862670660589693, 0.9180872516543485, 0.04260208887487105, 1]

Score=0.0789381998139
[0.092459281883569208, -0.017029428196043583, 0.0017965988096109143, 1.4427962854433283, 1.5745515684644102, 1.4671267225772981, 1.444136683055915, 1.4727919244765262, 1.6, 1, 1, 0.38862670660589693, 0.9180872516543485, 0.04260208887487105, 0.4413306044741375]

Score=0.104434100163
[0.092459281883569208, -0.017029428196043583, 0.0017965988096109143, 1.4284961457073417, 1.5745515684644102, 1.4687894054600725, 1.444136683055915, 1.4727919244765262, 1.6, 1, 1, 0.38862670660589693, 1, 0.04260208887487105, 0.4413306044741375]

Score=0.0840791970727
[0.092459281883569208, -0.017029428196043583, 0.0017965988096109143, 1.4460138573444172, 1.5831541743542366, 1.4671267225772981, 1.444136683055915, 1.5007526622416665, 1.5852122577069312, 1, 1, 0.38862670660589693, 0.9180872516543485, 0.04260208887487105, 0.4413306044741375]

Score=0.181358332976
[0.092459281883569208, -0.017029428196043583, 0.0017965988096109143, 1.4460138573444172, 1.5745515684644102, 1.4671267225772981, 1.4378776965243807, 1.4727919244765262, 1.6, 1, 1, 0.38862670660589693, 0.9180872516543485, 0.04260208887487105, 0.4413306044741375]

Score=0.0376768825623
[0.092459281883569208, -0.017029428196043583, 0.0017965988096109143, 1.4460138573444172, 1.5745515684644102, 1.4671267225772981, 1.4378776965243807, 1.4727919244765262, 1.6, 1, 1, 0.38862670660589693, 0.9180872516543485, 0.04260208887487105, 0.4413306044741375]

Score=0.037737642419
[0.092459281883569208, -0.017029428196043583, 0.0017965988096109143, 1.4460138573444172, 1.5745515684644102, 1.4671267225772981, 1.4378776965243807, 1.5007526622416665, 1.6, 1, 1, 0.38862670660589693, 0.9180872516543485, 0.04260208887487105, 0.4413306044741375]

Score=0.131677518592
[0.091093056320784863, -0.017029428196043583, 0.0017965988096109143, 1.4427962854433283, 1.5745515684644102, 1.4687894054600725, 1.444136683055915, 1.4727919244765262, 1.6, 1, 1, 0.38862670660589693, 0.9180872516543485, 0.04260208887487105, 0.4413306044741375]

Score=0.0377238903566
[0.092459281883569208, -0.017029428196043583, 0.0017965988096109143, 1.4393083138486358, 1.5745515684644102, 1.4671267225772981, 1.444136683055915, 1.4727919244765262, 1.6, 1, 1, 0.38862670660589693, 0.9180872516543485, 0.04260208887487105, 0.4413306044741375]

Score=0.037669365751
[0.092459281883569208, -0.017029428196043583, 0.0017965988096109143, 1.4460138573444172, 1.5745515684644102, 1.4671267225772981, 1.4378776965243807, 1.5007526622416665, 1.6, 1, 1, 0.38862670660589693, 0.9180872516543485, 0.04260208887487105, 0.4413306044741375]

Score=0.125549679624
[0.092459281883569208, -0.017029428196043583, 0.0017965988096109143, 1.4460138573444172, 1.5745515684644102, 1.4671267225772981, 1.4361839178660947, 1.4727919244765262, 1.6, 1, 1, 0.38862670660589693, 0.9180872516543485, 0.04260208887487105, 0.4413306044741375]

Score=0.499875591236
[0.092459281883569208, -0.017029428196043583, 0.0017965988096109143, 1.4284961457073417, 1.5745515684644102, 1.4671267225772981, 1.444136683055915, 1.4727919244765262, 1.6, 1, 1, 1, 0.9180872516543485, 0.04260208887487105, 0.4413306044741375]

Score=0.499877444693
[0.092459281883569208, -0.017331352250828606, 0.0017965988096109143, 1.4393083138486358, 1.5745515684644102, 1.4671267225772981, 1.444136683055915, 1.4727919244765262, 1.6, 1, 1, 1, 0.9180872516543485, 1, 0.4413306044741375]

Score=0.0784075665282
[0.091506265137633214, -0.017029428196043583, 0.0017965988096109143, 1.4393083138486358, 1.5745515684644102, 1.4671267225772981, 1.4361839178660947, 1.4727919244765262, 1.6, 1, 1, 0.38862670660589693, 0.9180872516543485, 0.04260208887487105, 0.4413306044741375]




Final Population
[0.092459281883569208, -0.017029428196043583, 0.0017965988096109143, 1.4284961457073417, 1.5745515684644102, 1.4671267225772981, 1.4378776965243807, 1.4727919244765262, 1.6, 1, 1, 0.38862670660589693, 0.9180872516543485, 0.04260208887487105, 0.4413306044741375]
[0.091506265137633214, -0.017331352250828606, 0.0017965988096109143, 1.4284961457073417, 1.5745515684644102, 1.4671267225772981, 1.444136683055915, 1.4727919244765262, 1.6, 1, 1, 0.38862670660589693, 0.9180872516543485, 0.04260208887487105, 0.4413306044741375]
[0.092459281883569208, -0.017331352250828606, 0.0017965988096109143, 1.4284961457073417, 1.5745515684644102, 1.4671267225772981, 1.444136683055915, 1.4727919244765262, 1.6, 1, 1, 0.38862670660589693, 1, 0.04260208887487105, 0.4413306044741375]
[0.091506265137633214, -0.017331352250828606, 0.0017965988096109143, 1.4284961457073417, 1.5745515684644102, 1.4671267225772981, 1.444136683055915, 1.4727919244765262, 1.6, 1, 1, 0.38862670660589693, 0.9180872516543485, 0.04260208887487105, 0.4413306044741375]
[0.091506265137633214, -0.017331352250828606, 0.0017965988096109143, 1.4284961457073417, 1.5745515684644102, 1.4671267225772981, 1.444136683055915, 1.5007526622416665, 1.6, 1, 1, 0.38862670660589693, 0.9180872516543485, 0.04260208887487105, 0.4413306044741375]
[0.091506265137633214, -0.017029428196043583, 0.0017965988096109143, 1.4284961457073417, 1.5745515684644102, 1.4671267225772981, 1.444136683055915, 1.4897149158444893, 1.599176277124043, 1, 1, 0.38862670660589693, 0.9180872516543485, 0.04260208887487105, 0.4413306044741375]
[0.091506265137633214, -0.017029428196043583, 0.0017965988096109143, 1.4284961457073417, 1.5745515684644102, 1.4671267225772981, 1.444136683055915, 1.4897149158444893, 1.6, 1, 1, 0.38862670660589693, 0.9180872516543485, 0.04260208887487105, 0.4413306044741375]
[0.091506265137633214, -0.017029428196043583, 0.0017965988096109143, 1.4284961457073417, 1.5745515684644102, 1.4671267225772981, 1.444136683055915, 1.4897149158444893, 1.6, 1, 1, 0.38862670660589693, 0.9180872516543485, 0.04260208887487105, 0.4413306044741375]
[0.091506265137633214, -0.017578998290839566, 0.0017965988096109143, 1.4284961457073417, 1.5745515684644102, 1.4640664316263268, 1.444136683055915, 1.4897149158444893, 1.6, 1, 1, 0.38862670660589693, 0.9180872516543485, 0.04260208887487105, 0.4413306044741375]
[0.091506265137633214, -0.017029428196043583, 0.0017965988096109143, 1.4284961457073417, 1.5745515684644102, 1.4671267225772981, 1.4277954163143001, 1.5007526622416665, 1.599176277124043, 1, 1, 0.38862670660589693, 0.9180872516543485, 0.04260208887487105, 0.4413306044741375]
[0.092459281883569208, -0.017029428196043583, 0.0017965988096109143, 1.4284961457073417, 1.5745515684644102, 1.4671267225772981, 1.444136683055915, 1.4897149158444893, 1.599176277124043, 1, 1, 0.38862670660589693, 0.9180872516543485, 0.04260208887487105, 0.4413306044741375]
[0.091506265137633214, -0.017029428196043583, 0.0017965988096109143, 1.4284961457073417, 1.5745515684644102, 1.4671267225772981, 1.444136683055915, 1.4897149158444893, 1.6, 1, 1, 0.38862670660589693, 0.9180872516543485, 0.04260208887487105, 0.4413306044741375]
[0.091506265137633214, -0.017029428196043583, 0.0017965988096109143, 1.4427962854433283, 1.5745515684644102, 1.4671267225772981, 1.444136683055915, 1.4727919244765262, 1.6, 1, 1, 0.38862670660589693, 0.9180872516543485, 0.04260208887487105, 0.4413306044741375]
[0.092459281883569208, -0.017029428196043583, 0.0017965988096109143, 1.4284961457073417, 1.5745515684644102, 1.4671267225772981, 1.444136683055915, 1.4897149158444893, 1.6, 1, 1, 0.38862670660589693, 0.9180872516543485, 0.04260208887487105, 0.4413306044741375]
[0.092459281883569208, -0.017029428196043583, 0.0017965988096109143, 1.4284961457073417, 1.5745515684644102, 1.4671267225772981, 1.444136683055915, 1.4897149158444893, 1.599176277124043, 1, 1, 0.38862670660589693, 0.9180872516543485, 0.04260208887487105, 0.4413306044741375]
[0.092459281883569208, -0.017029428196043583, 0.0017965988096109143, 1.4284961457073417, 1.5745515684644102, 1.4671267225772981, 1.444136683055915, 1.4727919244765262, 1.6, 1, 1, 0.38862670660589693, 0.9180872516543485, 0.04260208887487105, 0.4413306044741375]
[0.092459281883569208, -0.017029428196043583, 0.0017965988096109143, 1.4284961457073417, 1.5745515684644102, 1.4671267225772981, 1.444136683055915, 1.4897149158444893, 1.599176277124043, 1, 1, 0.38862670660589693, 0.9180872516543485, 0.04260208887487105, 1]
[0.092459281883569208, -0.017029428196043583, 0.0017965988096109143, 1.4427962854433283, 1.5745515684644102, 1.4671267225772981, 1.444136683055915, 1.4727919244765262, 1.6, 1, 1, 0.38862670660589693, 0.9180872516543485, 0.04260208887487105, 0.4413306044741375]
[0.092459281883569208, -0.017029428196043583, 0.0017965988096109143, 1.4284961457073417, 1.5745515684644102, 1.4687894054600725, 1.444136683055915, 1.4727919244765262, 1.6, 1, 1, 0.38862670660589693, 1, 0.04260208887487105, 0.4413306044741375]
[0.092459281883569208, -0.017029428196043583, 0.0017965988096109143, 1.4460138573444172, 1.5831541743542366, 1.4671267225772981, 1.444136683055915, 1.5007526622416665, 1.5852122577069312, 1, 1, 0.38862670660589693, 0.9180872516543485, 0.04260208887487105, 0.4413306044741375]
[0.092459281883569208, -0.017029428196043583, 0.0017965988096109143, 1.4460138573444172, 1.5745515684644102, 1.4671267225772981, 1.4378776965243807, 1.4727919244765262, 1.6, 1, 1, 0.38862670660589693, 0.9180872516543485, 0.04260208887487105, 0.4413306044741375]
[0.092459281883569208, -0.017029428196043583, 0.0017965988096109143, 1.4460138573444172, 1.5745515684644102, 1.4671267225772981, 1.4378776965243807, 1.4727919244765262, 1.6, 1, 1, 0.38862670660589693, 0.9180872516543485, 0.04260208887487105, 0.4413306044741375]
[0.092459281883569208, -0.017029428196043583, 0.0017965988096109143, 1.4460138573444172, 1.5745515684644102, 1.4671267225772981, 1.4378776965243807, 1.5007526622416665, 1.6, 1, 1, 0.38862670660589693, 0.9180872516543485, 0.04260208887487105, 0.4413306044741375]
[0.091093056320784863, -0.017029428196043583, 0.0017965988096109143, 1.4427962854433283, 1.5745515684644102, 1.4687894054600725, 1.444136683055915, 1.4727919244765262, 1.6, 1, 1, 0.38862670660589693, 0.9180872516543485, 0.04260208887487105, 0.4413306044741375]
[0.092459281883569208, -0.017029428196043583, 0.0017965988096109143, 1.4393083138486358, 1.5745515684644102, 1.4671267225772981, 1.444136683055915, 1.4727919244765262, 1.6, 1, 1, 0.38862670660589693, 0.9180872516543485, 0.04260208887487105, 0.4413306044741375]
[0.092459281883569208, -0.017029428196043583, 0.0017965988096109143, 1.4460138573444172, 1.5745515684644102, 1.4671267225772981, 1.4378776965243807, 1.5007526622416665, 1.6, 1, 1, 0.38862670660589693, 0.9180872516543485, 0.04260208887487105, 0.4413306044741375]
[0.092459281883569208, -0.017029428196043583, 0.0017965988096109143, 1.4460138573444172, 1.5745515684644102, 1.4671267225772981, 1.4361839178660947, 1.4727919244765262, 1.6, 1, 1, 0.38862670660589693, 0.9180872516543485, 0.04260208887487105, 0.4413306044741375]
[0.092459281883569208, -0.017029428196043583, 0.0017965988096109143, 1.4284961457073417, 1.5745515684644102, 1.4671267225772981, 1.444136683055915, 1.4727919244765262, 1.6, 1, 1, 1, 0.9180872516543485, 0.04260208887487105, 0.4413306044741375]
[0.092459281883569208, -0.017331352250828606, 0.0017965988096109143, 1.4393083138486358, 1.5745515684644102, 1.4671267225772981, 1.444136683055915, 1.4727919244765262, 1.6, 1, 1, 1, 0.9180872516543485, 1, 0.4413306044741375]
[0.091506265137633214, -0.017029428196043583, 0.0017965988096109143, 1.4393083138486358, 1.5745515684644102, 1.4671267225772981, 1.4361839178660947, 1.4727919244765262, 1.6, 1, 1, 0.38862670660589693, 0.9180872516543485, 0.04260208887487105, 0.4413306044741375]
