Score=0.0527588785157
[0.05041937961519357, -0.074266226249808776, -0.01428994507480663, 1.4434430052790832, 1.4120063592275964, 1.5303934481278136, 1.4054572056985186, 1.4913595472582686, 1.4120723921042531, 0.007406575063170773, 0.0842683513316691, 1, 1, 1, 0.07912561492796688]

Score=0.24089897488
[0.05041937961519357, -0.074266226249808776, -0.01428994507480663, 1.4434430052790832, 1.4232576525918943, 1.5410830543280163, 1.4054572056985186, 1.5069128502302496, 1.4234654116125072, 0.007406575063170773, 0.0842683513316691, 0.7876362772807604, 1, 1, 0.07912561492796688]

Score=0.169604703955
[0.05041937961519357, -0.074266226249808776, -0.01428994507480663, 1.4466937480877713, 1.4120063592275964, 1.5303934481278136, 1.4054572056985186, 1.5069128502302496, 1.4135256238051763, 0.007406575063170773, 0.0842683513316691, 1, 1, 1, 1]

Score=0.0168250359334
[0.05041937961519357, -0.074266226249808776, -0.01428994507480663, 1.4466937480877713, 1.4232576525918943, 1.5316200357554766, 1.4054572056985186, 1.4902620742207739, 1.4234654116125072, 0.007406575063170773, 0.0842683513316691, 1, 1, 1, 0.07912561492796688]

Score=0.21395793798
[0.050677394723104521, -0.074266226249808776, -0.01428994507480663, 1.4466937480877713, 1.4232576525918943, 1.5303934481278136, 1.4080730999289006, 1.4902620742207739, 1.4234654116125072, 0.007406575063170773, 0.0842683513316691, 1, 0.9651939271226085, 1, 0.07912561492796688]

Score=0.160620045007
[0.05041937961519357, -0.074266226249808776, -0.01428994507480663, 1.438985708943719, 1.4120063592275964, 1.5303934481278136, 1.4054572056985186, 1.4902620742207739, 1.4234654116125072, 0.007406575063170773, 0.0842683513316691, 1, 1, 1, 0.07912561492796688]

Score=0.0971765314189
[0.05041937961519357, -0.074266226249808776, -0.01428994507480663, 1.438985708943719, 1.4120063592275964, 1.5303934481278136, 1.4054572056985186, 1.4902620742207739, 1.4135256238051763, 0.007406575063170773, 0.0842683513316691, 0.7876362772807604, 1, 1, 0.07912561492796688]

Score=0.168210938099
[0.05041937961519357, -0.074266226249808776, -0.014429752651340822, 1.438985708943719, 1.4120063592275964, 1.5303934481278136, 1.4054572056985186, 1.4902620742207739, 1.4135256238051763, 0.007406575063170773, 0.0842683513316691, 0.7876362772807604, 1, 1, 0.07912561492796688]

Score=0.386945296506
[0.049735254311293338, -0.074266226249808776, -0.01428994507480663, 1.4466937480877713, 1.4120063592275964, 1.5303934481278136, 1.4054572056985186, 1.4982755284830196, 1.4234654116125072, 0.007406575063170773, 1, 0.7876362772807604, 0.9651939271226085, 1, 0.07912561492796688]

Score=0.09188758962
[0.05041937961519357, -0.074266226249808776, -0.01428994507480663, 1.438985708943719, 1.4232576525918943, 1.5303934481278136, 1.4080730999289006, 1.4902620742207739, 1.4135256238051763, 0.007406575063170773, 0.0842683513316691, 0.7876362772807604, 1, 1, 0.07912561492796688]

Score=0.0534346415168
[0.05041937961519357, -0.074266226249808776, -0.01428994507480663, 1.438985708943719, 1.4270725172557801, 1.5300523992819794, 1.4054572056985186, 1.4902620742207739, 1.4135256238051763, 0.007406575063170773, 0.0842683513316691, 0.7876362772807604, 1, 1, 0.07912561492796688]

Score=0.0741598492647
[0.049591949842477681, -0.074266226249808776, -0.012732544564778502, 1.438985708943719, 1.4270725172557801, 1.5300523992819794, 1.4054572056985186, 1.4902620742207739, 1.4135256238051763, 0.007406575063170773, 0.0842683513316691, 0.7876362772807604, 0.9651939271226085, 1, 0.07912561492796688]

Score=0.122729284022
[0.05041937961519357, -0.074266226249808776, -0.01428994507480663, 1.438985708943719, 1.4120063592275964, 1.5303934481278136, 1.4080730999289006, 1.4902620742207739, 1.4135256238051763, 0.007406575063170773, 0.0842683513316691, 0.7876362772807604, 0.9651939271226085, 1, 0.07912561492796688]

Score=0.0204025907946
[0.049735254311293338, -0.073648724786538985, -0.014609903817146296, 1.438985708943719, 1.4232576525918943, 1.5300523992819794, 1.4054572056985186, 1.4902620742207739, 1.4135256238051763, 0.007406575063170773, 0.0842683513316691, 0.7876362772807604, 0.9651939271226085, 1, 0.07912561492796688]

Score=0.135953508634
[0.050677394723104521, -0.073648724786538985, -0.014609903817146296, 1.4466937480877713, 1.4352285874437132, 1.5300523992819794, 1.4051603275924758, 1.4902620742207739, 1.4234654116125072, 0.007406575063170773, 0.0842683513316691, 0.7876362772807604, 0.9651939271226085, 1, 0.07912561492796688]

Score=0.00908128612041
[0.049735254311293338, -0.073648724786538985, -0.014609903817146296, 1.4525620235236132, 1.4270725172557801, 1.5300523992819794, 1.4054572056985186, 1.4902620742207739, 1.4135256238051763, 0.007406575063170773, 0.0842683513316691, 0.7876362772807604, 0.9651939271226085, 1, 0.07912561492796688]

Score=0.499990183647
[0.049735254311293338, -0.073648724786538985, -0.014609903817146296, 1.4466937480877713, 1.4207705479769994, 1.5303934481278136, 1.4054572056985186, 1.4902620742207739, 1.4135256238051763, 0.007406575063170773, 1, 1, 0.9651939271226085, 1, 0.07912561492796688]

Score=0.161201202436
[0.050677394723104521, -0.074266226249808776, -0.012978302358790054, 1.4466937480877713, 1.422275868642872, 1.5303934481278136, 1.4051603275924758, 1.4902620742207739, 1.4120723921042531, 0.007406575063170773, 0.0842683513316691, 1, 0.9651939271226085, 1, 0.07912561492796688]

Score=0.0645291624348
[0.050677394723104521, -0.074266226249808776, -0.012978302358790054, 1.4466937480877713, 1.4352285874437132, 1.5303934481278136, 1.4051603275924758, 1.4902620742207739, 1.4120723921042531, 0.007406575063170773, 0.0842683513316691, 1, 0.9651939271226085, 1, 0.07912561492796688]

Score=0.0555119729136
[0.050677394723104521, -0.074266226249808776, -0.01428994507480663, 1.4466937480877713, 1.4207705479769994, 1.5300523992819794, 1.4054572056985186, 1.4902620742207739, 1.4234654116125072, 0.007406575063170773, 0.0842683513316691, 1, 0.9651939271226085, 1, 0.07912561492796688]

Score=0.185460567351
[0.050677394723104521, -0.074266226249808776, -0.012978302358790054, 1.4466937480877713, 1.4232576525918943, 1.5303934481278136, 1.4054572056985186, 1.505089628273621, 1.4045769283662273, 0.007406575063170773, 0.0842683513316691, 1, 0.9651939271226085, 1, 0.07912561492796688]

Score=0.0969670821414
[0.050677394723104521, -0.074266226249808776, -0.013584904542456892, 1.4466937480877713, 1.422275868642872, 1.5303934481278136, 1.4051603275924758, 1.4902620742207739, 1.4120723921042531, 0.007406575063170773, 0.0842683513316691, 1, 0.9651939271226085, 1, 0.07912561492796688]

Score=0.0708828102193
[0.049735254311293338, -0.074266226249808776, -0.012978302358790054, 1.4466937480877713, 1.4352285874437132, 1.5303934481278136, 1.4054572056985186, 1.4902620742207739, 1.4234654116125072, 0.007406575063170773, 0.0842683513316691, 1, 0.9651939271226085, 1, 0.07912561492796688]

Score=0.0453972070734
[0.050677394723104521, -0.074266226249808776, -0.01428994507480663, 1.4466937480877713, 1.422275868642872, 1.5303934481278136, 1.4051603275924758, 1.4902620742207739, 1.4234654116125072, 0.007406575063170773, 0.0842683513316691, 1, 0.9651939271226085, 1, 0.07912561492796688]

Score=0.113590746755
[0.05041937961519357, -0.074266226249808776, -0.01428994507480663, 1.4466937480877713, 1.4232576525918943, 1.5300523992819794, 1.4054572056985186, 1.505089628273621, 1.4045769283662273, 0.007406575063170773, 0.0842683513316691, 1, 0.9651939271226085, 1, 0.07912561492796688]

Score=0.166413810888
[0.05041937961519357, -0.074266226249808776, -0.01428994507480663, 1.4466937480877713, 1.4232576525918943, 1.5300523992819794, 1.4054572056985186, 1.505089628273621, 1.4045769283662273, 0.007406575063170773, 0.0842683513316691, 1, 0.9651939271226085, 1, 0.07912561492796688]

Score=0.248959051287
[0.050677394723104521, -0.074266226249808776, -0.01428994507480663, 1.4466937480877713, 1.4232576525918943, 1.5300523992819794, 1.4054572056985186, 1.4902620742207739, 1.4045769283662273, 0.007406575063170773, 0.0842683513316691, 1, 0.9651939271226085, 1, 1]

Score=0.20186295102
[0.05041937961519357, -0.074266226249808776, -0.012978302358790054, 1.4466937480877713, 1.4352285874437132, 1.5353954752804742, 1.4054572056985186, 1.4913595472582686, 1.4201855032309403, 0.007406575063170773, 0.0842683513316691, 1, 1, 1, 0.07912561492796688]

Score=0.150438295642
[0.05041937961519357, -0.074266226249808776, -0.01428994507480663, 1.4434430052790832, 1.4120063592275964, 1.5303934481278136, 1.4054572056985186, 1.4902620742207739, 1.4193114284856287, 0.007406575063170773, 0.0842683513316691, 1, 1, 1, 0.07912561492796688]

Score=0.0390379538134
[0.050677394723104521, -0.074266226249808776, -0.012978302358790054, 1.4466937480877713, 1.4232576525918943, 1.5410830543280163, 1.4054572056985186, 1.4902620742207739, 1.4234654116125072, 0.007406575063170773, 0.0842683513316691, 1, 0.9651939271226085, 1, 0.07912561492796688]




Final Population
[0.05041937961519357, -0.074266226249808776, -0.01428994507480663, 1.4434430052790832, 1.4120063592275964, 1.5303934481278136, 1.4054572056985186, 1.4913595472582686, 1.4120723921042531, 0.007406575063170773, 0.0842683513316691, 1, 1, 1, 0.07912561492796688]
[0.05041937961519357, -0.074266226249808776, -0.01428994507480663, 1.4434430052790832, 1.4232576525918943, 1.5410830543280163, 1.4054572056985186, 1.5069128502302496, 1.4234654116125072, 0.007406575063170773, 0.0842683513316691, 0.7876362772807604, 1, 1, 0.07912561492796688]
[0.05041937961519357, -0.074266226249808776, -0.01428994507480663, 1.4466937480877713, 1.4120063592275964, 1.5303934481278136, 1.4054572056985186, 1.5069128502302496, 1.4135256238051763, 0.007406575063170773, 0.0842683513316691, 1, 1, 1, 1]
[0.05041937961519357, -0.074266226249808776, -0.01428994507480663, 1.4466937480877713, 1.4232576525918943, 1.5316200357554766, 1.4054572056985186, 1.4902620742207739, 1.4234654116125072, 0.007406575063170773, 0.0842683513316691, 1, 1, 1, 0.07912561492796688]
[0.050677394723104521, -0.074266226249808776, -0.01428994507480663, 1.4466937480877713, 1.4232576525918943, 1.5303934481278136, 1.4080730999289006, 1.4902620742207739, 1.4234654116125072, 0.007406575063170773, 0.0842683513316691, 1, 0.9651939271226085, 1, 0.07912561492796688]
[0.05041937961519357, -0.074266226249808776, -0.01428994507480663, 1.438985708943719, 1.4120063592275964, 1.5303934481278136, 1.4054572056985186, 1.4902620742207739, 1.4234654116125072, 0.007406575063170773, 0.0842683513316691, 1, 1, 1, 0.07912561492796688]
[0.05041937961519357, -0.074266226249808776, -0.01428994507480663, 1.438985708943719, 1.4120063592275964, 1.5303934481278136, 1.4054572056985186, 1.4902620742207739, 1.4135256238051763, 0.007406575063170773, 0.0842683513316691, 0.7876362772807604, 1, 1, 0.07912561492796688]
[0.05041937961519357, -0.074266226249808776, -0.014429752651340822, 1.438985708943719, 1.4120063592275964, 1.5303934481278136, 1.4054572056985186, 1.4902620742207739, 1.4135256238051763, 0.007406575063170773, 0.0842683513316691, 0.7876362772807604, 1, 1, 0.07912561492796688]
[0.049735254311293338, -0.074266226249808776, -0.01428994507480663, 1.4466937480877713, 1.4120063592275964, 1.5303934481278136, 1.4054572056985186, 1.4982755284830196, 1.4234654116125072, 0.007406575063170773, 1, 0.7876362772807604, 0.9651939271226085, 1, 0.07912561492796688]
[0.05041937961519357, -0.074266226249808776, -0.01428994507480663, 1.438985708943719, 1.4232576525918943, 1.5303934481278136, 1.4080730999289006, 1.4902620742207739, 1.4135256238051763, 0.007406575063170773, 0.0842683513316691, 0.7876362772807604, 1, 1, 0.07912561492796688]
[0.05041937961519357, -0.074266226249808776, -0.01428994507480663, 1.438985708943719, 1.4270725172557801, 1.5300523992819794, 1.4054572056985186, 1.4902620742207739, 1.4135256238051763, 0.007406575063170773, 0.0842683513316691, 0.7876362772807604, 1, 1, 0.07912561492796688]
[0.049591949842477681, -0.074266226249808776, -0.012732544564778502, 1.438985708943719, 1.4270725172557801, 1.5300523992819794, 1.4054572056985186, 1.4902620742207739, 1.4135256238051763, 0.007406575063170773, 0.0842683513316691, 0.7876362772807604, 0.9651939271226085, 1, 0.07912561492796688]
[0.05041937961519357, -0.074266226249808776, -0.01428994507480663, 1.438985708943719, 1.4120063592275964, 1.5303934481278136, 1.4080730999289006, 1.4902620742207739, 1.4135256238051763, 0.007406575063170773, 0.0842683513316691, 0.7876362772807604, 0.9651939271226085, 1, 0.07912561492796688]
[0.049735254311293338, -0.073648724786538985, -0.014609903817146296, 1.438985708943719, 1.4232576525918943, 1.5300523992819794, 1.4054572056985186, 1.4902620742207739, 1.4135256238051763, 0.007406575063170773, 0.0842683513316691, 0.7876362772807604, 0.9651939271226085, 1, 0.07912561492796688]
[0.050677394723104521, -0.073648724786538985, -0.014609903817146296, 1.4466937480877713, 1.4352285874437132, 1.5300523992819794, 1.4051603275924758, 1.4902620742207739, 1.4234654116125072, 0.007406575063170773, 0.0842683513316691, 0.7876362772807604, 0.9651939271226085, 1, 0.07912561492796688]
[0.049735254311293338, -0.073648724786538985, -0.014609903817146296, 1.4525620235236132, 1.4270725172557801, 1.5300523992819794, 1.4054572056985186, 1.4902620742207739, 1.4135256238051763, 0.007406575063170773, 0.0842683513316691, 0.7876362772807604, 0.9651939271226085, 1, 0.07912561492796688]
[0.049735254311293338, -0.073648724786538985, -0.014609903817146296, 1.4466937480877713, 1.4207705479769994, 1.5303934481278136, 1.4054572056985186, 1.4902620742207739, 1.4135256238051763, 0.007406575063170773, 1, 1, 0.9651939271226085, 1, 0.07912561492796688]
[0.050677394723104521, -0.074266226249808776, -0.012978302358790054, 1.4466937480877713, 1.422275868642872, 1.5303934481278136, 1.4051603275924758, 1.4902620742207739, 1.4120723921042531, 0.007406575063170773, 0.0842683513316691, 1, 0.9651939271226085, 1, 0.07912561492796688]
[0.050677394723104521, -0.074266226249808776, -0.012978302358790054, 1.4466937480877713, 1.4352285874437132, 1.5303934481278136, 1.4051603275924758, 1.4902620742207739, 1.4120723921042531, 0.007406575063170773, 0.0842683513316691, 1, 0.9651939271226085, 1, 0.07912561492796688]
[0.050677394723104521, -0.074266226249808776, -0.01428994507480663, 1.4466937480877713, 1.4207705479769994, 1.5300523992819794, 1.4054572056985186, 1.4902620742207739, 1.4234654116125072, 0.007406575063170773, 0.0842683513316691, 1, 0.9651939271226085, 1, 0.07912561492796688]
[0.050677394723104521, -0.074266226249808776, -0.012978302358790054, 1.4466937480877713, 1.4232576525918943, 1.5303934481278136, 1.4054572056985186, 1.505089628273621, 1.4045769283662273, 0.007406575063170773, 0.0842683513316691, 1, 0.9651939271226085, 1, 0.07912561492796688]
[0.050677394723104521, -0.074266226249808776, -0.013584904542456892, 1.4466937480877713, 1.422275868642872, 1.5303934481278136, 1.4051603275924758, 1.4902620742207739, 1.4120723921042531, 0.007406575063170773, 0.0842683513316691, 1, 0.9651939271226085, 1, 0.07912561492796688]
[0.049735254311293338, -0.074266226249808776, -0.012978302358790054, 1.4466937480877713, 1.4352285874437132, 1.5303934481278136, 1.4054572056985186, 1.4902620742207739, 1.4234654116125072, 0.007406575063170773, 0.0842683513316691, 1, 0.9651939271226085, 1, 0.07912561492796688]
[0.050677394723104521, -0.074266226249808776, -0.01428994507480663, 1.4466937480877713, 1.422275868642872, 1.5303934481278136, 1.4051603275924758, 1.4902620742207739, 1.4234654116125072, 0.007406575063170773, 0.0842683513316691, 1, 0.9651939271226085, 1, 0.07912561492796688]
[0.05041937961519357, -0.074266226249808776, -0.01428994507480663, 1.4466937480877713, 1.4232576525918943, 1.5300523992819794, 1.4054572056985186, 1.505089628273621, 1.4045769283662273, 0.007406575063170773, 0.0842683513316691, 1, 0.9651939271226085, 1, 0.07912561492796688]
[0.05041937961519357, -0.074266226249808776, -0.01428994507480663, 1.4466937480877713, 1.4232576525918943, 1.5300523992819794, 1.4054572056985186, 1.505089628273621, 1.4045769283662273, 0.007406575063170773, 0.0842683513316691, 1, 0.9651939271226085, 1, 0.07912561492796688]
[0.050677394723104521, -0.074266226249808776, -0.01428994507480663, 1.4466937480877713, 1.4232576525918943, 1.5300523992819794, 1.4054572056985186, 1.4902620742207739, 1.4045769283662273, 0.007406575063170773, 0.0842683513316691, 1, 0.9651939271226085, 1, 1]
[0.05041937961519357, -0.074266226249808776, -0.012978302358790054, 1.4466937480877713, 1.4352285874437132, 1.5353954752804742, 1.4054572056985186, 1.4913595472582686, 1.4201855032309403, 0.007406575063170773, 0.0842683513316691, 1, 1, 1, 0.07912561492796688]
[0.05041937961519357, -0.074266226249808776, -0.01428994507480663, 1.4434430052790832, 1.4120063592275964, 1.5303934481278136, 1.4054572056985186, 1.4902620742207739, 1.4193114284856287, 0.007406575063170773, 0.0842683513316691, 1, 1, 1, 0.07912561492796688]
[0.050677394723104521, -0.074266226249808776, -0.012978302358790054, 1.4466937480877713, 1.4232576525918943, 1.5410830543280163, 1.4054572056985186, 1.4902620742207739, 1.4234654116125072, 0.007406575063170773, 0.0842683513316691, 1, 0.9651939271226085, 1, 0.07912561492796688]
